Feb. 3, 2006   00:53:40
Cyclic Voltammetry
File: z:\users\scottsaunders\git\labwork\ida\01_23_19_psoralen_nonequil_3\data\control\2\75um_control_transfer_2_gc_8.txt
Data Source:  Experiment
Instrument Model:  CHI760E
Header: 
Note: 

Init E (V) = 0
High E (V) = 0
Low E (V) = -0.4
Init P/N = N
Scan Rate (V/s) = 0.003
Segment = 1
Sample Interval (V) = 0.001
Quiet Time (sec) = 2
Sensitivity (A/V) = 1e-7
2nd E (V) = 0
Sens 2 (A/V) = 1e-7

Potential/V, i1/A, i2/A, Time/s

0.000, -5.2547200e-8, -6.1446556e-8, 3.3333334e-1
-0.001, -4.2958373e-8, -5.3186351e-8, 6.6666669e-1
-0.002, -3.7028986e-8, -4.7016698e-8, 1.0000000e+0
-0.003, -3.2745369e-8, -4.2245865e-8, 1.3333334e+0
-0.004, -2.9337022e-8, -3.8469665e-8, 1.6666667e+0
-0.005, -2.6548362e-8, -3.5404575e-8, 2.0000000e+0
-0.006, -2.4171529e-8, -3.2879107e-8, 2.3333333e+0
-0.007, -2.2164830e-8, -3.0745422e-8, 2.6666665e+0
-0.008, -2.0413003e-8, -2.8927758e-8, 2.9999998e+0
-0.009, -1.8861121e-8, -2.7366436e-8, 3.3333330e+0
-0.010, -1.7535292e-8, -2.5986525e-8, 3.6666663e+0
-0.011, -1.6285991e-8, -2.4778924e-8, 3.9999995e+0
-0.012, -1.5163536e-8, -2.3708774e-8, 4.3333330e+0
-0.013, -1.4173356e-8, -2.2736595e-8, 4.6666665e+0
-0.014, -1.3231952e-8, -2.1857190e-8, 5.0000000e+0
-0.015, -1.2402394e-8, -2.1060160e-8, 5.3333335e+0
-0.016, -1.1623856e-8, -2.0337588e-8, 5.6666670e+0
-0.017, -1.0883700e-8, -1.9670320e-8, 6.0000005e+0
-0.018, -1.0223620e-8, -1.9059314e-8, 6.3333340e+0
-0.019, -8.4550198e-9, -1.8340520e-8, 6.6666675e+0
-0.020, -8.5653280e-9, -1.7847578e-8, 7.0000010e+0
-0.021, -8.4043537e-9, -1.7462062e-8, 7.3333344e+0
-0.022, -7.6392785e-9, -1.6986846e-8, 7.6666679e+0
-0.023, -7.0928134e-9, -1.6516003e-8, 8.0000010e+0
-0.024, -6.8691253e-9, -1.6165943e-8, 8.3333340e+0
-0.025, -6.5857955e-9, -1.5820847e-8, 8.6666670e+0
-0.026, -6.2085728e-9, -1.5460506e-8, 9.0000000e+0
-0.027, -5.7945018e-9, -1.5116473e-8, 9.3333330e+0
-0.028, -5.4100746e-9, -1.4782960e-8, 9.6666660e+0
-0.029, -5.0668656e-9, -1.4471073e-8, 9.9999990e+0
-0.030, -4.7026343e-9, -1.4174314e-8, 1.0333332e+1
-0.031, -4.3817474e-9, -1.3889491e-8, 1.0666665e+1
-0.032, -4.0597974e-9, -1.3619797e-8, 1.0999998e+1
-0.033, -3.7480037e-9, -1.3362511e-8, 1.1333331e+1
-0.034, -3.5010490e-9, -1.3116336e-8, 1.1666664e+1
-0.035, -3.2087430e-9, -1.2879968e-8, 1.1999997e+1
-0.036, -2.9385223e-9, -1.2652701e-8, 1.2333330e+1
-0.037, -2.6755058e-9, -1.2430633e-8, 1.2666663e+1
-0.038, -2.4072926e-9, -1.2218967e-8, 1.2999996e+1
-0.039, -2.1761639e-9, -1.2013563e-8, 1.3333329e+1
-0.040, -1.9347604e-9, -1.1815843e-8, 1.3666662e+1
-0.041, -1.6885144e-9, -1.1626513e-8, 1.3999995e+1
-0.042, -1.5046273e-9, -1.1446519e-8, 1.4333328e+1
-0.043, -1.2721996e-9, -1.1271608e-8, 1.4666661e+1
-0.044, -1.0540624e-9, -1.1099887e-8, 1.4999994e+1
-0.045, -8.6143559e-10, -1.0926275e-8, 1.5333327e+1
-0.046, -6.5014832e-10, -1.0769800e-8, 1.5666660e+1
-0.047, -4.7925253e-10, -1.0616516e-8, 1.5999993e+1
-0.048, -2.9548344e-10, -1.0471860e-8, 1.6333326e+1
-0.049, -1.0533677e-10, -1.0327320e-8, 1.6666660e+1
-0.050, 5.5402124e-11, -1.0190110e-8, 1.6999994e+1
-0.051, 2.5665056e-10, -1.0051481e-8, 1.7333328e+1
-0.052, 4.0109110e-10, -9.9192334e-9, 1.7666662e+1
-0.053, 5.4931104e-10, -9.7895851e-9, 1.7999996e+1
-0.054, 7.1123096e-10, -9.6639567e-9, 1.8333330e+1
-0.055, 8.5437252e-10, -9.5404546e-9, 1.8666664e+1
-0.056, 1.0069622e-9, -9.4242809e-9, 1.8999998e+1
-0.057, 1.1665201e-9, -9.3168522e-9, 1.9333332e+1
-0.058, 1.2992684e-9, -9.2022141e-9, 1.9666666e+1
-0.059, 1.4522126e-9, -9.0927754e-9, 2.0000000e+1
-0.060, 1.5862599e-9, -8.9909014e-9, 2.0333334e+1
-0.061, 1.6631453e-9, -8.8921004e-9, 2.0666668e+1
-0.062, 1.8149086e-9, -8.7903445e-9, 2.1000002e+1
-0.063, 1.9423421e-9, -8.6926066e-9, 2.1333336e+1
-0.064, 2.0631621e-9, -8.5980592e-9, 2.1666670e+1
-0.065, 2.2022881e-9, -8.5103666e-9, 2.2000004e+1
-0.066, 2.2841335e-9, -8.4227931e-9, 2.2333338e+1
-0.067, 2.3983400e-9, -8.3327372e-9, 2.2666672e+1
-0.068, 2.5112470e-9, -8.2501268e-9, 2.3000006e+1
-0.069, 2.6263978e-9, -8.1631439e-9, 2.3333340e+1
-0.070, 2.7432021e-9, -8.0797058e-9, 2.3666674e+1
-0.071, 2.7961127e-9, -8.0089135e-9, 2.4000008e+1
-0.072, 2.9081928e-9, -7.9298497e-9, 2.4333342e+1
-0.073, 3.0244067e-9, -7.8543305e-9, 2.4666676e+1
-0.074, 3.0865290e-9, -7.7789295e-9, 2.5000010e+1
-0.075, 3.1989638e-9, -7.7073095e-9, 2.5333344e+1
-0.076, 3.2903762e-9, -7.6342728e-9, 2.5666677e+1
-0.077, 3.3620644e-9, -7.5651352e-9, 2.6000011e+1
-0.078, 3.4658776e-9, -7.5014350e-9, 2.6333345e+1
-0.079, 3.5577621e-9, -7.4325333e-9, 2.6666679e+1
-0.080, 3.6338210e-9, -7.3661135e-9, 2.7000013e+1
-0.081, 3.7403503e-9, -7.2949673e-9, 2.7333347e+1
-0.082, 3.7976307e-9, -7.2318569e-9, 2.7666681e+1
-0.083, 3.9029788e-9, -7.1688655e-9, 2.8000015e+1
-0.084, 3.9919108e-9, -7.1128468e-9, 2.8333349e+1
-0.085, 4.0452934e-9, -7.0509181e-9, 2.8666683e+1
-0.086, 4.1413113e-9, -6.9860353e-9, 2.9000017e+1
-0.087, 4.2153623e-9, -6.9242256e-9, 2.9333351e+1
-0.088, 4.3097272e-9, -6.8667880e-9, 2.9666685e+1
-0.089, 4.4009032e-9, -6.8056867e-9, 3.0000019e+1
-0.090, 4.4461368e-9, -6.7489596e-9, 3.0333353e+1
-0.091, 4.5553827e-9, -6.6880941e-9, 3.0666687e+1
-0.092, 4.6379371e-9, -6.6288850e-9, 3.1000021e+1
-0.093, 4.6374646e-9, -6.5871655e-9, 3.1333355e+1
-0.094, 4.7845035e-9, -6.5309109e-9, 3.1666689e+1
-0.095, 4.8535940e-9, -6.4798558e-9, 3.2000023e+1
-0.096, 4.9275268e-9, -6.4304548e-9, 3.2333355e+1
-0.097, 5.0107896e-9, -6.3801080e-9, 3.2666687e+1
-0.098, 5.0647628e-9, -6.3265713e-9, 3.3000019e+1
-0.099, 5.1493254e-9, -6.2788250e-9, 3.3333351e+1
-0.100, 5.2249116e-9, -6.2341514e-9, 3.3666683e+1
-0.101, 5.2987263e-9, -6.1878240e-9, 3.4000015e+1
-0.102, 5.3948628e-9, -6.1412591e-9, 3.4333347e+1
-0.103, 5.4723386e-9, -6.0996590e-9, 3.4666679e+1
-0.104, 5.5161546e-9, -6.0578222e-9, 3.5000011e+1
-0.105, 5.5952842e-9, -6.0197669e-9, 3.5333344e+1
-0.106, 5.6276446e-9, -5.9788752e-9, 3.5666676e+1
-0.107, 5.7137419e-9, -5.9320744e-9, 3.6000008e+1
-0.108, 5.7867302e-9, -5.8956737e-9, 3.6333340e+1
-0.109, 5.8176730e-9, -5.8616370e-9, 3.6666672e+1
-0.110, 5.9142820e-9, -5.8195639e-9, 3.7000004e+1
-0.111, 5.9738059e-9, -5.7778449e-9, 3.7333336e+1
-0.112, 6.0377001e-9, -5.7434537e-9, 3.7666668e+1
-0.113, 6.1281669e-9, -5.7069349e-9, 3.8000000e+1
-0.114, 6.1678498e-9, -5.6762071e-9, 3.8333332e+1
-0.115, 6.2470975e-9, -5.6419340e-9, 3.8666664e+1
-0.116, 6.3161880e-9, -5.6071880e-9, 3.8999996e+1
-0.117, 6.3675634e-9, -5.5725602e-9, 3.9333328e+1
-0.118, 6.4449215e-9, -5.5394689e-9, 3.9666660e+1
-0.119, 6.4835408e-9, -5.5101594e-9, 3.9999992e+1
-0.120, 6.5590084e-9, -5.4783680e-9, 4.0333324e+1
-0.121, 6.6638850e-9, -5.4433853e-9, 4.0666656e+1
-0.122, 6.7106538e-9, -5.4145484e-9, 4.0999989e+1
-0.123, 6.7808070e-9, -5.3835847e-9, 4.1333321e+1
-0.124, 6.8663142e-9, -5.3504929e-9, 4.1666653e+1
-0.125, 6.9029267e-9, -5.3158655e-9, 4.1999985e+1
-0.126, 6.9913857e-9, -5.2901017e-9, 4.2333317e+1
-0.127, 7.0588233e-9, -5.2622098e-9, 4.2666649e+1
-0.128, 7.1223627e-9, -5.2343188e-9, 4.2999981e+1
-0.129, 7.2136568e-9, -5.2070184e-9, 4.3333313e+1
-0.130, 7.2607800e-9, -5.1824363e-9, 4.3666645e+1
-0.131, 7.3413267e-9, -5.1489901e-9, 4.3999977e+1
-0.132, 7.4127793e-9, -5.1231082e-9, 4.4333309e+1
-0.133, 7.4784454e-9, -5.0986442e-9, 4.4666641e+1
-0.134, 7.5659594e-9, -5.0728799e-9, 4.4999973e+1
-0.135, 7.6442621e-9, -5.0394338e-9, 4.5333305e+1
-0.136, 7.7054398e-9, -5.0168611e-9, 4.5666637e+1
-0.137, 7.8005131e-9, -4.9883790e-9, 4.5999969e+1
-0.138, 7.8377163e-9, -4.9682876e-9, 4.6333302e+1
-0.139, 7.9373947e-9, -4.9494964e-9, 4.6666634e+1
-0.140, 8.0211304e-9, -4.9288138e-9, 4.6999966e+1
-0.141, 8.0732141e-9, -4.9048232e-9, 4.7333298e+1
-0.142, 8.1733660e-9, -4.8789404e-9, 4.7666630e+1
-0.143, 8.2510789e-9, -4.8561315e-9, 4.7999962e+1
-0.144, 8.3279632e-9, -4.8376942e-9, 4.8333294e+1
-0.145, 8.4268157e-9, -4.8176036e-9, 4.8666626e+1
-0.146, 8.5146850e-9, -4.7953854e-9, 4.8999958e+1
-0.147, 8.6238128e-9, -4.7726938e-9, 4.9333290e+1
-0.148, 8.7308143e-9, -4.7523661e-9, 4.9666622e+1
-0.149, 8.8204555e-9, -4.7308570e-9, 4.9999954e+1
-0.150, 8.9450545e-9, -4.7033204e-9, 5.0333286e+1
-0.151, 9.0456789e-9, -4.6839381e-9, 5.0666618e+1
-0.152, 9.1757109e-9, -4.6528554e-9, 5.0999950e+1
-0.153, 9.3169623e-9, -4.6384372e-9, 5.1333282e+1
-0.154, 9.4340029e-9, -4.6210644e-9, 5.1666615e+1
-0.155, 9.5802148e-9, -4.6002637e-9, 5.1999947e+1
-0.156, 9.7342214e-9, -4.5808819e-9, 5.2333279e+1
-0.157, 9.8698054e-9, -4.5578363e-9, 5.2666611e+1
-0.158, 1.0030425e-8, -4.5398720e-9, 5.2999943e+1
-0.159, 1.0176402e-8, -4.5224993e-9, 5.3333275e+1
-0.160, 1.0324149e-8, -4.5035895e-9, 5.3666607e+1
-0.161, 1.0483825e-8, -4.4844439e-9, 5.3999939e+1
-0.162, 1.0619999e-8, -4.4635255e-9, 5.4333271e+1
-0.163, 1.0714600e-8, -4.4499346e-9, 5.4666603e+1
-0.164, 1.0862584e-8, -4.4338613e-9, 5.4999935e+1
-0.165, 1.0992379e-8, -4.4065609e-9, 5.5333267e+1
-0.166, 1.1099027e-8, -4.4038426e-9, 5.5666599e+1
-0.167, 1.1200714e-8, -4.3872972e-9, 5.5999931e+1
-0.168, 1.1319880e-8, -4.3695696e-9, 5.6333263e+1
-0.169, 1.1481445e-8, -4.3378963e-9, 5.6666595e+1
-0.170, 1.1441408e-8, -4.3430961e-9, 5.6999928e+1
-0.171, 1.1591401e-8, -4.3316328e-9, 5.7333260e+1
-0.172, 1.1721077e-8, -4.3131960e-9, 5.7666592e+1
-0.173, 1.1810600e-8, -4.2957051e-9, 5.7999924e+1
-0.174, 1.1930121e-8, -4.2874322e-9, 5.8333256e+1
-0.175, 1.2011495e-8, -4.2758499e-9, 5.8666588e+1
-0.176, 1.2092514e-8, -4.2594226e-9, 5.8999920e+1
-0.177, 1.2192783e-8, -4.2472497e-9, 5.9333252e+1
-0.178, 1.2274747e-8, -4.2329495e-9, 5.9666584e+1
-0.179, 1.2361317e-8, -4.2191219e-9, 5.9999916e+1
-0.180, 1.2429345e-8, -4.2128581e-9, 6.0333248e+1
-0.181, 1.2442100e-8, -4.2195945e-9, 6.0666580e+1
-0.182, 1.2565045e-8, -4.2009218e-9, 6.0999912e+1
-0.183, 1.2651144e-8, -4.1866213e-9, 6.1333244e+1
-0.184, 1.2750587e-8, -4.1705488e-9, 6.1666576e+1
-0.185, 1.2850383e-8, -4.1606212e-9, 6.1999908e+1
-0.186, 1.2965063e-8, -4.1424206e-9, 6.2333241e+1
-0.187, 1.2992345e-8, -4.1488026e-9, 6.2666573e+1
-0.188, 1.3006516e-8, -4.1586121e-9, 6.2999905e+1
-0.189, 1.3076553e-8, -4.1614485e-9, 6.3333237e+1
-0.190, 1.3240006e-8, -4.1334389e-9, 6.3666569e+1
-0.191, 1.3343820e-8, -4.1178385e-9, 6.3999901e+1
-0.192, 1.3446571e-8, -4.1173660e-9, 6.4333237e+1
-0.193, 1.3578608e-8, -4.1102748e-9, 6.4666573e+1
-0.194, 1.3672502e-8, -4.1066111e-9, 6.4999908e+1
-0.195, 1.3798873e-8, -4.0997565e-9, 6.5333244e+1
-0.196, 1.3938472e-8, -4.0958565e-9, 6.5666580e+1
-0.197, 1.4069449e-8, -4.0911292e-9, 6.5999916e+1
-0.198, 1.4223100e-8, -4.0862838e-9, 6.6333252e+1
-0.199, 1.4356086e-8, -4.0786019e-9, 6.6666588e+1
-0.200, 1.4510212e-8, -4.0750563e-9, 6.6999924e+1
-0.201, 1.4677327e-8, -4.0755288e-9, 6.7333260e+1
-0.202, 1.4804879e-8, -4.0686743e-9, 6.7666595e+1
-0.203, 1.4992544e-8, -4.0697379e-9, 6.7999931e+1
-0.204, 1.5168167e-8, -4.0725743e-9, 6.8333267e+1
-0.205, 1.5367052e-8, -4.0732835e-9, 6.8666603e+1
-0.206, 1.5536294e-8, -4.0741108e-9, 6.8999939e+1
-0.207, 1.5695615e-8, -4.0802561e-9, 6.9333275e+1
-0.208, 1.5858008e-8, -4.0858108e-9, 6.9666611e+1
-0.209, 1.6062563e-8, -4.0905381e-9, 6.9999947e+1
-0.210, 1.6220350e-8, -4.0931383e-9, 7.0333282e+1
-0.211, 1.6414157e-8, -4.1002290e-9, 7.0666618e+1
-0.212, 1.6590015e-8, -4.1075570e-9, 7.0999954e+1
-0.213, 1.6737761e-8, -4.1096841e-9, 7.1333290e+1
-0.214, 1.6907713e-8, -4.1282386e-9, 7.1666626e+1
-0.215, 1.7046958e-8, -4.1440757e-9, 7.1999962e+1
-0.216, 1.7199309e-8, -4.1595576e-9, 7.2333298e+1
-0.217, 1.7365364e-8, -4.1731489e-9, 7.2666634e+1
-0.218, 1.7475790e-8, -4.1925308e-9, 7.2999969e+1
-0.219, 1.7644089e-8, -4.2201860e-9, 7.3333305e+1
-0.220, 1.7814925e-8, -4.2433492e-9, 7.3666641e+1
-0.221, 1.7950448e-8, -4.2660409e-9, 7.3999977e+1
-0.222, 1.8141128e-8, -4.2895594e-9, 7.4333313e+1
-0.223, 1.8309425e-8, -4.3208779e-9, 7.4666649e+1
-0.224, 1.8508310e-8, -4.3514876e-9, 7.4999985e+1
-0.225, 1.8729281e-8, -4.3870605e-9, 7.5333321e+1
-0.226, 1.8903426e-8, -4.4270068e-9, 7.5666656e+1
-0.227, 1.9134200e-8, -4.4701438e-9, 7.5999992e+1
-0.228, 1.9366036e-8, -4.5146988e-9, 7.6333328e+1
-0.229, 1.9591674e-8, -4.5570085e-9, 7.6666664e+1
-0.230, 1.9833962e-8, -4.6075912e-9, 7.7000000e+1
-0.231, 2.0069933e-8, -4.6582924e-9, 7.7333336e+1
-0.232, 2.0325393e-8, -4.7151385e-9, 7.7666672e+1
-0.233, 2.0613211e-8, -4.7744666e-9, 7.8000008e+1
-0.234, 2.0849418e-8, -4.8423039e-9, 7.8333344e+1
-0.235, 2.1168828e-8, -4.9109685e-9, 7.8666679e+1
-0.236, 2.1479146e-8, -4.9894422e-9, 7.9000015e+1
-0.237, 2.1790052e-8, -5.0642526e-9, 7.9333351e+1
-0.238, 2.2129246e-8, -5.1431992e-9, 7.9666687e+1
-0.239, 2.2461235e-8, -5.2298272e-9, 8.0000023e+1
-0.240, 2.2809465e-8, -5.3246110e-9, 8.0333359e+1
-0.241, 2.3197847e-8, -5.4242397e-9, 8.0666695e+1
-0.242, 2.3544482e-8, -5.5302500e-9, 8.1000031e+1
-0.243, 2.3933751e-8, -5.6380336e-9, 8.1333366e+1
-0.244, 2.4323787e-8, -5.7456990e-9, 8.1666702e+1
-0.245, 2.4702722e-8, -5.8624643e-9, 8.2000038e+1
-0.246, 2.5122461e-8, -5.9804117e-9, 8.2333374e+1
-0.247, 2.5505352e-8, -6.1029679e-9, 8.2666710e+1
-0.248, 2.5920546e-8, -6.2282424e-9, 8.3000046e+1
-0.249, 2.6351742e-8, -6.3636811e-9, 8.3333382e+1
-0.250, 2.6758787e-8, -6.5038464e-9, 8.3666718e+1
-0.251, 2.7190632e-8, -6.6420025e-9, 8.4000053e+1
-0.252, 2.7617103e-8, -6.7833508e-9, 8.4333389e+1
-0.253, 2.7983049e-8, -6.9272987e-9, 8.4666725e+1
-0.254, 2.8431371e-8, -7.0912192e-9, 8.5000061e+1
-0.255, 2.8865164e-8, -7.2475754e-9, 8.5333397e+1
-0.256, 2.9281479e-8, -7.3951862e-9, 8.5666733e+1
-0.257, 2.9732398e-8, -7.5396072e-9, 8.6000069e+1
-0.258, 3.0116823e-8, -7.7045916e-9, 8.6333405e+1
-0.259, 3.0542942e-8, -7.8654399e-9, 8.6666740e+1
-0.260, 3.0961381e-8, -8.0251050e-9, 8.7000076e+1
-0.261, 3.1367716e-8, -8.1793345e-9, 8.7333412e+1
-0.262, 3.1785685e-8, -8.3387643e-9, 8.7666748e+1
-0.263, 3.2180861e-8, -8.5035126e-9, 8.8000084e+1
-0.264, 3.2567591e-8, -8.6539602e-9, 8.8333420e+1
-0.265, 3.2965009e-8, -8.8137444e-9, 8.8666756e+1
-0.266, 3.3321268e-8, -8.9662011e-9, 8.9000092e+1
-0.267, 3.3716265e-8, -9.1177119e-9, 8.9333427e+1
-0.268, 3.4080497e-8, -9.2715871e-9, 8.9666763e+1
-0.269, 3.4416146e-8, -9.4227444e-9, 9.0000099e+1
-0.270, 3.4769510e-8, -9.5656283e-9, 9.0333435e+1
-0.271, 3.5081186e-8, -9.7055572e-9, 9.0666771e+1
-0.272, 3.5373198e-8, -9.8424140e-9, 9.1000107e+1
-0.273, 3.5697099e-8, -9.9640243e-9, 9.1333443e+1
-0.274, 3.5951846e-8, -1.0094618e-8, 9.1666779e+1
-0.275, 3.6221948e-8, -1.0218356e-8, 9.2000114e+1
-0.276, 3.6475399e-8, -1.0340676e-8, 9.2333450e+1
-0.277, 3.6685623e-8, -1.0461341e-8, 9.2666786e+1
-0.278, 3.6906890e-8, -1.0581889e-8, 9.3000122e+1
-0.279, 3.7084757e-8, -1.0703027e-8, 9.3333458e+1
-0.280, 3.7285822e-8, -1.0812701e-8, 9.3666794e+1
-0.281, 3.7480344e-8, -1.0925802e-8, 9.4000130e+1
-0.282, 3.7622950e-8, -1.1035596e-8, 9.4333466e+1
-0.283, 3.7811798e-8, -1.1147751e-8, 9.4666801e+1
-0.284, 3.7989192e-8, -1.1245489e-8, 9.5000137e+1
-0.285, 3.8123414e-8, -1.1351500e-8, 9.5333473e+1
-0.286, 3.8300808e-8, -1.1453019e-8, 9.5666809e+1
-0.287, 3.8448437e-8, -1.1553239e-8, 9.6000145e+1
-0.288, 3.8603975e-8, -1.1649086e-8, 9.6333481e+1
-0.289, 3.8757101e-8, -1.1743278e-8, 9.6666817e+1
-0.290, 3.8857785e-8, -1.1829198e-8, 9.7000153e+1
-0.291, 3.8996731e-8, -1.1915117e-8, 9.7333488e+1
-0.292, 3.9116610e-8, -1.1996900e-8, 9.7666824e+1
-0.293, 3.9213688e-8, -1.2073838e-8, 9.8000160e+1
-0.294, 3.9320870e-8, -1.2149830e-8, 9.8333496e+1
-0.295, 3.9387892e-8, -1.2216722e-8, 9.8666832e+1
-0.296, 3.9468613e-8, -1.2285859e-8, 9.9000168e+1
-0.297, 3.9552351e-8, -1.2357005e-8, 9.9333504e+1
-0.298, 3.9579927e-8, -1.2424134e-8, 9.9666840e+1
-0.299, 3.9655276e-8, -1.2486298e-8, 1.0000018e+2
-0.300, 3.9707597e-8, -1.2545980e-8, 1.0033351e+2
-0.301, 3.9732694e-8, -1.2604246e-8, 1.0066685e+2
-0.302, 3.9783007e-8, -1.2659319e-8, 1.0100018e+2
-0.303, 3.9819323e-8, -1.2711556e-8, 1.0133352e+2
-0.304, 3.9849027e-8, -1.2764976e-8, 1.0166685e+2
-0.305, 3.9900755e-8, -1.2817213e-8, 1.0200019e+2
-0.306, 3.9924316e-8, -1.2867086e-8, 1.0233353e+2
-0.307, 3.9975809e-8, -1.2915423e-8, 1.0266686e+2
-0.308, 4.0008409e-8, -1.2961160e-8, 1.0300020e+2
-0.309, 3.9996362e-8, -1.3009970e-8, 1.0333353e+2
-0.310, 4.0026183e-8, -1.3055943e-8, 1.0366687e+2
-0.311, 4.0040060e-8, -1.3101916e-8, 1.0400021e+2
-0.312, 4.0076610e-8, -1.3143755e-8, 1.0433354e+2
-0.313, 4.0131706e-8, -1.3180980e-8, 1.0466688e+2
-0.314, 4.0160881e-8, -1.3214191e-8, 1.0500021e+2
-0.315, 4.0216328e-8, -1.3244209e-8, 1.0533355e+2
-0.316, 4.0283943e-8, -1.3264537e-8, 1.0566689e+2
-0.317, 4.0307505e-8, -1.3280610e-8, 1.0600022e+2
-0.318, 4.0398916e-8, -1.3292429e-8, 1.0633356e+2
-0.319, 4.0491216e-8, -1.3287346e-8, 1.0666689e+2
-0.320, 4.0546077e-8, -1.3284154e-8, 1.0700023e+2
-0.321, 4.0671619e-8, -1.3269500e-8, 1.0733356e+2
-0.322, 4.0620183e-8, -1.3302828e-8, 1.0766690e+2
-0.323, 4.0609024e-8, -1.3317838e-8, 1.0800024e+2
-0.324, 4.0778858e-8, -1.3289829e-8, 1.0833357e+2
-0.325, 4.0842455e-8, -1.3295620e-8, 1.0866691e+2
-0.326, 4.0959730e-8, -1.3283683e-8, 1.0900024e+2
-0.327, 4.1069569e-8, -1.3267374e-8, 1.0933358e+2
-0.328, 4.1209464e-8, -1.3241965e-8, 1.0966692e+2
-0.329, 4.1345402e-8, -1.3229910e-8, 1.1000025e+2
-0.330, 4.1437932e-8, -1.3219628e-8, 1.1033359e+2
-0.331, 4.1598259e-8, -1.3204381e-8, 1.1066692e+2
-0.332, 4.1708095e-8, -1.3193035e-8, 1.1100026e+2
-0.333, 4.1807535e-8, -1.3180864e-8, 1.1133360e+2
-0.334, 4.1974243e-8, -1.3166800e-8, 1.1166693e+2
-0.335, 4.2086082e-8, -1.3157581e-8, 1.1200027e+2
-0.336, 4.2228933e-8, -1.3138199e-8, 1.1233360e+2
-0.337, 4.2402721e-8, -1.3119527e-8, 1.1266694e+2
-0.338, 4.2517577e-8, -1.3100735e-8, 1.1300027e+2
-0.339, 4.2714099e-8, -1.3069652e-8, 1.1333361e+2
-0.340, 4.2734886e-8, -1.3084544e-8, 1.1366695e+2
-0.341, 4.2864325e-8, -1.3065161e-8, 1.1400028e+2
-0.342, 4.3003038e-8, -1.3048498e-8, 1.1433362e+2
-0.343, 4.3105494e-8, -1.3032425e-8, 1.1466695e+2
-0.344, 4.3194603e-8, -1.3018951e-8, 1.1500029e+2
-0.345, 4.3294225e-8, -1.3006070e-8, 1.1533363e+2
-0.346, 4.3355580e-8, -1.2990114e-8, 1.1566696e+2
-0.347, 4.3464940e-8, -1.2973924e-8, 1.1600030e+2
-0.348, 4.3586354e-8, -1.2964232e-8, 1.1633363e+2
-0.349, 4.3671033e-8, -1.2948160e-8, 1.1666697e+2
-0.350, 4.3824159e-8, -1.2931259e-8, 1.1700031e+2
-0.351, 4.3966708e-8, -1.2918614e-8, 1.1733364e+2
-0.352, 4.4131816e-8, -1.2908213e-8, 1.1766698e+2
-0.353, 4.4322789e-8, -1.2898405e-8, 1.1800031e+2
-0.354, 4.4495042e-8, -1.2882803e-8, 1.1833365e+2
-0.355, 4.4713417e-8, -1.2868977e-8, 1.1866698e+2
-0.356, 4.4939583e-8, -1.2854204e-8, 1.1900032e+2
-0.357, 4.5178979e-8, -1.2838721e-8, 1.1933366e+2
-0.358, 4.5434614e-8, -1.2820522e-8, 1.1966699e+2
-0.359, 4.5665210e-8, -1.2801259e-8, 1.2000033e+2
-0.360, 4.5896044e-8, -1.2785776e-8, 1.2033366e+2
-0.361, 4.6149967e-8, -1.2773012e-8, 1.2066700e+2
-0.362, 4.6360960e-8, -1.2754810e-8, 1.2100034e+2
-0.363, 4.6607681e-8, -1.2736021e-8, 1.2133367e+2
-0.364, 4.6844239e-8, -1.2717229e-8, 1.2166701e+2
-0.365, 4.7074248e-8, -1.2697138e-8, 1.2200034e+2
-0.366, 4.7350490e-8, -1.2680829e-8, 1.2233368e+2
-0.367, 4.7602349e-8, -1.2666173e-8, 1.2266702e+2
-0.368, 4.7839674e-8, -1.2647501e-8, 1.2300035e+2
-0.369, 4.8108539e-8, -1.2629419e-8, 1.2333369e+2
-0.370, 4.8371259e-8, -1.2606609e-8, 1.2366702e+2
-0.371, 4.8541210e-8, -1.2598691e-8, 1.2400036e+2
-0.372, 4.8779956e-8, -1.2578009e-8, 1.2433369e+2
-0.373, 4.8938215e-8, -1.2568318e-8, 1.2466703e+2
-0.374, 4.9089326e-8, -1.2556735e-8, 1.2500037e+2
-0.375, 4.9213927e-8, -1.2546100e-8, 1.2533370e+2
-0.376, 4.9327486e-8, -1.2534399e-8, 1.2566704e+2
-0.377, 4.9416773e-8, -1.2527662e-8, 1.2600037e+2
-0.378, 4.9447241e-8, -1.2517853e-8, 1.2633371e+2
-0.379, 4.9475940e-8, -1.2505798e-8, 1.2666705e+2
-0.380, 4.9495721e-8, -1.2499298e-8, 1.2700038e+2
-0.381, 4.9454506e-8, -1.2494690e-8, 1.2733372e+2
-0.382, 4.9454563e-8, -1.2488425e-8, 1.2766705e+2
-0.383, 4.9424212e-8, -1.2484289e-8, 1.2800038e+2
-0.384, 4.9380866e-8, -1.2480389e-8, 1.2833371e+2
-0.385, 4.9355652e-8, -1.2475425e-8, 1.2866704e+2
-0.386, 4.9287149e-8, -1.2476725e-8, 1.2900037e+2
-0.387, 4.9231879e-8, -1.2478026e-8, 1.2933369e+2
-0.388, 4.9168161e-8, -1.2479325e-8, 1.2966702e+2
-0.389, 4.9077521e-8, -1.2479207e-8, 1.3000035e+2
-0.390, 4.9008662e-8, -1.2482516e-8, 1.3033368e+2
-0.391, 4.8937036e-8, -1.2480863e-8, 1.3066701e+2
-0.392, 4.8857373e-8, -1.2476253e-8, 1.3100034e+2
-0.393, 4.8791232e-8, -1.2480034e-8, 1.3133366e+2
-0.394, 4.8670948e-8, -1.2487835e-8, 1.3166699e+2
-0.395, 4.8583431e-8, -1.2498235e-8, 1.3200032e+2
-0.396, 4.8488062e-8, -1.2506271e-8, 1.3233365e+2
-0.397, 4.8369074e-8, -1.2511471e-8, 1.3266698e+2
-0.398, 4.8281500e-8, -1.2516671e-8, 1.3300031e+2
-0.399, 4.8157904e-8, -1.2525063e-8, 1.3333363e+2
