Feb. 3, 2006   01:10:22
Cyclic Voltammetry
File: z:\users\scottsaunders\git\labwork\ida\01_23_19_psoralen_nonequil_3\data\control\2\75um_control_transfer_2_gc_14.txt
Data Source:  Experiment
Instrument Model:  CHI760E
Header: 
Note: 

Init E (V) = 0
High E (V) = 0
Low E (V) = -0.4
Init P/N = N
Scan Rate (V/s) = 0.003
Segment = 1
Sample Interval (V) = 0.001
Quiet Time (sec) = 2
Sensitivity (A/V) = 1e-7
2nd E (V) = 0
Sens 2 (A/V) = 1e-7

Potential/V, i1/A, i2/A, Time/s

0.000, -5.6134596e-8, -5.9698976e-8, 3.3333334e-1
-0.001, -4.5412566e-8, -5.1163404e-8, 6.6666669e-1
-0.002, -3.8716806e-8, -4.4828649e-8, 1.0000000e+0
-0.003, -3.3908218e-8, -3.9960195e-8, 1.3333334e+0
-0.004, -3.0144264e-8, -3.6124430e-8, 1.6666667e+0
-0.005, -2.7093529e-8, -3.3049055e-8, 2.0000000e+0
-0.006, -2.4516863e-8, -3.0510474e-8, 2.3333333e+0
-0.007, -2.2347656e-8, -2.8385770e-8, 2.6666665e+0
-0.008, -2.0483510e-8, -2.6583233e-8, 2.9999998e+0
-0.009, -1.8860177e-8, -2.5039167e-8, 3.3333330e+0
-0.010, -1.7453681e-8, -2.3705226e-8, 3.6666663e+0
-0.011, -1.6152534e-8, -2.2517600e-8, 3.9999995e+0
-0.012, -1.4997248e-8, -2.1470850e-8, 4.3333330e+0
-0.013, -1.3975297e-8, -2.0542515e-8, 4.6666665e+0
-0.014, -1.3024209e-8, -1.9703059e-8, 5.0000000e+0
-0.015, -1.2170321e-8, -1.8958385e-8, 5.3333335e+0
-0.016, -1.1382451e-8, -1.8278829e-8, 5.6666670e+0
-0.017, -1.0639817e-8, -1.7645485e-8, 6.0000005e+0
-0.018, -9.9896571e-9, -1.7072766e-8, 6.3333340e+0
-0.019, -9.3502450e-9, -1.6549331e-8, 6.6666675e+0
-0.020, -8.7596090e-9, -1.6054969e-8, 7.0000010e+0
-0.021, -8.2331031e-9, -1.5595944e-8, 7.3333344e+0
-0.022, -7.7047080e-9, -1.5164929e-8, 7.6666679e+0
-0.023, -7.2267428e-9, -1.4756013e-8, 8.0000010e+0
-0.024, -6.7649579e-9, -1.4376289e-8, 8.3333340e+0
-0.025, -6.3008114e-9, -1.4013940e-8, 8.6666670e+0
-0.026, -5.9241794e-9, -1.3675697e-8, 9.0000000e+0
-0.027, -5.5208562e-9, -1.3357312e-8, 9.3333330e+0
-0.028, -5.1441056e-9, -1.3054997e-8, 9.6666660e+0
-0.029, -4.8138880e-9, -1.2775730e-8, 9.9999990e+0
-0.030, -4.4365476e-9, -1.2502845e-8, 1.0333332e+1
-0.031, -4.1210932e-9, -1.2246149e-8, 1.0666665e+1
-0.032, -3.8005599e-9, -1.1997845e-8, 1.0999998e+1
-0.033, -3.5117969e-9, -1.1758170e-8, 1.1333331e+1
-0.034, -3.2511425e-9, -1.1529603e-8, 1.1666664e+1
-0.035, -2.9725360e-9, -1.1315099e-8, 1.1999997e+1
-0.036, -2.7071576e-9, -1.1112414e-8, 1.2333330e+1
-0.037, -2.4560693e-9, -1.0911029e-8, 1.2666663e+1
-0.038, -2.2021467e-9, -1.0720990e-8, 1.2999996e+1
-0.039, -1.9759783e-9, -1.0544188e-8, 1.3333329e+1
-0.040, -1.7433146e-9, -1.0369512e-8, 1.3666662e+1
-0.041, -1.5302558e-9, -1.0199447e-8, 1.3999995e+1
-0.042, -1.3406997e-9, -1.0034344e-8, 1.4333328e+1
-0.043, -1.1092166e-9, -9.8843689e-9, 1.4666661e+1
-0.044, -9.0525198e-10, -9.7315578e-9, 1.4999994e+1
-0.045, -7.0542072e-10, -9.5800461e-9, 1.5333327e+1
-0.046, -5.0889654e-10, -9.4405896e-9, 1.5666660e+1
-0.047, -2.9879033e-10, -9.2953423e-9, 1.5999993e+1
-0.048, -2.7847655e-10, -9.1908676e-9, 1.6333326e+1
-0.049, -5.5024676e-11, -9.0631112e-9, 1.6666660e+1
-0.050, 1.0760388e-10, -8.9409102e-9, 1.6999994e+1
-0.051, 2.8653072e-10, -8.8216625e-9, 1.7333328e+1
-0.052, 4.7136278e-10, -8.6968610e-9, 1.7666662e+1
-0.053, 6.4166805e-10, -8.5787955e-9, 1.7999996e+1
-0.054, 7.4819739e-10, -8.4763307e-9, 1.8333330e+1
-0.055, 8.5413626e-10, -8.3782377e-9, 1.8666664e+1
-0.056, 1.0643605e-9, -8.2567446e-9, 1.8999998e+1
-0.057, 1.1157356e-9, -8.1789810e-9, 1.9333332e+1
-0.058, 1.2732856e-9, -8.0808880e-9, 1.9666666e+1
-0.059, 1.3799333e-9, -7.9923685e-9, 2.0000000e+1
-0.060, 1.4811479e-9, -7.8974667e-9, 2.0333334e+1
-0.061, 1.6338557e-9, -7.7924014e-9, 2.0666668e+1
-0.062, 1.7134575e-9, -7.7209004e-9, 2.1000002e+1
-0.063, 1.9028956e-9, -7.6222175e-9, 2.1333336e+1
-0.064, 1.9524993e-9, -7.5451618e-9, 2.1666670e+1
-0.065, 2.1321342e-9, -7.4514430e-9, 2.2000004e+1
-0.066, 2.1686284e-9, -7.3734419e-9, 2.2333338e+1
-0.067, 2.2140985e-9, -7.3156490e-9, 2.2666672e+1
-0.068, 2.3379889e-9, -7.2250024e-9, 2.3000006e+1
-0.069, 2.4938858e-9, -7.1410926e-9, 2.3333340e+1
-0.070, 2.5218760e-9, -7.0811734e-9, 2.3666674e+1
-0.071, 2.6640727e-9, -6.9930080e-9, 2.4000008e+1
-0.072, 2.7546583e-9, -6.9153616e-9, 2.4333342e+1
-0.073, 2.8929574e-9, -6.8342874e-9, 2.4666676e+1
-0.074, 2.9298057e-9, -6.7605415e-9, 2.5000010e+1
-0.075, 3.0944420e-9, -6.6865580e-9, 2.5333344e+1
-0.076, 3.0658611e-9, -6.6482673e-9, 2.5666677e+1
-0.077, 3.1386127e-9, -6.5829115e-9, 2.6000011e+1
-0.078, 3.1888068e-9, -6.5281922e-9, 2.6333345e+1
-0.079, 3.3002965e-9, -6.4597643e-9, 2.6666679e+1
-0.080, 3.3611198e-9, -6.4020904e-9, 2.7000013e+1
-0.081, 3.4791052e-9, -6.3412258e-9, 2.7333347e+1
-0.082, 3.5267012e-9, -6.2756347e-9, 2.7666681e+1
-0.083, 3.6222469e-9, -6.2159513e-9, 2.8000015e+1
-0.084, 3.7070449e-9, -6.1536687e-9, 2.8333349e+1
-0.085, 3.7480268e-9, -6.0990679e-9, 2.8666683e+1
-0.086, 3.8255030e-9, -6.0417489e-9, 2.9000017e+1
-0.087, 3.8773504e-9, -5.9917569e-9, 2.9333351e+1
-0.088, 3.9521093e-9, -5.9391656e-9, 2.9666685e+1
-0.089, 4.0317114e-9, -5.8822009e-9, 3.0000019e+1
-0.090, 4.0665524e-9, -5.8292549e-9, 3.0333353e+1
-0.091, 4.1492245e-9, -5.7825722e-9, 3.0666687e+1
-0.092, 4.2150083e-9, -5.7355352e-9, 3.1000021e+1
-0.093, 4.2500852e-9, -5.6906253e-9, 3.1333355e+1
-0.094, 4.3299226e-9, -5.6458340e-9, 3.1666689e+1
-0.095, 4.3812980e-9, -5.5980882e-9, 3.2000023e+1
-0.096, 4.4443653e-9, -5.5456142e-9, 3.2333355e+1
-0.097, 4.5125108e-9, -5.4986953e-9, 3.2666687e+1
-0.098, 4.5431001e-9, -5.4561493e-9, 3.3000019e+1
-0.099, 4.6016790e-9, -5.4149032e-9, 3.3333351e+1
-0.100, 4.6575419e-9, -5.3722391e-9, 3.3666683e+1
-0.101, 4.6994693e-9, -5.3315836e-9, 3.4000015e+1
-0.102, 4.7808419e-9, -5.2943556e-9, 3.4333347e+1
-0.103, 4.8358784e-9, -5.2568923e-9, 3.4666679e+1
-0.104, 4.8613886e-9, -5.2180091e-9, 3.5000011e+1
-0.105, 4.9262279e-9, -5.1784181e-9, 3.5333344e+1
-0.106, 4.9370934e-9, -5.1459175e-9, 3.5666676e+1
-0.107, 5.0014597e-9, -5.1116440e-9, 3.6000008e+1
-0.108, 5.0596847e-9, -5.0779621e-9, 3.6333340e+1
-0.109, 5.0979505e-9, -5.0442792e-9, 3.6666672e+1
-0.110, 5.1455462e-9, -5.0104791e-9, 3.7000004e+1
-0.111, 5.1864095e-9, -4.9836513e-9, 3.7333336e+1
-0.112, 5.2199511e-9, -4.9549329e-9, 3.7666668e+1
-0.113, 5.2836091e-9, -4.9263322e-9, 3.8000000e+1
-0.114, 5.3078200e-9, -4.8974953e-9, 3.8333332e+1
-0.115, 5.3634470e-9, -4.8670041e-9, 3.8666664e+1
-0.116, 5.4038383e-9, -4.8323767e-9, 3.8999996e+1
-0.117, 5.4307661e-9, -4.8070854e-9, 3.9333328e+1
-0.118, 5.4919438e-9, -4.7878208e-9, 3.9666660e+1
-0.119, 5.5182805e-9, -4.7652482e-9, 3.9999992e+1
-0.120, 5.5711911e-9, -4.7390110e-9, 4.0333324e+1
-0.121, 5.6242193e-9, -4.7124202e-9, 4.0666656e+1
-0.122, 5.6523284e-9, -4.6842921e-9, 4.0999989e+1
-0.123, 5.7028764e-9, -4.6591193e-9, 4.1333321e+1
-0.124, 5.7527161e-9, -4.6373736e-9, 4.1666653e+1
-0.125, 5.7632272e-9, -4.6137369e-9, 4.1999985e+1
-0.126, 5.8268852e-9, -4.5919912e-9, 4.2333317e+1
-0.127, 5.8611351e-9, -4.5663451e-9, 4.2666649e+1
-0.128, 5.8947944e-9, -4.5406994e-9, 4.2999981e+1
-0.129, 5.9625860e-9, -4.5155262e-9, 4.3333313e+1
-0.130, 5.9798295e-9, -4.4934256e-9, 4.3666645e+1
-0.131, 6.0264802e-9, -4.4693169e-9, 4.3999977e+1
-0.132, 6.0804535e-9, -4.4396526e-9, 4.4333309e+1
-0.133, 6.1069088e-9, -4.4114068e-9, 4.4666641e+1
-0.134, 6.1763537e-9, -4.3911976e-9, 4.4999973e+1
-0.135, 6.2220598e-9, -4.3698063e-9, 4.5333305e+1
-0.136, 6.2591443e-9, -4.3478239e-9, 4.5666637e+1
-0.137, 6.3157155e-9, -4.3259600e-9, 4.5999969e+1
-0.138, 6.2971734e-9, -4.3111870e-9, 4.6333302e+1
-0.139, 6.3819723e-9, -4.2766772e-9, 4.6666634e+1
-0.140, 6.3907111e-9, -4.2639132e-9, 4.6999966e+1
-0.141, 6.4159855e-9, -4.2389772e-9, 4.7333298e+1
-0.142, 6.4738557e-9, -4.2258588e-9, 4.7666630e+1
-0.143, 6.5442460e-9, -4.2023398e-9, 4.7999962e+1
-0.144, 6.5835746e-9, -4.1792942e-9, 4.8333294e+1
-0.145, 6.6433348e-9, -4.1568393e-9, 4.8666626e+1
-0.146, 6.7039214e-9, -4.1288297e-9, 4.8999958e+1
-0.147, 6.7947439e-9, -4.0957384e-9, 4.9333290e+1
-0.148, 6.6879782e-9, -4.1186663e-9, 4.9666622e+1
-0.149, 6.7423063e-9, -4.1007020e-9, 4.9999954e+1
-0.150, 6.8194272e-9, -4.0761199e-9, 5.0333286e+1
-0.151, 6.8702120e-9, -4.0527195e-9, 5.0666618e+1
-0.152, 6.9586719e-9, -4.0258921e-9, 5.0999950e+1
-0.153, 6.9785124e-9, -4.0087551e-9, 5.1333282e+1
-0.154, 7.0241004e-9, -3.9884278e-9, 5.1666615e+1
-0.155, 7.0035502e-9, -3.9883097e-9, 5.1999947e+1
-0.156, 7.0800819e-9, -3.9738914e-9, 5.2333279e+1
-0.157, 7.1110242e-9, -3.9554546e-9, 5.2666611e+1
-0.158, 7.2026736e-9, -3.9320538e-9, 5.2999943e+1
-0.159, 7.2320803e-9, -3.9118446e-9, 5.3333275e+1
-0.160, 7.2919595e-9, -3.8913988e-9, 5.3666607e+1
-0.161, 7.3552631e-9, -3.8718984e-9, 5.3999939e+1
-0.162, 7.3493580e-9, -3.8698893e-9, 5.4333271e+1
-0.163, 7.3967166e-9, -3.8518073e-9, 5.4666603e+1
-0.164, 7.4671069e-9, -3.8347894e-9, 5.4999935e+1
-0.165, 7.5174187e-9, -3.8215524e-9, 5.5333267e+1
-0.166, 7.5716287e-9, -3.8084340e-9, 5.5666599e+1
-0.167, 7.6100122e-9, -3.7925978e-9, 5.5999931e+1
-0.168, 7.6636315e-9, -3.7823158e-9, 5.6333263e+1
-0.169, 7.7276443e-9, -3.7708516e-9, 5.6666595e+1
-0.170, 7.7467766e-9, -3.7602148e-9, 5.6999928e+1
-0.171, 7.8148039e-9, -3.7456784e-9, 5.7333260e+1
-0.172, 7.8723197e-9, -3.7365782e-9, 5.7666592e+1
-0.173, 7.9129485e-9, -3.7247603e-9, 5.7999924e+1
-0.174, 7.9748341e-9, -3.7161327e-9, 5.8333256e+1
-0.175, 8.0256184e-9, -3.7041963e-9, 5.8666588e+1
-0.176, 8.0668370e-9, -3.6943868e-9, 5.8999920e+1
-0.177, 8.1330924e-9, -3.6855232e-9, 5.9333252e+1
-0.178, 8.1770271e-9, -3.6758319e-9, 5.9666584e+1
-0.179, 8.2326537e-9, -3.6682684e-9, 5.9999916e+1
-0.180, 8.2984375e-9, -3.6591683e-9, 6.0333248e+1
-0.181, 8.3371754e-9, -3.6506589e-9, 6.0666580e+1
-0.182, 8.4052036e-9, -3.6382497e-9, 6.0999912e+1
-0.183, 8.4575227e-9, -3.6287948e-9, 6.1333244e+1
-0.184, 8.5100798e-9, -3.6207584e-9, 6.1666576e+1
-0.185, 8.5981844e-9, -3.6241856e-9, 6.1999908e+1
-0.186, 8.6357419e-9, -3.6213494e-9, 6.2333241e+1
-0.187, 8.6986907e-9, -3.6153225e-9, 6.2666573e+1
-0.188, 8.7723873e-9, -3.6092949e-9, 6.2999905e+1
-0.189, 8.8095895e-9, -3.6066949e-9, 6.3333237e+1
-0.190, 8.8934433e-9, -3.6045675e-9, 6.3666569e+1
-0.191, 8.9631236e-9, -3.5988945e-9, 6.3999901e+1
-0.192, 9.0202859e-9, -3.5938126e-9, 6.4333237e+1
-0.193, 9.1087458e-9, -3.5919219e-9, 6.4666573e+1
-0.194, 9.1545704e-9, -3.5863672e-9, 6.4999908e+1
-0.195, 9.2261407e-9, -3.5851853e-9, 6.5333244e+1
-0.196, 9.3086951e-9, -3.5814036e-9, 6.5666580e+1
-0.197, 9.3751877e-9, -3.5765582e-9, 6.5999916e+1
-0.198, 9.4629389e-9, -3.5718304e-9, 6.6333252e+1
-0.199, 9.5386428e-9, -3.5684031e-9, 6.6666588e+1
-0.200, 9.6121040e-9, -3.5654486e-9, 6.6999924e+1
-0.201, 9.7129638e-9, -3.5658032e-9, 6.7333260e+1
-0.202, 9.7629211e-9, -3.5649759e-9, 6.7666595e+1
-0.203, 9.8694501e-9, -3.5596577e-9, 6.7999931e+1
-0.204, 9.9664135e-9, -3.5572938e-9, 6.8333267e+1
-0.205, 1.0086289e-8, -3.5552850e-9, 6.8666603e+1
-0.206, 1.0160104e-8, -3.5518577e-9, 6.8999939e+1
-0.207, 1.0232855e-8, -3.5474848e-9, 6.9333275e+1
-0.208, 1.0316473e-8, -3.5471301e-9, 6.9666611e+1
-0.209, 1.0435875e-8, -3.5532759e-9, 6.9999947e+1
-0.210, 1.0508628e-8, -3.5506755e-9, 7.0333282e+1
-0.211, 1.0628739e-8, -3.5486665e-9, 7.0666618e+1
-0.212, 1.0738338e-8, -3.5531578e-9, 7.0999954e+1
-0.213, 1.0833058e-8, -3.5431120e-9, 7.1333290e+1
-0.214, 1.0952933e-8, -3.5450027e-9, 7.1666626e+1
-0.215, 1.1057573e-8, -3.5562304e-9, 7.1999962e+1
-0.216, 1.1165046e-8, -3.5624941e-9, 7.2333298e+1
-0.217, 1.1310904e-8, -3.5691123e-9, 7.2666634e+1
-0.218, 1.1399481e-8, -3.5718304e-9, 7.2999969e+1
-0.219, 1.1544631e-8, -3.5802217e-9, 7.3333305e+1
-0.220, 1.1679387e-8, -3.5862491e-9, 7.3666641e+1
-0.221, 1.1787688e-8, -3.5828218e-9, 7.3999977e+1
-0.222, 1.1944530e-8, -3.5970036e-9, 7.4333313e+1
-0.223, 1.2073381e-8, -3.6170948e-9, 7.4666649e+1
-0.224, 1.2197153e-8, -3.6219403e-9, 7.4999985e+1
-0.225, 1.2350333e-8, -3.6297403e-9, 7.5333321e+1
-0.226, 1.2475051e-8, -3.6474683e-9, 7.5666656e+1
-0.227, 1.2625986e-8, -3.6607046e-9, 7.5999992e+1
-0.228, 1.2794404e-8, -3.6714596e-9, 7.6333328e+1
-0.229, 1.2951009e-8, -3.6978141e-9, 7.6666664e+1
-0.230, 1.3128400e-8, -3.7167236e-9, 7.7000000e+1
-0.231, 1.3315240e-8, -3.7288963e-9, 7.7333336e+1
-0.232, 1.3537393e-8, -3.7455603e-9, 7.7666672e+1
-0.233, 1.3645693e-8, -3.7849159e-9, 7.8000008e+1
-0.234, 1.3707815e-8, -3.8356163e-9, 7.8333344e+1
-0.235, 1.3871743e-8, -3.8768624e-9, 7.8666679e+1
-0.236, 1.4140901e-8, -3.8903352e-9, 7.9000015e+1
-0.237, 1.4276366e-8, -3.9339452e-9, 7.9333351e+1
-0.238, 1.4528990e-8, -3.9619543e-9, 7.9666687e+1
-0.239, 1.4729292e-8, -3.9930366e-9, 8.0000023e+1
-0.240, 1.4927943e-8, -4.0333372e-9, 8.0333359e+1
-0.241, 1.5165213e-8, -4.0712744e-9, 8.0666695e+1
-0.242, 1.5361973e-8, -4.1158295e-9, 8.1000031e+1
-0.243, 1.5618140e-8, -4.1510484e-9, 8.1333366e+1
-0.244, 1.5705419e-8, -4.2270401e-9, 8.1666702e+1
-0.245, 1.5860607e-8, -4.2936961e-9, 8.2000038e+1
-0.246, 1.6083350e-8, -4.3638968e-9, 8.2333374e+1
-0.247, 1.6334438e-8, -4.4135335e-9, 8.2666710e+1
-0.248, 1.6586235e-8, -4.4720347e-9, 8.3000046e+1
-0.249, 1.6827991e-8, -4.5333723e-9, 8.3333382e+1
-0.250, 1.7029123e-8, -4.5905728e-9, 8.3666718e+1
-0.251, 1.7250095e-8, -4.6551012e-9, 8.4000053e+1
-0.252, 1.7474727e-8, -4.7228204e-9, 8.4333389e+1
-0.253, 1.7649993e-8, -4.7869939e-9, 8.4666725e+1
-0.254, 1.7874331e-8, -4.8549498e-9, 8.5000061e+1
-0.255, 1.8075403e-8, -4.9262145e-9, 8.5333397e+1
-0.256, 1.8272754e-8, -4.9918061e-9, 8.5666733e+1
-0.257, 1.8481796e-8, -5.0565707e-9, 8.6000069e+1
-0.258, 1.8642474e-8, -5.1267719e-9, 8.6333405e+1
-0.259, 1.8836461e-8, -5.1960272e-9, 8.6666740e+1
-0.260, 1.9019758e-8, -5.2654010e-9, 8.7000076e+1
-0.261, 1.9185929e-8, -5.3393836e-9, 8.7333412e+1
-0.262, 1.9375959e-8, -5.4097029e-9, 8.7666748e+1
-0.263, 1.9546619e-8, -5.4802585e-9, 8.8000084e+1
-0.264, 1.9688754e-8, -5.5508140e-9, 8.8333420e+1
-0.265, 1.9863961e-8, -5.6192424e-9, 8.8666756e+1
-0.266, 1.9981711e-8, -5.6888525e-9, 8.9000092e+1
-0.267, 2.0147940e-8, -5.7576357e-9, 8.9333427e+1
-0.268, 2.0306615e-8, -5.8245271e-9, 8.9666763e+1
-0.269, 2.0408832e-8, -5.8915375e-9, 9.0000099e+1
-0.270, 2.0581322e-8, -5.9469656e-9, 9.0333435e+1
-0.271, 2.0706453e-8, -6.0120846e-9, 9.0666771e+1
-0.272, 2.0810916e-8, -6.0730674e-9, 9.1000107e+1
-0.273, 2.0942364e-8, -6.1404322e-9, 9.1333443e+1
-0.274, 2.1061709e-8, -6.1921961e-9, 9.1666779e+1
-0.275, 2.1097613e-8, -6.2768155e-9, 9.2000114e+1
-0.276, 2.1223924e-8, -6.3351981e-9, 9.2333450e+1
-0.277, 2.1333584e-8, -6.3923995e-9, 9.2666786e+1
-0.278, 2.1403558e-8, -6.4517276e-9, 9.3000122e+1
-0.279, 2.1519476e-8, -6.5070376e-9, 9.3333458e+1
-0.280, 2.1626539e-8, -6.5635293e-9, 9.3666794e+1
-0.281, 2.1746176e-8, -6.6213213e-9, 9.4000130e+1
-0.282, 2.1809482e-8, -6.6742674e-9, 9.4333466e+1
-0.283, 2.1919258e-8, -6.7311139e-9, 9.4666801e+1
-0.284, 2.2021535e-8, -6.7912693e-9, 9.5000137e+1
-0.285, 2.2094877e-8, -6.8463422e-9, 9.5333473e+1
-0.286, 2.2204361e-8, -6.9070891e-9, 9.5666809e+1
-0.287, 2.2283491e-8, -6.9680723e-9, 9.6000145e+1
-0.288, 2.2371950e-8, -7.0227908e-9, 9.6333481e+1
-0.289, 2.2486864e-8, -7.0790453e-9, 9.6666817e+1
-0.290, 2.2529264e-8, -7.1335280e-9, 9.7000153e+1
-0.291, 2.2646244e-8, -7.1766655e-9, 9.7333488e+1
-0.292, 2.2726850e-8, -7.2264204e-9, 9.7666824e+1
-0.293, 2.2877314e-8, -7.2514759e-9, 9.8000160e+1
-0.294, 2.2824285e-8, -7.3219129e-9, 9.8333496e+1
-0.295, 2.2809759e-8, -7.3921145e-9, 9.8666832e+1
-0.296, 2.2848258e-8, -7.4457698e-9, 9.9000168e+1
-0.297, 2.2987152e-8, -7.4761433e-9, 9.9333504e+1
-0.298, 2.3015790e-8, -7.5196338e-9, 9.9666840e+1
-0.299, 2.3123027e-8, -7.5578068e-9, 1.0000018e+2
-0.300, 2.3203457e-8, -7.5984632e-9, 1.0033351e+2
-0.301, 2.3258671e-8, -7.6374631e-9, 1.0066685e+2
-0.302, 2.3341284e-8, -7.6830817e-9, 1.0100018e+2
-0.303, 2.3412145e-8, -7.7209004e-9, 1.0133352e+2
-0.304, 2.3471966e-8, -7.7720745e-9, 1.0166685e+2
-0.305, 2.3566212e-8, -7.8219475e-9, 1.0200019e+2
-0.306, 2.3637369e-8, -7.8659115e-9, 1.0233353e+2
-0.307, 2.3755002e-8, -7.9159035e-9, 1.0266686e+2
-0.308, 2.3841512e-8, -7.9687323e-9, 1.0300020e+2
-0.309, 2.3894303e-8, -8.0209688e-9, 1.0333353e+2
-0.310, 2.3984358e-8, -8.0667055e-9, 1.0366687e+2
-0.311, 2.4070161e-8, -8.1319431e-9, 1.0400021e+2
-0.312, 2.4164228e-8, -8.1842986e-9, 1.0433354e+2
-0.313, 2.4281979e-8, -8.2374800e-9, 1.0466688e+2
-0.314, 2.4372506e-8, -8.2932647e-9, 1.0500021e+2
-0.315, 2.4480510e-8, -8.3465652e-9, 1.0533355e+2
-0.316, 2.4601922e-8, -8.3956104e-9, 1.0566689e+2
-0.317, 2.4662862e-8, -8.4617939e-9, 1.0600022e+2
-0.318, 2.4808070e-8, -8.5188763e-9, 1.0633356e+2
-0.319, 2.4838659e-8, -8.6006589e-9, 1.0666689e+2
-0.320, 2.4883480e-8, -8.6692058e-9, 1.0700023e+2
-0.321, 2.5073803e-8, -8.7226253e-9, 1.0733356e+2
-0.322, 2.5079180e-8, -8.7979073e-9, 1.0766690e+2
-0.323, 2.5233481e-8, -8.8569996e-9, 1.0800024e+2
-0.324, 2.5350696e-8, -8.9157366e-9, 1.0833357e+2
-0.325, 2.5436735e-8, -8.9744736e-9, 1.0866691e+2
-0.326, 2.5552538e-8, -9.0375840e-9, 1.0900024e+2
-0.327, 2.5629364e-8, -9.0986845e-9, 1.0933358e+2
-0.328, 2.5720773e-8, -9.1603765e-9, 1.0966692e+2
-0.329, 2.5829724e-8, -9.2197050e-9, 1.1000025e+2
-0.330, 2.5895035e-8, -9.2838786e-9, 1.1033359e+2
-0.331, 2.5992945e-8, -9.3462793e-9, 1.1066692e+2
-0.332, 2.6089907e-8, -9.4083257e-9, 1.1100026e+2
-0.333, 2.6152145e-8, -9.4700177e-9, 1.1133360e+2
-0.334, 2.6262457e-8, -9.5314725e-9, 1.1166693e+2
-0.335, 2.6341999e-8, -9.5936370e-9, 1.1200027e+2
-0.336, 2.6429394e-8, -9.6552109e-9, 1.1233360e+2
-0.337, 2.6551810e-8, -9.7187938e-9, 1.1266694e+2
-0.338, 2.6629523e-8, -9.7829682e-9, 1.1300027e+2
-0.339, 2.6746328e-8, -9.8504502e-9, 1.1333361e+2
-0.340, 2.6856164e-8, -9.9168700e-9, 1.1366695e+2
-0.341, 2.6935467e-8, -9.9816342e-9, 1.1400028e+2
-0.342, 2.7058418e-8, -1.0047108e-8, 1.1433362e+2
-0.343, 2.7153785e-8, -1.0113881e-8, 1.1466695e+2
-0.344, 2.7263916e-8, -1.0185974e-8, 1.1500029e+2
-0.345, 2.7378416e-8, -1.0254875e-8, 1.1533363e+2
-0.346, 2.7449513e-8, -1.0327557e-8, 1.1566696e+2
-0.347, 2.7556515e-8, -1.0396104e-8, 1.1600030e+2
-0.348, 2.7663637e-8, -1.0464532e-8, 1.1633363e+2
-0.349, 2.7737748e-8, -1.0525751e-8, 1.1666697e+2
-0.350, 2.7838370e-8, -1.0588861e-8, 1.1700031e+2
-0.351, 2.7905571e-8, -1.0649371e-8, 1.1733364e+2
-0.352, 2.7983758e-8, -1.0711418e-8, 1.1766698e+2
-0.353, 2.8076172e-8, -1.0765782e-8, 1.1800031e+2
-0.354, 2.8126779e-8, -1.0816009e-8, 1.1833365e+2
-0.355, 2.8192678e-8, -1.0866947e-8, 1.1866698e+2
-0.356, 2.8261596e-8, -1.0913747e-8, 1.1900032e+2
-0.357, 2.8313739e-8, -1.0956295e-8, 1.1933366e+2
-0.358, 2.8388438e-8, -1.0998249e-8, 1.1966699e+2
-0.359, 2.8440166e-8, -1.1038904e-8, 1.2000033e+2
-0.360, 2.8478670e-8, -1.1075660e-8, 1.2033366e+2
-0.361, 2.8539670e-8, -1.1101659e-8, 1.2066700e+2
-0.362, 2.8543329e-8, -1.1130969e-8, 1.2100034e+2
-0.363, 2.8593465e-8, -1.1158742e-8, 1.2133367e+2
-0.364, 2.8638640e-8, -1.1177297e-8, 1.2166701e+2
-0.365, 2.8656949e-8, -1.1196207e-8, 1.2200034e+2
-0.366, 2.8697279e-8, -1.1211688e-8, 1.2233368e+2
-0.367, 2.8722138e-8, -1.1225634e-8, 1.2266702e+2
-0.368, 2.8736961e-8, -1.1234616e-8, 1.2300035e+2
-0.369, 2.8775110e-8, -1.1246080e-8, 1.2333369e+2
-0.370, 2.8784145e-8, -1.1253999e-8, 1.2366702e+2
-0.371, 2.8822940e-8, -1.1259790e-8, 1.2400036e+2
-0.372, 2.8855361e-8, -1.1260616e-8, 1.2433369e+2
-0.373, 2.8866106e-8, -1.1264635e-8, 1.2466703e+2
-0.374, 2.8899887e-8, -1.1270662e-8, 1.2500037e+2
-0.375, 2.8911224e-8, -1.1273380e-8, 1.2533370e+2
-0.376, 2.8938857e-8, -1.1268535e-8, 1.2566704e+2
-0.377, 2.8984154e-8, -1.1266526e-8, 1.2600037e+2
-0.378, 2.8985450e-8, -1.1262272e-8, 1.2633371e+2
-0.379, 2.9007063e-8, -1.1255652e-8, 1.2666705e+2
-0.380, 2.9041374e-8, -1.1248207e-8, 1.2700038e+2
-0.381, 2.9044857e-8, -1.1240171e-8, 1.2733372e+2
-0.382, 2.9085250e-8, -1.1231307e-8, 1.2766705e+2
-0.383, 2.9113711e-8, -1.1220197e-8, 1.2800038e+2
-0.384, 2.9117254e-8, -1.1210034e-8, 1.2833371e+2
-0.385, 2.9144832e-8, -1.1196679e-8, 1.2866704e+2
-0.386, 2.9153098e-8, -1.1180606e-8, 1.2900037e+2
-0.387, 2.9172293e-8, -1.1155551e-8, 1.2933369e+2
-0.388, 2.9193490e-8, -1.1133924e-8, 1.2966702e+2
-0.389, 2.9188884e-8, -1.1114305e-8, 1.3000035e+2
-0.390, 2.9223841e-8, -1.1088778e-8, 1.3033368e+2
-0.391, 2.9231813e-8, -1.1059587e-8, 1.3066701e+2
-0.392, 2.9236777e-8, -1.1030632e-8, 1.3100034e+2
-0.393, 2.9257679e-8, -1.1002149e-8, 1.3133366e+2
-0.394, 2.9238016e-8, -1.0969767e-8, 1.3166699e+2
-0.395, 2.9258743e-8, -1.0938448e-8, 1.3200032e+2
-0.396, 2.9282480e-8, -1.0905947e-8, 1.3233365e+2
-0.397, 2.9261694e-8, -1.0874865e-8, 1.3266698e+2
-0.398, 2.9292286e-8, -1.0843783e-8, 1.3300031e+2
-0.399, 2.9295295e-8, -1.0811991e-8, 1.3333363e+2
