Feb. 3, 2006   01:04:57
Cyclic Voltammetry
File: z:\users\scottsaunders\git\labwork\ida\01_23_19_psoralen_nonequil_3\data\control\2\75um_control_transfer_2_gc_12.txt
Data Source:  Experiment
Instrument Model:  CHI760E
Header: 
Note: 

Init E (V) = 0
High E (V) = 0
Low E (V) = -0.4
Init P/N = N
Scan Rate (V/s) = 0.003
Segment = 1
Sample Interval (V) = 0.001
Quiet Time (sec) = 2
Sensitivity (A/V) = 1e-7
2nd E (V) = 0
Sens 2 (A/V) = 1e-7

Potential/V, i1/A, i2/A, Time/s

0.000, -5.6756527e-8, -5.8852422e-8, 3.3333334e-1
-0.001, -4.6032845e-8, -5.0813110e-8, 6.6666669e-1
-0.002, -3.9339447e-8, -4.4824748e-8, 1.0000000e+0
-0.003, -3.4529446e-8, -4.0214999e-8, 1.3333334e+0
-0.004, -3.0759935e-8, -3.6564071e-8, 1.6666667e+0
-0.005, -2.7706132e-8, -3.3628865e-8, 2.0000000e+0
-0.006, -2.5129703e-8, -3.1199956e-8, 2.3333333e+0
-0.007, -2.2939355e-8, -2.9150534e-8, 2.6666665e+0
-0.008, -2.1066704e-8, -2.7409927e-8, 2.9999998e+0
-0.009, -1.9415145e-8, -2.5902615e-8, 3.3333330e+0
-0.010, -1.8001682e-8, -2.4585457e-8, 3.6666663e+0
-0.011, -1.6682938e-8, -2.3435533e-8, 3.9999995e+0
-0.012, -1.5506863e-8, -2.2390317e-8, 4.3333330e+0
-0.013, -1.4456805e-8, -2.1462931e-8, 4.6666665e+0
-0.014, -1.3475600e-8, -2.0628674e-8, 5.0000000e+0
-0.015, -1.2603405e-8, -1.9868871e-8, 5.3333335e+0
-0.016, -1.1794987e-8, -1.9176552e-8, 5.6666670e+0
-0.017, -1.1027433e-8, -1.8547933e-8, 6.0000005e+0
-0.018, -1.0338889e-8, -1.7950988e-8, 6.3333340e+0
-0.019, -9.6742028e-9, -1.7400016e-8, 6.6666675e+0
-0.020, -9.0636076e-9, -1.6894663e-8, 7.0000010e+0
-0.021, -8.5133625e-9, -1.6418266e-8, 7.3333344e+0
-0.022, -7.9617015e-9, -1.5981104e-8, 7.6666679e+0
-0.023, -7.4590529e-9, -1.5559307e-8, 8.0000010e+0
-0.024, -6.9796706e-9, -1.5157484e-8, 8.3333340e+0
-0.025, -6.5152879e-9, -1.4784968e-8, 8.6666670e+0
-0.026, -6.1098384e-9, -1.4419546e-8, 9.0000000e+0
-0.027, -5.6912790e-9, -1.4084612e-8, 9.3333330e+0
-0.028, -5.3010649e-9, -1.3774263e-8, 9.6666660e+0
-0.029, -4.9564393e-9, -1.3471003e-8, 9.9999990e+0
-0.030, -4.5825237e-9, -1.3182754e-8, 1.0333332e+1
-0.031, -4.2513610e-9, -1.2908095e-8, 1.0666665e+1
-0.032, -3.9262220e-9, -1.2649156e-8, 1.0999998e+1
-0.033, -3.6152554e-9, -1.2396006e-8, 1.1333331e+1
-0.034, -3.3524752e-9, -1.2155976e-8, 1.1666664e+1
-0.035, -3.0676093e-9, -1.1933672e-8, 1.1999997e+1
-0.036, -2.7940816e-9, -1.1713733e-8, 1.2333330e+1
-0.037, -2.5448832e-9, -1.1503247e-8, 1.2666663e+1
-0.038, -2.2790323e-9, -1.1304699e-8, 1.2999996e+1
-0.039, -2.0470770e-9, -1.1112061e-8, 1.3333329e+1
-0.040, -1.8122871e-9, -1.0918003e-8, 1.3666662e+1
-0.041, -1.5659229e-9, -1.0733164e-8, 1.3999995e+1
-0.042, -1.4044755e-9, -1.0561797e-8, 1.4333328e+1
-0.043, -1.1909445e-9, -1.0402958e-8, 1.4666661e+1
-0.044, -9.7753139e-10, -1.0244237e-8, 1.4999994e+1
-0.045, -7.9825019e-10, -1.0094499e-8, 1.5333327e+1
-0.046, -6.0739491e-10, -9.9491340e-9, 1.5666660e+1
-0.047, -4.4323095e-10, -9.8079038e-9, 1.5999993e+1
-0.048, -2.7363428e-10, -9.6677386e-9, 1.6333326e+1
-0.049, -8.0771244e-11, -9.5353734e-9, 1.6666660e+1
-0.050, 6.4496096e-11, -9.4098622e-9, 1.6999994e+1
-0.051, 2.3810826e-10, -9.2843511e-9, 1.7333328e+1
-0.052, 3.9223341e-10, -9.1604946e-9, 1.7666662e+1
-0.053, 5.2013954e-10, -9.0471568e-9, 1.7999996e+1
-0.054, 6.7509132e-10, -8.9366550e-9, 1.8333330e+1
-0.055, 8.0878448e-10, -8.8291081e-9, 1.8666664e+1
-0.056, 9.5003638e-10, -8.7164791e-9, 1.8999998e+1
-0.057, 1.0764071e-9, -8.6242959e-9, 1.9333332e+1
-0.058, 1.2020692e-9, -8.5202947e-9, 1.9666666e+1
-0.059, 1.3338728e-9, -8.4168841e-9, 2.0000000e+1
-0.060, 1.4861082e-9, -8.3171372e-9, 2.0333334e+1
-0.061, 1.5041781e-9, -8.2366531e-9, 2.0666668e+1
-0.062, 1.6870024e-9, -8.1314706e-9, 2.1000002e+1
-0.063, 1.7882170e-9, -8.0398781e-9, 2.1333336e+1
-0.064, 1.8992343e-9, -7.9491134e-9, 2.1666670e+1
-0.065, 2.0143851e-9, -7.8616571e-9, 2.2000004e+1
-0.066, 2.1066242e-9, -7.7790467e-9, 2.2333338e+1
-0.067, 2.2122086e-9, -7.6931279e-9, 2.2666672e+1
-0.068, 2.3188562e-9, -7.6085085e-9, 2.3000006e+1
-0.069, 2.4305822e-9, -7.5258981e-9, 2.3333340e+1
-0.070, 2.4723907e-9, -7.4636155e-9, 2.3666674e+1
-0.071, 2.5884865e-9, -7.3827779e-9, 2.4000008e+1
-0.072, 2.6765918e-9, -7.3024133e-9, 2.4333342e+1
-0.073, 2.7854832e-9, -7.2187389e-9, 2.4666676e+1
-0.074, 2.8421727e-9, -7.1520829e-9, 2.5000010e+1
-0.075, 2.9419704e-9, -7.0855464e-9, 2.5333344e+1
-0.076, 3.0536964e-9, -7.0126265e-9, 2.5666677e+1
-0.077, 3.1212517e-9, -6.9316708e-9, 2.6000011e+1
-0.078, 3.2321505e-9, -6.8589876e-9, 2.6333345e+1
-0.079, 3.2903762e-9, -6.7936332e-9, 2.6666679e+1
-0.080, 3.3545058e-9, -6.7279227e-9, 2.7000013e+1
-0.081, 3.4322183e-9, -6.6743850e-9, 2.7333347e+1
-0.082, 3.4863097e-9, -6.6092665e-9, 2.7666681e+1
-0.083, 3.5817374e-9, -6.5481656e-9, 2.8000015e+1
-0.084, 3.6423244e-9, -6.4917915e-9, 2.8333349e+1
-0.085, 3.6746846e-9, -6.4362458e-9, 2.8666683e+1
-0.086, 3.7198000e-9, -6.3858994e-9, 2.9000017e+1
-0.087, 3.7797965e-9, -6.3335444e-9, 2.9333351e+1
-0.088, 3.8722718e-9, -6.2744521e-9, 2.9666685e+1
-0.089, 3.9721875e-9, -6.2196150e-9, 3.0000019e+1
-0.090, 4.0071457e-9, -6.1670238e-9, 3.0333353e+1
-0.091, 4.0862749e-9, -6.1132499e-9, 3.0666687e+1
-0.092, 4.1548938e-9, -6.0688126e-9, 3.1000021e+1
-0.093, 4.1845376e-9, -6.0189391e-9, 3.1333355e+1
-0.094, 4.2648480e-9, -5.9703655e-9, 3.1666689e+1
-0.095, 4.3109081e-9, -5.9208469e-9, 3.2000023e+1
-0.096, 4.3732671e-9, -5.8738099e-9, 3.2333355e+1
-0.097, 4.4545221e-9, -5.8311453e-9, 3.2666687e+1
-0.098, 4.4769619e-9, -5.7883631e-9, 3.3000019e+1
-0.099, 4.5412101e-9, -5.7414447e-9, 3.3333351e+1
-0.100, 4.5930575e-9, -5.7010254e-9, 3.3666683e+1
-0.101, 4.6402993e-9, -5.6622613e-9, 3.4000015e+1
-0.102, 4.7182476e-9, -5.6232605e-9, 3.4333347e+1
-0.103, 4.7774176e-9, -5.5800053e-9, 3.4666679e+1
-0.104, 4.7888733e-9, -5.5384053e-9, 3.5000011e+1
-0.105, 4.8625699e-9, -5.4964500e-9, 3.5333344e+1
-0.106, 4.8711915e-9, -5.4604041e-9, 3.5666676e+1
-0.107, 4.9388649e-9, -5.4219940e-9, 3.6000008e+1
-0.108, 4.9935465e-9, -5.3853570e-9, 3.6333340e+1
-0.109, 5.0299227e-9, -5.3475384e-9, 3.6666672e+1
-0.110, 5.0972413e-9, -5.3101927e-9, 3.7000004e+1
-0.111, 5.1245235e-9, -5.2739102e-9, 3.7333336e+1
-0.112, 5.1613718e-9, -5.2442464e-9, 3.7666668e+1
-0.113, 5.2306990e-9, -5.2109188e-9, 3.8000000e+1
-0.114, 5.2477054e-9, -5.1749907e-9, 3.8333332e+1
-0.115, 5.3034506e-9, -5.1492264e-9, 3.8666664e+1
-0.116, 5.3452593e-9, -5.1206261e-9, 3.8999996e+1
-0.117, 5.3763203e-9, -5.0900164e-9, 3.9333328e+1
-0.118, 5.4371436e-9, -5.0614162e-9, 3.9666660e+1
-0.119, 5.4630083e-9, -5.0330522e-9, 3.9999992e+1
-0.120, 5.5213514e-9, -5.0017337e-9, 4.0333324e+1
-0.121, 5.5742619e-9, -4.9724238e-9, 4.0666656e+1
-0.122, 5.5970557e-9, -4.9400417e-9, 4.0999989e+1
-0.123, 5.6433520e-9, -4.9152229e-9, 4.1333321e+1
-0.124, 5.6931917e-9, -4.8887498e-9, 4.1666653e+1
-0.125, 5.7113798e-9, -4.8577862e-9, 4.1999985e+1
-0.126, 5.7677156e-9, -4.8333217e-9, 4.2333317e+1
-0.127, 5.8086975e-9, -4.8092126e-9, 4.2666649e+1
-0.128, 5.8338530e-9, -4.7833302e-9, 4.2999981e+1
-0.129, 5.8982192e-9, -4.7576845e-9, 4.3333313e+1
-0.130, 5.9206595e-9, -4.7385389e-9, 4.3666645e+1
-0.131, 5.9666014e-9, -4.7176201e-9, 4.3999977e+1
-0.132, 6.0166778e-9, -4.6886655e-9, 4.4333309e+1
-0.133, 6.0454948e-9, -4.6649102e-9, 4.4666641e+1
-0.134, 6.1115148e-9, -4.6452917e-9, 4.4999973e+1
-0.135, 6.1416312e-9, -4.6215369e-9, 4.5333305e+1
-0.136, 6.1752905e-9, -4.5968367e-9, 4.5666637e+1
-0.137, 6.2305632e-9, -4.5700088e-9, 4.5999969e+1
-0.138, 6.2372951e-9, -4.5540540e-9, 4.6333302e+1
-0.139, 6.3029608e-9, -4.5332538e-9, 4.6666634e+1
-0.140, 6.3539813e-9, -4.5126898e-9, 4.6999966e+1
-0.141, 6.3578787e-9, -4.4918895e-9, 4.7333298e+1
-0.142, 6.4241341e-9, -4.4739252e-9, 4.7666630e+1
-0.143, 6.4543695e-9, -4.4544253e-9, 4.7999962e+1
-0.144, 6.4920442e-9, -4.4348072e-9, 4.8333294e+1
-0.145, 6.5542847e-9, -4.4147157e-9, 4.8666626e+1
-0.146, 6.5796772e-9, -4.3980521e-9, 4.8999958e+1
-0.147, 6.6358945e-9, -4.3745332e-9, 4.9333290e+1
-0.148, 6.6919941e-9, -4.3568056e-9, 4.9666622e+1
-0.149, 6.7270705e-9, -4.3317510e-9, 4.9999954e+1
-0.150, 6.7602577e-9, -4.3152051e-9, 5.0333286e+1
-0.151, 6.8398589e-9, -4.2949955e-9, 5.0666618e+1
-0.152, 6.8566299e-9, -4.2823500e-9, 5.0999950e+1
-0.153, 6.9488690e-9, -4.2554045e-9, 5.1333282e+1
-0.154, 6.9772139e-9, -4.2298769e-9, 5.1666615e+1
-0.155, 6.9718995e-9, -4.2350767e-9, 5.1999947e+1
-0.156, 7.0187860e-9, -4.2172310e-9, 5.2333279e+1
-0.157, 7.0279986e-9, -4.2088399e-9, 5.2666611e+1
-0.158, 7.1289765e-9, -4.1771666e-9, 5.2999943e+1
-0.159, 7.1625181e-9, -4.1636943e-9, 5.3333275e+1
-0.160, 7.2360962e-9, -4.1397028e-9, 5.3666607e+1
-0.161, 7.3082576e-9, -4.1288297e-9, 5.3999939e+1
-0.162, 7.3298709e-9, -4.1138204e-9, 5.4333271e+1
-0.163, 7.4055748e-9, -4.0919561e-9, 5.4666603e+1
-0.164, 7.4626190e-9, -4.0763561e-9, 5.4999935e+1
-0.165, 7.5350171e-9, -4.0505919e-9, 5.5333267e+1
-0.166, 7.6036342e-9, -4.0316830e-9, 5.5666599e+1
-0.167, 7.5811952e-9, -4.0234100e-9, 5.5999931e+1
-0.168, 7.7577598e-9, -3.9911456e-9, 5.6333263e+1
-0.169, 7.5712743e-9, -4.0270733e-9, 5.6666595e+1
-0.170, 7.7060305e-9, -3.9881911e-9, 5.6999928e+1
-0.171, 7.8438571e-9, -3.9649093e-9, 5.7333260e+1
-0.172, 7.8175200e-9, -3.9659729e-9, 5.7666592e+1
-0.173, 7.9053892e-9, -3.9545092e-9, 5.7999924e+1
-0.174, 7.9906597e-9, -3.9340629e-9, 5.8333256e+1
-0.175, 8.0475857e-9, -3.9202357e-9, 5.8666588e+1
-0.176, 8.1068734e-9, -3.9062904e-9, 5.8999920e+1
-0.177, 8.1860030e-9, -3.8929353e-9, 5.9333252e+1
-0.178, 8.2268672e-9, -3.8743804e-9, 5.9666584e+1
-0.179, 8.2944220e-9, -3.8588985e-9, 5.9999916e+1
-0.180, 8.3661114e-9, -3.8497987e-9, 6.0333248e+1
-0.181, 8.4186667e-9, -3.8365617e-9, 6.0666580e+1
-0.182, 8.4970875e-9, -3.8267527e-9, 6.0999912e+1
-0.183, 8.5561398e-9, -3.8154071e-9, 6.1333244e+1
-0.184, 8.6298355e-9, -3.8064250e-9, 6.1666576e+1
-0.185, 8.7042418e-9, -3.7949612e-9, 6.1999908e+1
-0.186, 8.7619938e-9, -3.7787697e-9, 6.2333241e+1
-0.187, 8.8378158e-9, -3.7626968e-9, 6.2666573e+1
-0.188, 8.9240313e-9, -3.7598604e-9, 6.2999905e+1
-0.189, 8.9659586e-9, -3.7513512e-9, 6.3333237e+1
-0.190, 9.0698897e-9, -3.7428420e-9, 6.3666569e+1
-0.191, 9.1274073e-9, -3.7297236e-9, 6.3999901e+1
-0.192, 9.2159835e-9, -3.7208598e-9, 6.4333237e+1
-0.193, 9.3121200e-9, -3.7092780e-9, 6.4666573e+1
-0.194, 9.3664472e-9, -3.6916687e-9, 6.4999908e+1
-0.195, 9.4526635e-9, -3.6797323e-9, 6.5333244e+1
-0.196, 9.5434851e-9, -3.6732319e-9, 6.5666580e+1
-0.197, 9.6219059e-9, -3.6616501e-9, 6.5999916e+1
-0.198, 9.7116644e-9, -3.6553864e-9, 6.6333252e+1
-0.199, 9.8014228e-9, -3.6446319e-9, 6.6666588e+1
-0.200, 9.8868123e-9, -3.6352952e-9, 6.6999924e+1
-0.201, 9.9824762e-9, -3.6304493e-9, 6.7333260e+1
-0.202, 1.0027474e-8, -3.6259584e-9, 6.7666595e+1
-0.203, 1.0134711e-8, -3.6215861e-9, 6.7999931e+1
-0.204, 1.0219155e-8, -3.6152039e-9, 6.8333267e+1
-0.205, 1.0331944e-8, -3.6143768e-9, 6.8666603e+1
-0.206, 1.0395011e-8, -3.6097676e-9, 6.8999939e+1
-0.207, 1.0460559e-8, -3.6040948e-9, 6.9333275e+1
-0.208, 1.0537208e-8, -3.6044494e-9, 6.9666611e+1
-0.209, 1.0645390e-8, -3.6096490e-9, 6.9999947e+1
-0.210, 1.0707041e-8, -3.6123675e-9, 7.0333282e+1
-0.211, 1.0808728e-8, -3.6134311e-9, 7.0666618e+1
-0.212, 1.0911124e-8, -3.6181589e-9, 7.0999954e+1
-0.213, 1.0988010e-8, -3.6252494e-9, 7.1333290e+1
-0.214, 1.1104460e-8, -3.6322221e-9, 7.1666626e+1
-0.215, 1.1202013e-8, -3.6393133e-9, 7.1999962e+1
-0.216, 1.1326848e-8, -3.6488865e-9, 7.2333298e+1
-0.217, 1.1456999e-8, -3.6572774e-9, 7.2666634e+1
-0.218, 1.1548646e-8, -3.6679138e-9, 7.2999969e+1
-0.219, 1.1699583e-8, -3.6804413e-9, 7.3333305e+1
-0.220, 1.1852999e-8, -3.6942687e-9, 7.3666641e+1
-0.221, 1.1963899e-8, -3.7098691e-9, 7.3999977e+1
-0.222, 1.2120149e-8, -3.7284242e-9, 7.4333313e+1
-0.223, 1.2261637e-8, -3.7431969e-9, 7.4666649e+1
-0.224, 1.2424502e-8, -3.7626968e-9, 7.4999985e+1
-0.225, 1.2602722e-8, -3.7865702e-9, 7.5333321e+1
-0.226, 1.2744209e-8, -3.8081978e-9, 7.5666656e+1
-0.227, 1.2930577e-8, -3.8353800e-9, 7.5999992e+1
-0.228, 1.3122258e-8, -3.8609076e-9, 7.6333328e+1
-0.229, 1.3293863e-8, -3.8886809e-9, 7.6666664e+1
-0.230, 1.3498891e-8, -3.9188177e-9, 7.7000000e+1
-0.231, 1.3683723e-8, -3.9469450e-9, 7.7333336e+1
-0.232, 1.3888396e-8, -3.9798005e-9, 7.7666672e+1
-0.233, 1.4102045e-8, -4.0141916e-9, 7.8000008e+1
-0.234, 1.4275302e-8, -4.0496468e-9, 7.8333344e+1
-0.235, 1.4500173e-8, -4.0882928e-9, 7.8666679e+1
-0.236, 1.4722088e-8, -4.1285935e-9, 7.9000015e+1
-0.237, 1.4925345e-8, -4.1662940e-9, 7.9333351e+1
-0.238, 1.5155292e-8, -4.2116763e-9, 7.9666687e+1
-0.239, 1.5365398e-8, -4.2538675e-9, 8.0000023e+1
-0.240, 1.5581410e-8, -4.2980681e-9, 8.0333359e+1
-0.241, 1.5823403e-8, -4.3425055e-9, 8.0666695e+1
-0.242, 1.6038587e-8, -4.3881241e-9, 8.1000031e+1
-0.243, 1.6251528e-8, -4.4437889e-9, 8.1333366e+1
-0.244, 1.6511709e-8, -4.4834989e-9, 8.1666702e+1
-0.245, 1.6723471e-8, -4.5343174e-9, 8.2000038e+1
-0.246, 1.7007391e-8, -4.5800546e-9, 8.2333374e+1
-0.247, 1.7116637e-8, -4.6592374e-9, 8.2666710e+1
-0.248, 1.7331585e-8, -4.7296749e-9, 8.3000046e+1
-0.249, 1.7535552e-8, -4.7969211e-9, 8.3333382e+1
-0.250, 1.7781383e-8, -4.8470312e-9, 8.3666718e+1
-0.251, 1.8009086e-8, -4.9151052e-9, 8.4000053e+1
-0.252, 1.8248425e-8, -4.9822333e-9, 8.4333389e+1
-0.253, 1.8434614e-8, -5.0416800e-9, 8.4666725e+1
-0.254, 1.8680211e-8, -5.1122351e-9, 8.5000061e+1
-0.255, 1.8895218e-8, -5.1857452e-9, 8.5333397e+1
-0.256, 1.9113649e-8, -5.2576010e-9, 8.5666733e+1
-0.257, 1.9348262e-8, -5.3352478e-9, 8.6000069e+1
-0.258, 1.9531265e-8, -5.4169123e-9, 8.6333405e+1
-0.259, 1.9749875e-8, -5.4983409e-9, 8.6666740e+1
-0.260, 1.9972852e-8, -5.5772871e-9, 8.7000076e+1
-0.261, 2.0170617e-8, -5.6585976e-9, 8.7333412e+1
-0.262, 2.0390290e-8, -5.7425082e-9, 8.7666748e+1
-0.263, 2.0595731e-8, -5.8287819e-9, 8.8000084e+1
-0.264, 2.0790011e-8, -5.9142287e-9, 8.8333420e+1
-0.265, 2.1010155e-8, -6.0002665e-9, 8.8666756e+1
-0.266, 2.1165697e-8, -6.0832317e-9, 8.9000092e+1
-0.267, 2.1371257e-8, -6.1648961e-9, 8.9333427e+1
-0.268, 2.1561817e-8, -6.2536523e-9, 8.9666763e+1
-0.269, 2.1714939e-8, -6.3349628e-9, 9.0000099e+1
-0.270, 2.1891148e-8, -6.4150907e-9, 9.0333435e+1
-0.271, 2.2051712e-8, -6.4919101e-9, 9.0666771e+1
-0.272, 2.2193673e-8, -6.5714474e-9, 9.1000107e+1
-0.273, 2.2365336e-8, -6.6489756e-9, 9.1333443e+1
-0.274, 2.2485327e-8, -6.7240222e-9, 9.1666779e+1
-0.275, 2.2652562e-8, -6.7948149e-9, 9.2000114e+1
-0.276, 2.2780883e-8, -6.8687975e-9, 9.2333450e+1
-0.277, 2.2921663e-8, -6.9261166e-9, 9.2666786e+1
-0.278, 2.3028665e-8, -7.0044721e-9, 9.3000122e+1
-0.279, 2.3062913e-8, -7.0948825e-9, 9.3333458e+1
-0.280, 2.3214440e-8, -7.1618929e-9, 9.3666794e+1
-0.281, 2.3154621e-8, -7.2494672e-9, 9.4000130e+1
-0.282, 2.3341933e-8, -7.2859856e-9, 9.4333466e+1
-0.283, 2.3444683e-8, -7.3427135e-9, 9.4666801e+1
-0.284, 2.3543596e-8, -7.3947142e-9, 9.5000137e+1
-0.285, 2.3570285e-8, -7.4519146e-9, 9.5333473e+1
-0.286, 2.3673980e-8, -7.4975341e-9, 9.5666809e+1
-0.287, 2.3738526e-8, -7.5457534e-9, 9.6000145e+1
-0.288, 2.3804427e-8, -7.5884170e-9, 9.6333481e+1
-0.289, 2.3865015e-8, -7.6251725e-9, 9.6666817e+1
-0.290, 2.3894067e-8, -7.6672446e-9, 9.7000153e+1
-0.291, 2.3953769e-8, -7.7060101e-9, 9.7333488e+1
-0.292, 2.4005615e-8, -7.7409927e-9, 9.7666824e+1
-0.293, 2.4040691e-8, -7.7744380e-9, 9.8000160e+1
-0.294, 2.4109312e-8, -7.8081195e-9, 9.8333496e+1
-0.295, 2.4153776e-8, -7.8377846e-9, 9.8666832e+1
-0.296, 2.4212946e-8, -7.8682758e-9, 9.9000168e+1
-0.297, 2.4291486e-8, -7.8930942e-9, 9.9333504e+1
-0.298, 2.4315757e-8, -7.9142488e-9, 9.9666840e+1
-0.299, 2.4390042e-8, -7.9395406e-9, 1.0000018e+2
-0.300, 2.4446614e-8, -7.9576221e-9, 1.0033351e+2
-0.301, 2.4493147e-8, -7.9767686e-9, 1.0066685e+2
-0.302, 2.4562945e-8, -7.9959142e-9, 1.0100018e+2
-0.303, 2.4608180e-8, -8.0137594e-9, 1.0133352e+2
-0.304, 2.4653355e-8, -8.0256966e-9, 1.0166685e+2
-0.305, 2.4732071e-8, -8.0382234e-9, 1.0200019e+2
-0.306, 2.4762601e-8, -8.0570146e-9, 1.0233353e+2
-0.307, 2.4837538e-8, -8.0682421e-9, 1.0266686e+2
-0.308, 2.4886077e-8, -8.0780520e-9, 1.0300020e+2
-0.309, 2.4902494e-8, -8.0906970e-9, 1.0333353e+2
-0.310, 2.4944127e-8, -8.1031066e-9, 1.0366687e+2
-0.311, 2.4967038e-8, -8.1093701e-9, 1.0400021e+2
-0.312, 2.5002468e-8, -8.1195344e-9, 1.0433354e+2
-0.313, 2.5050301e-8, -8.1283975e-9, 1.0466688e+2
-0.314, 2.5053904e-8, -8.1337159e-9, 1.0500021e+2
-0.315, 2.5085557e-8, -8.1425791e-9, 1.0533355e+2
-0.316, 2.5106932e-8, -8.1478984e-9, 1.0566689e+2
-0.317, 2.5102386e-8, -8.1533340e-9, 1.0600022e+2
-0.318, 2.5143542e-8, -8.1569977e-9, 1.0633356e+2
-0.319, 2.5151691e-8, -8.1651521e-9, 1.0666689e+2
-0.320, 2.5161553e-8, -8.1675164e-9, 1.0700023e+2
-0.321, 2.5192497e-8, -8.1748430e-9, 1.0733356e+2
-0.322, 2.5194625e-8, -8.1781542e-9, 1.0766690e+2
-0.323, 2.5216353e-8, -8.1837070e-9, 1.0800024e+2
-0.324, 2.5238794e-8, -8.1907992e-9, 1.0833357e+2
-0.325, 2.5243869e-8, -8.1930436e-9, 1.0866691e+2
-0.326, 2.5278714e-8, -8.1959985e-9, 1.0900024e+2
-0.327, 2.5282139e-8, -8.1998985e-9, 1.0933358e+2
-0.328, 2.5302276e-8, -8.1988354e-9, 1.0966692e+2
-0.329, 2.5330502e-8, -8.2146716e-9, 1.1000025e+2
-0.330, 2.5315678e-8, -8.2210541e-9, 1.1033359e+2
-0.331, 2.5351170e-8, -8.2218810e-9, 1.1066692e+2
-0.332, 2.5371367e-8, -8.2269622e-9, 1.1100026e+2
-0.333, 2.5355599e-8, -8.2333447e-9, 1.1133360e+2
-0.334, 2.5386425e-8, -8.2374800e-9, 1.1166693e+2
-0.335, 2.5398705e-8, -8.2445721e-9, 1.1200027e+2
-0.336, 2.5405440e-8, -8.2450446e-9, 1.1233360e+2
-0.337, 2.5443232e-8, -8.2456362e-9, 1.1266694e+2
-0.338, 2.5438036e-8, -8.2574543e-9, 1.1300027e+2
-0.339, 2.5470513e-8, -8.2607636e-9, 1.1333361e+2
-0.340, 2.5493840e-8, -8.2680902e-9, 1.1366695e+2
-0.341, 2.5493307e-8, -8.2757730e-9, 1.1400028e+2
-0.342, 2.5527969e-8, -8.2796729e-9, 1.1433362e+2
-0.343, 2.5531868e-8, -8.2855820e-9, 1.1466695e+2
-0.344, 2.5555430e-8, -8.2935001e-9, 1.1500029e+2
-0.345, 2.5594229e-8, -8.2924370e-9, 1.1533363e+2
-0.346, 2.5591806e-8, -8.3024814e-9, 1.1566696e+2
-0.347, 2.5619796e-8, -8.3160732e-9, 1.1600030e+2
-0.348, 2.5657824e-8, -8.3263556e-9, 1.1633363e+2
-0.349, 2.5654579e-8, -8.3345100e-9, 1.1666697e+2
-0.350, 2.5703946e-8, -8.3420728e-9, 1.1700031e+2
-0.351, 2.5734121e-8, -8.3497556e-9, 1.1733364e+2
-0.352, 2.5768195e-8, -8.3586187e-9, 1.1766698e+2
-0.353, 2.5805452e-8, -8.3671292e-9, 1.1800031e+2
-0.354, 2.5809291e-8, -8.3743368e-9, 1.1833365e+2
-0.355, 2.5852755e-8, -8.3860376e-9, 1.1866698e+2
-0.356, 2.5887299e-8, -8.3966745e-9, 1.1900032e+2
-0.357, 2.5908912e-8, -8.4040019e-9, 1.1933366e+2
-0.358, 2.5954440e-8, -8.4125107e-9, 1.1966699e+2
-0.359, 2.5981310e-8, -8.4186560e-9, 1.2000033e+2
-0.360, 2.6004756e-8, -8.4222016e-9, 1.2033366e+2
-0.361, 2.6058906e-8, -8.4282297e-9, 1.2066700e+2
-0.362, 2.6051051e-8, -8.4362668e-9, 1.2100034e+2
-0.363, 2.6108507e-8, -8.4451299e-9, 1.2133367e+2
-0.364, 2.6149431e-8, -8.4493843e-9, 1.2166701e+2
-0.365, 2.6175059e-8, -8.4573024e-9, 1.2200034e+2
-0.366, 2.6226258e-8, -8.4630933e-9, 1.2233368e+2
-0.367, 2.6258794e-8, -8.4651024e-9, 1.2266702e+2
-0.368, 2.6288143e-8, -8.4732568e-9, 1.2300035e+2
-0.369, 2.6348141e-8, -8.4816483e-9, 1.2333369e+2
-0.370, 2.6373472e-8, -8.4830667e-9, 1.2366702e+2
-0.371, 2.6419416e-8, -8.4834211e-9, 1.2400036e+2
-0.372, 2.6471028e-8, -8.4794030e-9, 1.2433369e+2
-0.373, 2.6512184e-8, -8.4802307e-9, 1.2466703e+2
-0.374, 2.6570765e-8, -8.4863760e-9, 1.2500037e+2
-0.375, 2.6614229e-8, -8.4938216e-9, 1.2533370e+2
-0.376, 2.6674522e-8, -8.4912211e-9, 1.2566704e+2
-0.377, 2.6749046e-8, -8.4869658e-9, 1.2600037e+2
-0.378, 2.6788786e-8, -8.4850758e-9, 1.2633371e+2
-0.379, 2.6866026e-8, -8.4914573e-9, 1.2666705e+2
-0.380, 2.6933698e-8, -8.4942942e-9, 1.2700038e+2
-0.381, 2.6964758e-8, -8.4968939e-9, 1.2733372e+2
-0.382, 2.7048966e-8, -8.4914573e-9, 1.2766705e+2
-0.383, 2.7109966e-8, -8.4848386e-9, 1.2800038e+2
-0.384, 2.7171499e-8, -8.4875573e-9, 1.2833371e+2
-0.385, 2.7255767e-8, -8.4778664e-9, 1.2866704e+2
-0.386, 2.7305783e-8, -8.4795211e-9, 1.2900037e+2
-0.387, 2.7368555e-8, -8.4859026e-9, 1.2933369e+2
-0.388, 2.7438707e-8, -8.4857845e-9, 1.2966702e+2
-0.389, 2.7495101e-8, -8.4914573e-9, 1.3000035e+2
-0.390, 2.7568916e-8, -8.4876755e-9, 1.3033368e+2
-0.391, 2.7629504e-8, -8.4876755e-9, 1.3066701e+2
-0.392, 2.7676512e-8, -8.4857845e-9, 1.3100034e+2
-0.393, 2.7756229e-8, -8.4822398e-9, 1.3133366e+2
-0.394, 2.7782569e-8, -8.4836573e-9, 1.3166699e+2
-0.395, 2.7845044e-8, -8.4856664e-9, 1.3200032e+2
-0.396, 2.7893586e-8, -8.4888576e-9, 1.3233365e+2
-0.397, 2.7921336e-8, -8.4959497e-9, 1.3266698e+2
-0.398, 2.7992908e-8, -8.5004395e-9, 1.3300031e+2
-0.399, 2.8041864e-8, -8.4999678e-9, 1.3333363e+2
