Feb. 2, 2006   23:18:45
Cyclic Voltammetry
File: z:\users\scottsaunders\git\labwork\ida\01_23_19_psoralen_nonequil_3\data\control\1\75um_control_soak_1_gc_1.txt
Data Source:  Experiment
Instrument Model:  CHI760E
Header: 
Note: 

Init E (V) = 0
High E (V) = 0
Low E (V) = -0.4
Init P/N = N
Scan Rate (V/s) = 0.003
Segment = 1
Sample Interval (V) = 0.001
Quiet Time (sec) = 2
Sensitivity (A/V) = 1e-5
2nd E (V) = 0
Sens 2 (A/V) = 1e-5

Potential/V, i1/A, i2/A, Time/s

0.000, -9.7233475e-8, -9.1175501e-8, 3.3333334e-1
-0.001, -8.6238039e-8, -8.3269022e-8, 6.6666669e-1
-0.002, -7.9199062e-8, -7.7300747e-8, 1.0000000e+0
-0.003, -7.3719058e-8, -7.2549767e-8, 1.3333334e+0
-0.004, -6.9431906e-8, -6.8543343e-8, 1.6666667e+0
-0.005, -6.5936042e-8, -6.5269660e-8, 2.0000000e+0
-0.006, -6.2865347e-8, -6.2374170e-8, 2.3333333e+0
-0.007, -6.0113528e-8, -5.9915948e-8, 2.6666665e+0
-0.008, -5.7716036e-8, -5.7989553e-8, 2.9999998e+0
-0.009, -5.5495686e-8, -5.6240435e-8, 3.3333330e+0
-0.010, -5.3511545e-8, -5.4668597e-8, 3.6666663e+0
-0.011, -5.1645515e-8, -5.3285849e-8, 3.9999995e+0
-0.012, -4.9944820e-8, -5.1997649e-8, 4.3333330e+0
-0.013, -4.8551204e-8, -5.0803994e-8, 4.6666665e+0
-0.014, -4.7157577e-8, -4.9787616e-8, 5.0000000e+0
-0.015, -4.5893870e-8, -4.8771238e-8, 5.3333335e+0
-0.016, -4.4830937e-8, -4.7908500e-8, 5.6666670e+0
-0.017, -4.3614474e-8, -4.7081215e-8, 6.0000005e+0
-0.018, -4.2669640e-8, -4.6313016e-8, 6.3333340e+0
-0.019, -4.1630333e-8, -4.5544827e-8, 6.6666675e+0
-0.020, -4.0909903e-8, -4.4859359e-8, 7.0000010e+0
-0.021, -4.0059554e-8, -4.4221174e-8, 7.3333344e+0
-0.022, -3.9291884e-8, -4.3642071e-8, 7.6666679e+0
-0.023, -3.8677747e-8, -4.3133884e-8, 8.0000010e+0
-0.024, -3.7992749e-8, -4.2566601e-8, 8.3333340e+0
-0.025, -3.7319555e-8, -4.2093870e-8, 8.6666670e+0
-0.026, -3.6681797e-8, -4.1526587e-8, 9.0000000e+0
-0.027, -3.6173951e-8, -4.1101121e-8, 9.3333330e+0
-0.028, -3.5607055e-8, -4.0770210e-8, 9.6666660e+0
-0.029, -3.5122831e-8, -4.0522025e-8, 9.9999990e+0
-0.030, -3.4792141e-8, -4.0132022e-8, 1.0333332e+1
-0.031, -3.4260676e-8, -3.9848381e-8, 1.0666665e+1
-0.032, -3.3717395e-8, -3.9541099e-8, 1.0999998e+1
-0.033, -3.3174121e-8, -3.9127460e-8, 1.1333331e+1
-0.034, -3.2713515e-8, -3.8808363e-8, 1.1666664e+1
-0.035, -3.2264726e-8, -3.8560177e-8, 1.1999997e+1
-0.036, -3.1756880e-8, -3.8193807e-8, 1.2333330e+1
-0.037, -3.1308090e-8, -3.7851080e-8, 1.2666663e+1
-0.038, -3.0953775e-8, -3.7449254e-8, 1.2999996e+1
-0.039, -3.0528604e-8, -3.7094701e-8, 1.3333329e+1
-0.040, -3.0068001e-8, -3.6787426e-8, 1.3666662e+1
-0.041, -2.9631016e-8, -3.6562877e-8, 1.3999995e+1
-0.042, -2.9406621e-8, -3.6255596e-8, 1.4333328e+1
-0.043, -2.9146793e-8, -3.6066503e-8, 1.4666661e+1
-0.044, -2.8780670e-8, -3.6007414e-8, 1.4999994e+1
-0.045, -2.8473604e-8, -3.5806501e-8, 1.5333327e+1
-0.046, -2.8296446e-8, -3.5428315e-8, 1.5666660e+1
-0.047, -2.7942136e-8, -3.5215582e-8, 1.5999993e+1
-0.048, -2.7764981e-8, -3.5310130e-8, 1.6333326e+1
-0.049, -2.7375240e-8, -3.5168313e-8, 1.6666660e+1
-0.050, -2.7091792e-8, -3.5026488e-8, 1.6999994e+1
-0.051, -2.6950065e-8, -3.4943763e-8, 1.7333328e+1
-0.052, -2.6749291e-8, -3.4577393e-8, 1.7666662e+1
-0.053, -2.6501274e-8, -3.4364664e-8, 1.7999996e+1
-0.054, -2.6182395e-8, -3.4163751e-8, 1.8333330e+1
-0.055, -2.5709978e-8, -3.4081022e-8, 1.8666664e+1
-0.056, -2.5591875e-8, -3.3868290e-8, 1.8999998e+1
-0.057, -2.5402912e-8, -3.3750108e-8, 1.9333332e+1
-0.058, -2.5119462e-8, -3.3620108e-8, 1.9666666e+1
-0.059, -2.4965926e-8, -3.3407375e-8, 2.0000000e+1
-0.060, -2.4647049e-8, -3.3052824e-8, 2.0333334e+1
-0.061, -2.4528942e-8, -3.2757367e-8, 2.0666668e+1
-0.062, -2.4245496e-8, -3.2710091e-8, 2.1000002e+1
-0.063, -2.3997480e-8, -3.2710091e-8, 2.1333336e+1
-0.064, -2.3843944e-8, -3.2556454e-8, 2.1666670e+1
-0.065, -2.3584116e-8, -3.2426453e-8, 2.2000004e+1
-0.066, -2.3383341e-8, -3.2190083e-8, 2.2333338e+1
-0.067, -2.3206184e-8, -3.2095535e-8, 2.2666672e+1
-0.068, -2.3088083e-8, -3.2154627e-8, 2.3000006e+1
-0.069, -2.2851873e-8, -3.2095535e-8, 2.3333340e+1
-0.070, -2.2662910e-8, -3.1918262e-8, 2.3666674e+1
-0.071, -2.2438513e-8, -3.1800077e-8, 2.4000008e+1
-0.072, -2.2308599e-8, -3.1705529e-8, 2.4333342e+1
-0.073, -2.2261357e-8, -3.1693716e-8, 2.4666676e+1
-0.074, -2.2261357e-8, -3.1504619e-8, 2.5000010e+1
-0.075, -2.2131442e-8, -3.1504619e-8, 2.5333344e+1
-0.076, -2.2001529e-8, -3.1551895e-8, 2.5666677e+1
-0.077, -2.1942476e-8, -3.1563712e-8, 2.6000011e+1
-0.078, -2.1706269e-8, -3.1504619e-8, 2.6333345e+1
-0.079, -2.1623595e-8, -3.1445527e-8, 2.6666679e+1
-0.080, -2.1540925e-8, -3.1398255e-8, 2.7000013e+1
-0.081, -2.1552736e-8, -3.1303710e-8, 2.7333347e+1
-0.082, -2.1493683e-8, -3.1256434e-8, 2.7666681e+1
-0.083, -2.1399201e-8, -3.1291890e-8, 2.8000015e+1
-0.084, -2.1257478e-8, -3.1256434e-8, 2.8333349e+1
-0.085, -2.1056703e-8, -3.1197342e-8, 2.8666683e+1
-0.086, -2.0997650e-8, -3.1102797e-8, 2.9000017e+1
-0.087, -2.0926787e-8, -3.1079161e-8, 2.9333351e+1
-0.088, -2.0820494e-8, -3.1126433e-8, 2.9666685e+1
-0.089, -2.0690578e-8, -3.0925520e-8, 3.0000019e+1
-0.090, -2.0678769e-8, -3.0949156e-8, 3.0333353e+1
-0.091, -2.0466183e-8, -3.0689154e-8, 3.0666687e+1
-0.092, -2.0253598e-8, -3.0440965e-8, 3.1000021e+1
-0.093, -2.0017390e-8, -3.0783699e-8, 3.1333355e+1
-0.094, -1.9934717e-8, -3.0464605e-8, 3.1666689e+1
-0.095, -1.9698511e-8, -3.0145511e-8, 3.2000023e+1
-0.096, -1.9674889e-8, -3.0204603e-8, 3.2333355e+1
-0.097, -1.9580407e-8, -3.0228239e-8, 3.2666687e+1
-0.098, -1.9497735e-8, -3.0180964e-8, 3.3000019e+1
-0.099, -1.9403252e-8, -3.0263696e-8, 3.3333351e+1
-0.100, -1.9462304e-8, -3.0251872e-8, 3.3666683e+1
-0.101, -1.9320579e-8, -3.0180964e-8, 3.4000015e+1
-0.102, -1.9190665e-8, -3.0192780e-8, 3.4333347e+1
-0.103, -1.9048940e-8, -3.0133691e-8, 3.4666679e+1
-0.104, -1.9107993e-8, -3.0204603e-8, 3.5000011e+1
-0.105, -1.9013509e-8, -3.0429149e-8, 3.5333344e+1
-0.106, -1.9131614e-8, -3.0381877e-8, 3.5666676e+1
-0.107, -1.8966269e-8, -3.0145511e-8, 3.6000008e+1
-0.108, -1.8895406e-8, -3.0121871e-8, 3.6333340e+1
-0.109, -1.8800923e-8, -3.0180964e-8, 3.6666672e+1
-0.110, -1.8730061e-8, -3.0180964e-8, 3.7000004e+1
-0.111, -1.8647388e-8, -3.0133691e-8, 3.7333336e+1
-0.112, -1.8600147e-8, -3.0169147e-8, 3.7666668e+1
-0.113, -1.8458422e-8, -3.0145511e-8, 3.8000000e+1
-0.114, -1.8257648e-8, -3.0015510e-8, 3.8333332e+1
-0.115, -1.8056872e-8, -3.0050963e-8, 3.8666664e+1
-0.116, -1.7856095e-8, -3.0039146e-8, 3.8999996e+1
-0.117, -1.7808853e-8, -2.9814597e-8, 3.9333328e+1
-0.118, -1.7749803e-8, -2.9637318e-8, 3.9666660e+1
-0.119, -1.7714370e-8, -2.9530955e-8, 3.9999992e+1
-0.120, -1.7407302e-8, -2.9554592e-8, 4.0333324e+1
-0.121, -1.7241957e-8, -2.9507317e-8, 4.0666656e+1
-0.122, -1.7230146e-8, -2.9412771e-8, 4.0999989e+1
-0.123, -1.7100232e-8, -2.9270950e-8, 4.1333321e+1
-0.124, -1.7017561e-8, -2.9400951e-8, 4.1666653e+1
-0.125, -1.6828595e-8, -2.9365498e-8, 4.1999985e+1
-0.126, -1.6580577e-8, -2.9660956e-8, 4.2333317e+1
-0.127, -1.6592388e-8, -2.9802777e-8, 4.2666649e+1
-0.128, -1.6698682e-8, -2.9850050e-8, 4.2999981e+1
-0.129, -1.6533336e-8, -2.9660956e-8, 4.3333313e+1
-0.130, -1.6462474e-8, -2.9530955e-8, 4.3666645e+1
-0.131, -1.6367991e-8, -2.9412771e-8, 4.3999977e+1
-0.132, -1.6238078e-8, -2.9542772e-8, 4.4333309e+1
-0.133, -1.6155406e-8, -2.9566410e-8, 4.4666641e+1
-0.134, -1.6049110e-8, -2.9660956e-8, 4.4999973e+1
-0.135, -1.5895576e-8, -2.9578226e-8, 4.5333305e+1
-0.136, -1.5671180e-8, -2.9483681e-8, 4.5666637e+1
-0.137, -1.5423163e-8, -2.9495499e-8, 4.5999969e+1
-0.138, -1.5446783e-8, -2.9400951e-8, 4.6333302e+1
-0.139, -1.5163335e-8, -2.9389136e-8, 4.6666634e+1
-0.140, -1.4962559e-8, -2.9436407e-8, 4.6999966e+1
-0.141, -1.4820835e-8, -2.9318223e-8, 4.7333298e+1
-0.142, -1.4608250e-8, -2.9152766e-8, 4.7666630e+1
-0.143, -1.4419283e-8, -2.9070039e-8, 4.7999962e+1
-0.144, -1.4242127e-8, -2.9129129e-8, 4.8333294e+1
-0.145, -1.4029542e-8, -2.9294588e-8, 4.8666626e+1
-0.146, -1.3769714e-8, -2.9353679e-8, 4.8999958e+1
-0.147, -1.3592558e-8, -2.9318223e-8, 4.9333290e+1
-0.148, -1.3368162e-8, -2.9188222e-8, 4.9666622e+1
-0.149, -1.3155576e-8, -2.9093673e-8, 4.9999954e+1
-0.150, -1.3025662e-8, -2.9223678e-8, 5.0333286e+1
-0.151, -1.2694972e-8, -2.9365498e-8, 5.0666618e+1
-0.152, -1.2494196e-8, -2.9412771e-8, 5.0999950e+1
-0.153, -1.2293420e-8, -2.9530955e-8, 5.1333282e+1
-0.154, -1.2246178e-8, -2.9542772e-8, 5.1666615e+1
-0.155, -1.2080833e-8, -2.9306406e-8, 5.1999947e+1
-0.156, -1.1844626e-8, -2.9377315e-8, 5.2333279e+1
-0.157, -1.1537557e-8, -2.9495499e-8, 5.2666611e+1
-0.158, -1.1324970e-8, -2.9660956e-8, 5.2999943e+1
-0.159, -1.1112385e-8, -2.9708231e-8, 5.3333275e+1
-0.160, -1.0734454e-8, -2.9814597e-8, 5.3666607e+1
-0.161, -1.0427384e-8, -2.9814597e-8, 5.3999939e+1
-0.162, -1.0262038e-8, -2.9909142e-8, 5.4333271e+1
-0.163, -1.0073074e-8, -2.9920962e-8, 5.4666603e+1
-0.164, -9.8722976e-9, -3.0027323e-8, 5.4999935e+1
-0.165, -9.4825561e-9, -3.0133691e-8, 5.5333267e+1
-0.166, -9.1282448e-9, -3.0216420e-8, 5.5666599e+1
-0.167, -8.9629006e-9, -3.0204603e-8, 5.5999931e+1
-0.168, -8.5022958e-9, -3.0263696e-8, 5.6333263e+1
-0.169, -8.0535036e-9, -3.0275512e-8, 5.6666595e+1
-0.170, -7.6991933e-9, -3.0310964e-8, 5.6999928e+1
-0.171, -7.1322956e-9, -3.0464605e-8, 5.7333260e+1
-0.172, -6.6835022e-9, -3.0665515e-8, 5.7666592e+1
-0.173, -6.2819505e-9, -3.0830975e-8, 5.7999924e+1
-0.174, -5.7386744e-9, -3.0972792e-8, 5.8333256e+1
-0.175, -5.3253117e-9, -3.1067341e-8, 5.8666588e+1
-0.176, -5.0064326e-9, -3.1161886e-8, 5.8999920e+1
-0.177, -4.1560870e-9, -3.1362802e-8, 5.9333252e+1
-0.178, -3.6246213e-9, -3.1492803e-8, 5.9666584e+1
-0.179, -3.1994487e-9, -3.1646437e-8, 5.9999916e+1
-0.180, -2.5144484e-9, -3.1788261e-8, 6.0333248e+1
-0.181, -1.8294478e-9, -3.2095535e-8, 6.0666580e+1
-0.182, -1.1798783e-9, -3.2355540e-8, 6.0999912e+1
-0.183, -4.9487792e-10, -3.2591910e-8, 6.1333244e+1
-0.184, 3.2003636e-10, -3.2851915e-8, 6.1666576e+1
-0.185, 1.1585713e-9, -3.3029188e-8, 6.1999908e+1
-0.186, 2.0443478e-9, -3.3301014e-8, 6.2333241e+1
-0.187, 3.0482277e-9, -3.3620108e-8, 6.2666573e+1
-0.188, 3.9576245e-9, -3.3927382e-8, 6.2999905e+1
-0.189, 4.8079700e-9, -3.4234660e-8, 6.3333237e+1
-0.190, 5.9063328e-9, -3.4518298e-8, 6.3666569e+1
-0.191, 7.0401267e-9, -3.4991032e-8, 6.3999901e+1
-0.192, 8.2920240e-9, -3.5416495e-8, 6.4333237e+1
-0.193, 9.5675414e-9, -3.5841957e-8, 6.4666573e+1
-0.194, 1.0843060e-8, -3.6350144e-8, 6.4999908e+1
-0.195, 1.2236682e-8, -3.6952880e-8, 6.5333244e+1
-0.196, 1.3854700e-8, -3.7366526e-8, 6.5666580e+1
-0.197, 1.5354615e-8, -3.8016534e-8, 6.5999916e+1
-0.198, 1.6913582e-8, -3.8725634e-8, 6.6333252e+1
-0.199, 1.8602462e-8, -3.9505647e-8, 6.6666588e+1
-0.200, 2.0385825e-8, -4.0155658e-8, 6.6999924e+1
-0.201, 2.2216430e-8, -4.1065672e-8, 6.7333260e+1
-0.202, 2.4011603e-8, -4.2176595e-8, 6.7666595e+1
-0.203, 2.6149277e-8, -4.3062972e-8, 6.7999931e+1
-0.204, 2.8440486e-8, -4.4173898e-8, 6.8333267e+1
-0.205, 3.0790744e-8, -4.5379366e-8, 6.8666603e+1
-0.206, 3.3282731e-8, -4.6561205e-8, 6.8999939e+1
-0.207, 3.6058161e-8, -4.7719407e-8, 6.9333275e+1
-0.208, 3.8809972e-8, -4.9102152e-8, 6.9666611e+1
-0.209, 4.1963336e-8, -5.0662177e-8, 6.9999947e+1
-0.210, 4.4986788e-8, -5.2198562e-8, 7.0333282e+1
-0.211, 4.8293689e-8, -5.3841312e-8, 7.0666618e+1
-0.212, 5.1706881e-8, -5.5602246e-8, 7.0999954e+1
-0.213, 5.5238175e-8, -5.7315908e-8, 7.1333290e+1
-0.214, 5.9253694e-8, -5.9265936e-8, 7.1666626e+1
-0.215, 6.3328265e-8, -6.1700518e-8, 7.1999962e+1
-0.216, 6.7556371e-8, -6.4229646e-8, 7.2333298e+1
-0.217, 7.1819905e-8, -6.6936046e-8, 7.2666634e+1
-0.218, 7.6461376e-8, -6.9654270e-8, 7.2999969e+1
-0.219, 8.1457159e-8, -7.2207037e-8, 7.3333305e+1
-0.220, 8.7008019e-8, -7.5315270e-8, 7.3666641e+1
-0.221, 9.2476213e-8, -7.8766220e-8, 7.3999977e+1
-0.222, 9.8357773e-8, -8.2193559e-8, 7.4333313e+1
-0.223, 1.0452278e-7, -8.5739053e-8, 7.4666649e+1
-0.224, 1.1121924e-7, -8.9603660e-8, 7.4999985e+1
-0.225, 1.1811649e-7, -9.3763717e-8, 7.5333321e+1
-0.226, 1.2524994e-7, -9.8160150e-8, 7.5666656e+1
-0.227, 1.3286763e-7, -1.0284021e-7, 7.5999992e+1
-0.228, 1.4107582e-7, -1.0757937e-7, 7.6333328e+1
-0.229, 1.4955565e-7, -1.1237763e-7, 7.6666664e+1
-0.230, 1.5842521e-7, -1.1760134e-7, 7.7000000e+1
-0.231, 1.6755462e-7, -1.2317960e-7, 7.7333336e+1
-0.232, 1.7735721e-7, -1.2912425e-7, 7.7666672e+1
-0.233, 1.8733695e-7, -1.3528161e-7, 7.8000008e+1
-0.234, 1.9775369e-7, -1.4198260e-7, 7.8333344e+1
-0.235, 2.0870188e-7, -1.4882544e-7, 7.8666679e+1
-0.236, 2.2007526e-7, -1.5628281e-7, 7.9000015e+1
-0.237, 2.3153129e-7, -1.6374020e-7, 7.9333351e+1
-0.238, 2.4325897e-7, -1.7176487e-7, 7.9666687e+1
-0.239, 2.5577796e-7, -1.8021500e-7, 8.0000023e+1
-0.240, 2.6880477e-7, -1.8873601e-7, 8.0333359e+1
-0.241, 2.8218591e-7, -1.9775344e-7, 8.0666695e+1
-0.242, 2.9576779e-7, -2.0738540e-7, 8.1000031e+1
-0.243, 3.0994022e-7, -2.1712370e-7, 8.1333366e+1
-0.244, 3.2408903e-7, -2.2712204e-7, 8.1666702e+1
-0.245, 3.3886380e-7, -2.3755766e-7, 8.2000038e+1
-0.246, 3.5401649e-7, -2.4815873e-7, 8.2333374e+1
-0.247, 3.6931090e-7, -2.5929162e-7, 8.2666710e+1
-0.248, 3.8491234e-7, -2.7071994e-7, 8.3000046e+1
-0.249, 4.0100986e-7, -2.8265649e-7, 8.3333382e+1
-0.250, 4.1696566e-7, -2.9479395e-7, 8.3666718e+1
-0.251, 4.3345290e-7, -3.0701412e-7, 8.4000053e+1
-0.252, 4.5010546e-7, -3.1902155e-7, 8.4333389e+1
-0.253, 4.6630930e-7, -3.3107631e-7, 8.4666725e+1
-0.254, 4.8312722e-7, -3.4378104e-7, 8.5000061e+1
-0.255, 5.0018139e-7, -3.5699395e-7, 8.5333397e+1
-0.256, 5.1702295e-7, -3.7002957e-7, 8.5666733e+1
-0.257, 5.3420700e-7, -3.8314795e-7, 8.6000069e+1
-0.258, 5.5124934e-7, -3.9671542e-7, 8.6333405e+1
-0.259, 5.6822080e-7, -4.1066110e-7, 8.6666740e+1
-0.260, 5.8501513e-7, -4.2432313e-7, 8.7000076e+1
-0.261, 6.0179764e-7, -4.3813878e-7, 8.7333412e+1
-0.262, 6.1858015e-7, -4.5201352e-7, 8.7666748e+1
-0.263, 6.3480763e-7, -4.6571100e-7, 8.8000084e+1
-0.264, 6.5082236e-7, -4.7963300e-7, 8.8333420e+1
-0.265, 6.6707344e-7, -4.9343686e-7, 8.8666756e+1
-0.266, 6.8295844e-7, -5.0670889e-7, 8.9000092e+1
-0.267, 6.9873704e-7, -5.1988633e-7, 8.9333427e+1
-0.268, 7.1393697e-7, -5.3305200e-7, 8.9666763e+1
-0.269, 7.2905419e-7, -5.4625309e-7, 9.0000099e+1
-0.270, 7.4405335e-7, -5.5911147e-7, 9.0333435e+1
-0.271, 7.5879268e-7, -5.7215897e-7, 9.0666771e+1
-0.272, 7.7296500e-7, -5.8526547e-7, 9.1000107e+1
-0.273, 7.8692489e-7, -5.9787567e-7, 9.1333443e+1
-0.274, 8.0009346e-7, -6.1024951e-7, 9.1666779e+1
-0.275, 8.1284861e-7, -6.2270601e-7, 9.2000114e+1
-0.276, 8.2532040e-7, -6.3477256e-7, 9.2333450e+1
-0.277, 8.3778031e-7, -6.4638999e-7, 9.2666786e+1
-0.278, 8.4950796e-7, -6.5788930e-7, 9.3000122e+1
-0.279, 8.6085771e-7, -6.6889220e-7, 9.3333458e+1
-0.280, 8.7217200e-7, -6.7928050e-7, 9.3666794e+1
-0.281, 8.8348639e-7, -6.8969246e-7, 9.4000130e+1
-0.282, 8.9419831e-7, -7.0022259e-7, 9.4333466e+1
-0.283, 9.0453244e-7, -7.1050465e-7, 9.4666801e+1
-0.284, 9.1458304e-7, -7.1966383e-7, 9.5000137e+1
-0.285, 9.2419657e-7, -7.2948490e-7, 9.5333473e+1
-0.286, 9.3336149e-7, -7.3908143e-7, 9.5666809e+1
-0.287, 9.4225464e-7, -7.4781514e-7, 9.6000145e+1
-0.288, 9.5080537e-7, -7.5651343e-7, 9.6333481e+1
-0.289, 9.5887185e-7, -7.6473907e-7, 9.6666817e+1
-0.290, 9.6672568e-7, -7.7272824e-7, 9.7000153e+1
-0.291, 9.7469763e-7, -7.8028023e-7, 9.7333488e+1
-0.292, 9.8219732e-7, -7.8806846e-7, 9.7666824e+1
-0.293, 9.8927171e-7, -7.9536034e-7, 9.8000160e+1
-0.294, 9.9607439e-7, -8.0253415e-7, 9.8333496e+1
-0.295, 1.0025701e-6, -8.0953060e-7, 9.8666832e+1
-0.296, 1.0090304e-6, -8.1625524e-7, 9.9000168e+1
-0.297, 1.0150774e-6, -8.2274352e-7, 9.9333504e+1
-0.298, 1.0207935e-6, -8.2895997e-7, 9.9666840e+1
-0.299, 1.0264152e-6, -8.3509366e-7, 1.0000018e+2
-0.300, 1.0317299e-6, -8.4116834e-7, 1.0033351e+2
-0.301, 1.0367728e-6, -8.4698297e-7, 1.0066685e+2
-0.302, 1.0418041e-6, -8.5282124e-7, 1.0100018e+2
-0.303, 1.0466109e-6, -8.5837587e-7, 1.0133352e+2
-0.304, 1.0511816e-6, -8.6332778e-7, 1.0166685e+2
-0.305, 1.0555395e-6, -8.6837423e-7, 1.0200019e+2
-0.306, 1.0598740e-6, -8.7350338e-7, 1.0233353e+2
-0.307, 1.0641021e-6, -8.7849071e-7, 1.0266686e+2
-0.308, 1.0679050e-6, -8.8340710e-7, 1.0300020e+2
-0.309, 1.0716607e-6, -8.8805172e-7, 1.0333353e+2
-0.310, 1.0752628e-6, -8.9231827e-7, 1.0366687e+2
-0.311, 1.0788414e-6, -8.9651371e-7, 1.0400021e+2
-0.312, 1.0822546e-6, -9.0076833e-7, 1.0433354e+2
-0.313, 1.0857622e-6, -9.0484565e-7, 1.0466688e+2
-0.314, 1.0889629e-6, -9.0860385e-7, 1.0500021e+2
-0.315, 1.0920571e-6, -9.1230311e-7, 1.0533355e+2
-0.316, 1.0949035e-6, -9.1619125e-7, 1.0566689e+2
-0.317, 1.0976318e-6, -9.1986675e-7, 1.0600022e+2
-0.318, 1.1002300e-6, -9.2341224e-7, 1.0633356e+2
-0.319, 1.1027810e-6, -9.2666227e-7, 1.0666689e+2
-0.320, 1.1051785e-6, -9.2998323e-7, 1.0700023e+2
-0.321, 1.1074696e-6, -9.3305607e-7, 1.0733356e+2
-0.322, 1.1097372e-6, -9.3567979e-7, 1.0766690e+2
-0.323, 1.1123119e-6, -9.3811434e-7, 1.0800024e+2
-0.324, 1.1152055e-6, -9.4053706e-7, 1.0833357e+2
-0.325, 1.1180872e-6, -9.4282990e-7, 1.0866691e+2
-0.326, 1.1205556e-6, -9.4552439e-7, 1.0900024e+2
-0.327, 1.1228703e-6, -9.4820723e-7, 1.0933358e+2
-0.328, 1.1251379e-6, -9.5083084e-7, 1.0966692e+2
-0.329, 1.1272048e-6, -9.5341909e-7, 1.1000025e+2
-0.330, 1.1291063e-6, -9.5607822e-7, 1.1033359e+2
-0.331, 1.1310667e-6, -9.5863106e-7, 1.1066692e+2
-0.332, 1.1330391e-6, -9.6106555e-7, 1.1100026e+2
-0.333, 1.1348461e-6, -9.6311021e-7, 1.1133360e+2
-0.334, 1.1370074e-6, -9.6502470e-7, 1.1166693e+2
-0.335, 1.1393812e-6, -9.6688018e-7, 1.1200027e+2
-0.336, 1.1412945e-6, -9.6888937e-7, 1.1233360e+2
-0.337, 1.1430307e-6, -9.7092197e-7, 1.1266694e+2
-0.338, 1.1445188e-6, -9.7313205e-7, 1.1300027e+2
-0.339, 1.1460895e-6, -9.7520024e-7, 1.1333361e+2
-0.340, 1.1475069e-6, -9.7707948e-7, 1.1366695e+2
-0.341, 1.1487705e-6, -9.7885220e-7, 1.1400028e+2
-0.342, 1.1499043e-6, -9.8058956e-7, 1.1433362e+2
-0.343, 1.1510972e-6, -9.8222040e-7, 1.1466695e+2
-0.344, 1.1523726e-6, -9.8372129e-7, 1.1500029e+2
-0.345, 1.1537309e-6, -9.8526959e-7, 1.1533363e+2
-0.346, 1.1549827e-6, -9.8694773e-7, 1.1566696e+2
-0.347, 1.1564355e-6, -9.8885050e-7, 1.1600030e+2
-0.348, 1.1577463e-6, -9.9077693e-7, 1.1633363e+2
-0.349, 1.1590690e-6, -9.9265606e-7, 1.1666697e+2
-0.350, 1.1604982e-6, -9.9447607e-7, 1.1700031e+2
-0.351, 1.1617855e-6, -9.9618967e-7, 1.1733364e+2
-0.352, 1.1630020e-6, -9.9786791e-7, 1.1766698e+2
-0.353, 1.1642657e-6, -9.9928616e-7, 1.1800031e+2
-0.354, 1.1654703e-6, -1.0005980e-6, 1.1833365e+2
-0.355, 1.1669820e-6, -1.0019808e-6, 1.1866698e+2
-0.356, 1.1684111e-6, -1.0033398e-6, 1.1900032e+2
-0.357, 1.1696984e-6, -1.0050653e-6, 1.1933366e+2
-0.358, 1.1707496e-6, -1.0069563e-6, 1.1966699e+2
-0.359, 1.1715763e-6, -1.0086463e-6, 1.2000033e+2
-0.360, 1.1726391e-6, -1.0101472e-6, 1.2033366e+2
-0.361, 1.1737139e-6, -1.0109626e-6, 1.2066700e+2
-0.362, 1.1745880e-6, -1.0117426e-6, 1.2100034e+2
-0.363, 1.1754501e-6, -1.0127354e-6, 1.2133367e+2
-0.364, 1.1763949e-6, -1.0135036e-6, 1.2166701e+2
-0.365, 1.1772216e-6, -1.0144728e-6, 1.2200034e+2
-0.366, 1.1780957e-6, -1.0150401e-6, 1.2233368e+2
-0.367, 1.1790287e-6, -1.0152291e-6, 1.2266702e+2
-0.368, 1.1799734e-6, -1.0153473e-6, 1.2300035e+2
-0.369, 1.1811663e-6, -1.0157255e-6, 1.2333369e+2
-0.370, 1.1823237e-6, -1.0163400e-6, 1.2366702e+2
-0.371, 1.1833630e-6, -1.0173563e-6, 1.2400036e+2
-0.372, 1.1843905e-6, -1.0181836e-6, 1.2433369e+2
-0.373, 1.1854652e-6, -1.0194836e-6, 1.2466703e+2
-0.374, 1.1865282e-6, -1.0207365e-6, 1.2500037e+2
-0.375, 1.1876738e-6, -1.0218828e-6, 1.2533370e+2
-0.376, 1.1886304e-6, -1.0230056e-6, 1.2566704e+2
-0.377, 1.1896933e-6, -1.0238210e-6, 1.2600037e+2
-0.378, 1.1909807e-6, -1.0244829e-6, 1.2633371e+2
-0.379, 1.1922563e-6, -1.0256883e-6, 1.2666705e+2
-0.380, 1.1931774e-6, -1.0270473e-6, 1.2700038e+2
-0.381, 1.1940396e-6, -1.0279457e-6, 1.2733372e+2
-0.382, 1.1951734e-6, -1.0290447e-6, 1.2766705e+2
-0.383, 1.1962953e-6, -1.0298720e-6, 1.2800038e+2
-0.384, 1.1973700e-6, -1.0307348e-6, 1.2833371e+2
-0.385, 1.1986810e-6, -1.0317275e-6, 1.2866704e+2
-0.386, 1.1997439e-6, -1.0328739e-6, 1.2900037e+2
-0.387, 1.2009132e-6, -1.0342094e-6, 1.2933369e+2
-0.388, 1.2021768e-6, -1.0354266e-6, 1.2966702e+2
-0.389, 1.2035233e-6, -1.0368212e-6, 1.3000035e+2
-0.390, 1.2048696e-6, -1.0382630e-6, 1.3033368e+2
-0.391, 1.2061334e-6, -1.0398112e-6, 1.3066701e+2
-0.392, 1.2071255e-6, -1.0416077e-6, 1.3100034e+2
-0.393, 1.2080822e-6, -1.0432977e-6, 1.3133366e+2
-0.394, 1.2092513e-6, -1.0445622e-6, 1.3166699e+2
-0.395, 1.2105386e-6, -1.0455905e-6, 1.3200032e+2
-0.396, 1.2116607e-6, -1.0465950e-6, 1.3233365e+2
-0.397, 1.2129951e-6, -1.0477296e-6, 1.3266698e+2
-0.398, 1.2143061e-6, -1.0490531e-6, 1.3300031e+2
-0.399, 1.2153572e-6, -1.0505896e-6, 1.3333363e+2
