Feb. 2, 2006   23:45:47
Square Wave Voltammetry
File: z:\users\scottsaunders\git\labwork\ida\01_23_19_psoralen_nonequil_3\data\control\1\75um_control_transfer_1_swv_9.txt
Data Source:  Experiment
Instrument Model:  CHI760E
Header: 
Note: 

Init E (V) = 0.1
Final E (V) = -0.5
Incr E (V) = 0.001
Amplitude (V) = 0.025
Frequency (Hz) = 300
Quiet Time (sec) = 2
Sensitivity (A/V) = 1e-6
Sens 2 (A/V) = 1e-6

Potential/V, i1/A, i2/A

0.099, 1.1150070e-6, 6.3409067e-7
0.098, 1.1881637e-6, 6.7538889e-7
0.097, 1.1798428e-6, 6.7564167e-7
0.096, 1.2009048e-6, 6.7543590e-7
0.095, 1.1861713e-6, 6.7464237e-7
0.094, 1.1944521e-6, 6.7457989e-7
0.093, 1.1805821e-6, 6.7276665e-7
0.092, 1.1712448e-6, 6.7076451e-7
0.091, 1.1921426e-6, 6.6882450e-7
0.090, 1.1830484e-6, 6.7611774e-7
0.089, 1.1887736e-6, 6.7059415e-7
0.088, 1.1699376e-6, 6.6536381e-7
0.087, 1.1636093e-6, 6.6693377e-7
0.086, 1.1858799e-6, 6.6508551e-7
0.085, 1.1763407e-6, 6.7189160e-7
0.084, 1.1816082e-6, 6.6781195e-7
0.083, 1.1683201e-6, 6.6641331e-7
0.082, 1.1598173e-6, 6.6925060e-7
0.081, 1.1770356e-6, 6.6056248e-7
0.080, 1.1718990e-6, 6.6824026e-7
0.079, 1.1783192e-6, 6.6861361e-7
0.078, 1.1622667e-6, 6.6379789e-7
0.077, 1.1530809e-6, 6.6428026e-7
0.076, 1.1748637e-6, 6.6245764e-7
0.075, 1.1665007e-6, 6.6671515e-7
0.074, 1.1702859e-6, 6.6366658e-7
0.073, 1.1581599e-6, 6.6528446e-7
0.072, 1.1507195e-6, 6.6401293e-7
0.071, 1.1696885e-6, 6.6038285e-7
0.070, 1.1621107e-6, 6.6617122e-7
0.069, 1.1665650e-6, 6.6312629e-7
0.068, 1.1521346e-6, 6.6316079e-7
0.067, 1.1453455e-6, 6.6109794e-7
0.066, 1.1654522e-6, 6.5772349e-7
0.065, 1.1557075e-6, 6.6425662e-7
0.064, 1.1609877e-6, 6.6283326e-7
0.063, 1.1481254e-6, 6.6074512e-7
0.062, 1.1385905e-6, 6.5958295e-7
0.061, 1.1612723e-6, 6.5710111e-7
0.060, 1.1507610e-6, 6.6334189e-7
0.059, 1.1603313e-6, 6.6495897e-7
0.058, 1.1448961e-6, 6.5803317e-7
0.057, 1.1330185e-6, 6.5735316e-7
0.056, 1.1556647e-6, 6.5484511e-7
0.055, 1.1477129e-6, 6.6254944e-7
0.054, 1.1533537e-6, 6.6049870e-7
0.053, 1.1398474e-6, 6.5704234e-7
0.052, 1.1320885e-6, 6.5782956e-7
0.051, 1.1523216e-6, 6.5753181e-7
0.050, 1.1428999e-6, 6.6264175e-7
0.049, 1.1522802e-6, 6.6003190e-7
0.048, 1.1350716e-6, 6.5718177e-7
0.047, 1.1282699e-6, 6.5713760e-7
0.046, 1.1498317e-6, 6.5635066e-7
0.045, 1.1397483e-6, 6.6199618e-7
0.044, 1.1468810e-6, 6.5813958e-7
0.043, 1.1297848e-6, 6.5582208e-7
0.042, 1.1247199e-6, 6.5943630e-7
0.041, 1.1471243e-6, 6.5522715e-7
0.040, 1.1379022e-6, 6.6362850e-7
0.039, 1.1429621e-6, 6.5847843e-7
0.038, 1.1289708e-6, 6.5681110e-7
0.037, 1.1230047e-6, 6.6134106e-7
0.036, 1.1406214e-6, 6.5292318e-7
0.035, 1.1353222e-6, 6.6185112e-7
0.034, 1.1384064e-6, 6.5875196e-7
0.033, 1.1235680e-6, 6.5744325e-7
0.032, 1.1161786e-6, 6.5737885e-7
0.031, 1.1355239e-6, 6.5372507e-7
0.030, 1.1299489e-6, 6.6132111e-7
0.029, 1.1345526e-6, 6.5898735e-7
0.028, 1.1214847e-6, 6.5965406e-7
0.027, 1.1157210e-6, 6.5751169e-7
0.026, 1.1299046e-6, 6.5182991e-7
0.025, 1.1264225e-6, 6.6145446e-7
0.024, 1.1312522e-6, 6.5919613e-7
0.023, 1.1160486e-6, 6.5782149e-7
0.022, 1.1106761e-6, 6.5712959e-7
0.021, 1.1315517e-6, 6.5543730e-7
0.020, 1.1246317e-6, 6.6675943e-7
0.019, 1.1285605e-6, 6.6164188e-7
0.018, 1.1161314e-6, 6.6000507e-7
0.017, 1.1073803e-6, 6.5985813e-7
0.016, 1.1273362e-6, 6.5540019e-7
0.015, 1.1194390e-6, 6.6376288e-7
0.014, 1.1282153e-6, 6.6472893e-7
0.013, 1.1137842e-6, 6.6069856e-7
0.012, 1.1004154e-6, 6.5815760e-7
0.011, 1.1251176e-6, 6.5928668e-7
0.010, 1.1188978e-6, 6.6671413e-7
0.009, 1.1239073e-6, 6.6493089e-7
0.008, 1.1100950e-6, 6.6264369e-7
0.007, 1.1016922e-6, 6.6179689e-7
0.006, 1.1235052e-6, 6.6349298e-7
0.005, 1.1131941e-6, 6.6483835e-7
0.004, 1.1217663e-6, 6.6478026e-7
0.003, 1.1058092e-6, 6.6402754e-7
0.002, 1.0983127e-6, 6.6348747e-7
0.001, 1.1181364e-6, 6.6190643e-7
-0.000, 1.1127298e-6, 6.7100450e-7
-0.001, 1.1186568e-6, 6.6743013e-7
-0.002, 1.1011267e-6, 6.6525126e-7
-0.003, 1.0989412e-6, 6.6956881e-7
-0.004, 1.1188550e-6, 6.6407085e-7
-0.005, 1.1093299e-6, 6.7153201e-7
-0.006, 1.1158261e-6, 6.6905881e-7
-0.007, 1.1000145e-6, 6.6761498e-7
-0.008, 1.0928404e-6, 6.6952907e-7
-0.009, 1.1128096e-6, 6.6372496e-7
-0.010, 1.1094304e-6, 6.7544835e-7
-0.011, 1.1150875e-6, 6.7641719e-7
-0.012, 1.0959582e-6, 6.7203075e-7
-0.013, 1.0925966e-6, 6.7329472e-7
-0.014, 1.1118701e-6, 6.7013235e-7
-0.015, 1.1068227e-6, 6.7855888e-7
-0.016, 1.1131564e-6, 6.7759549e-7
-0.017, 1.0972475e-6, 6.7728161e-7
-0.018, 1.0918845e-6, 6.7544767e-7
-0.019, 1.1063852e-6, 6.7266740e-7
-0.020, 1.1060924e-6, 6.8434747e-7
-0.021, 1.1098850e-6, 6.7997030e-7
-0.022, 1.0949283e-6, 6.8094312e-7
-0.023, 1.0906382e-6, 6.8092794e-7
-0.024, 1.1089778e-6, 6.7765541e-7
-0.025, 1.1037525e-6, 6.8990204e-7
-0.026, 1.1078927e-6, 6.8329103e-7
-0.027, 1.0959545e-6, 6.8582938e-7
-0.028, 1.0877009e-6, 6.8535638e-7
-0.029, 1.1078741e-6, 6.8315580e-7
-0.030, 1.1010112e-6, 6.9222614e-7
-0.031, 1.1092093e-6, 6.9292332e-7
-0.032, 1.0928302e-6, 6.8902341e-7
-0.033, 1.0858985e-6, 6.9071683e-7
-0.034, 1.1077292e-6, 6.8991778e-7
-0.035, 1.1027494e-6, 6.9692703e-7
-0.036, 1.1064139e-6, 6.9658603e-7
-0.037, 1.0919874e-6, 6.9521280e-7
-0.038, 1.0866761e-6, 6.9662900e-7
-0.039, 1.1055350e-6, 6.9621819e-7
-0.040, 1.0986964e-6, 7.0102777e-7
-0.041, 1.1071191e-6, 7.0237195e-7
-0.042, 1.0921448e-6, 7.0580199e-7
-0.043, 1.0850194e-6, 7.0252003e-7
-0.044, 1.1030259e-6, 7.0091721e-7
-0.045, 1.0998439e-6, 7.1081979e-7
-0.046, 1.1071320e-6, 7.0969782e-7
-0.047, 1.0899521e-6, 7.0921504e-7
-0.048, 1.0862082e-6, 7.1297541e-7
-0.049, 1.1067726e-6, 7.0880640e-7
-0.050, 1.0974700e-6, 7.1911603e-7
-0.051, 1.1092175e-6, 7.2036107e-7
-0.052, 1.0909664e-6, 7.1842919e-7
-0.053, 1.0862614e-6, 7.2089864e-7
-0.054, 1.1044119e-6, 7.1686878e-7
-0.055, 1.1005995e-6, 7.2691239e-7
-0.056, 1.1101646e-6, 7.3237078e-7
-0.057, 1.0893576e-6, 7.2438183e-7
-0.058, 1.0885827e-6, 7.2865441e-7
-0.059, 1.1040779e-6, 7.2701988e-7
-0.060, 1.1010652e-6, 7.3626546e-7
-0.061, 1.1088168e-6, 7.3904152e-7
-0.062, 1.0935370e-6, 7.3935013e-7
-0.063, 1.0885423e-6, 7.3906705e-7
-0.064, 1.1025940e-6, 7.3520232e-7
-0.065, 1.1030517e-6, 7.4789784e-7
-0.066, 1.1120704e-6, 7.4867467e-7
-0.067, 1.0936619e-6, 7.4901669e-7
-0.068, 1.0893303e-6, 7.4918955e-7
-0.069, 1.1058788e-6, 7.4707486e-7
-0.070, 1.1028980e-6, 7.5932365e-7
-0.071, 1.1110021e-6, 7.5894553e-7
-0.072, 1.0947693e-6, 7.5936526e-7
-0.073, 1.0909456e-6, 7.6487930e-7
-0.074, 1.1062396e-6, 7.5977130e-7
-0.075, 1.1049829e-6, 7.7147644e-7
-0.076, 1.1136244e-6, 7.7432350e-7
-0.077, 1.0975624e-6, 7.7345305e-7
-0.078, 1.0914721e-6, 7.7531854e-7
-0.079, 1.1102111e-6, 7.7598003e-7
-0.080, 1.1077937e-6, 7.8349757e-7
-0.081, 1.1099145e-6, 7.8634923e-7
-0.082, 1.1006290e-6, 7.8880106e-7
-0.083, 1.0944144e-6, 7.9006855e-7
-0.084, 1.1112853e-6, 7.9026790e-7
-0.085, 1.1102615e-6, 7.9978997e-7
-0.086, 1.1180425e-6, 8.0284815e-7
-0.087, 1.1024115e-6, 8.0712397e-7
-0.088, 1.0951804e-6, 8.0359678e-7
-0.089, 1.1139534e-6, 8.0561171e-7
-0.090, 1.1116371e-6, 8.1634641e-7
-0.091, 1.1208060e-6, 8.2039054e-7
-0.092, 1.1021741e-6, 8.2009257e-7
-0.093, 1.1000583e-6, 8.2458371e-7
-0.094, 1.1161750e-6, 8.2130674e-7
-0.095, 1.1134987e-6, 8.3300125e-7
-0.096, 1.1237623e-6, 8.3842394e-7
-0.097, 1.1098452e-6, 8.3932628e-7
-0.098, 1.1038554e-6, 8.4355611e-7
-0.099, 1.1201081e-6, 8.4147939e-7
-0.100, 1.1187382e-6, 8.5337643e-7
-0.101, 1.1276704e-6, 8.6000409e-7
-0.102, 1.1084685e-6, 8.5576772e-7
-0.103, 1.1073892e-6, 8.6227828e-7
-0.104, 1.1241186e-6, 8.6614040e-7
-0.105, 1.1194976e-6, 8.7433591e-7
-0.106, 1.1313196e-6, 8.8049472e-7
-0.107, 1.1162401e-6, 8.8318387e-7
-0.108, 1.1121887e-6, 8.8523433e-7
-0.109, 1.1265030e-6, 8.8399742e-7
-0.110, 1.1292096e-6, 9.0087246e-7
-0.111, 1.1379341e-6, 9.0348107e-7
-0.112, 1.1164316e-6, 9.0536525e-7
-0.113, 1.1172328e-6, 9.1012953e-7
-0.114, 1.1322437e-6, 9.1012271e-7
-0.115, 1.1322252e-6, 9.2447925e-7
-0.116, 1.1434709e-6, 9.3009334e-7
-0.117, 1.1261305e-6, 9.3161191e-7
-0.118, 1.1228207e-6, 9.3986023e-7
-0.119, 1.1359513e-6, 9.3433636e-7
-0.120, 1.1397358e-6, 9.4984273e-7
-0.121, 1.1476307e-6, 9.5806888e-7
-0.122, 1.1330030e-6, 9.6035865e-7
-0.123, 1.1292193e-6, 9.6711392e-7
-0.124, 1.1461256e-6, 9.6875340e-7
-0.125, 1.1449854e-6, 9.7928410e-7
-0.126, 1.1508934e-6, 9.8480416e-7
-0.127, 1.1391487e-6, 9.9091267e-7
-0.128, 1.1387414e-6, 9.9734484e-7
-0.129, 1.1507949e-6, 9.9821693e-7
-0.130, 1.1529027e-6, 1.0116117e-6
-0.131, 1.1612465e-6, 1.0193651e-6
-0.132, 1.1464264e-6, 1.0256114e-6
-0.133, 1.1440060e-6, 1.0292366e-6
-0.134, 1.1611717e-6, 1.0325979e-6
-0.135, 1.1609603e-6, 1.0497740e-6
-0.136, 1.1717519e-6, 1.0562587e-6
-0.137, 1.1561239e-6, 1.0613428e-6
-0.138, 1.1549211e-6, 1.0691914e-6
-0.139, 1.1708521e-6, 1.0706062e-6
-0.140, 1.1696885e-6, 1.0838467e-6
-0.141, 1.1831304e-6, 1.0985378e-6
-0.142, 1.1686366e-6, 1.0997428e-6
-0.143, 1.1618047e-6, 1.1083609e-6
-0.144, 1.1801667e-6, 1.1104628e-6
-0.145, 1.1815424e-6, 1.1258304e-6
-0.146, 1.1933928e-6, 1.1396713e-6
-0.147, 1.1780714e-6, 1.1417133e-6
-0.148, 1.1777462e-6, 1.1510612e-6
-0.149, 1.1945793e-6, 1.1597616e-6
-0.150, 1.1926645e-6, 1.1680097e-6
-0.151, 1.2071340e-6, 1.1841061e-6
-0.152, 1.1921403e-6, 1.1893555e-6
-0.153, 1.1907172e-6, 1.1975585e-6
-0.154, 1.2072517e-6, 1.2044974e-6
-0.155, 1.2083052e-6, 1.2201092e-6
-0.156, 1.2221841e-6, 1.2320272e-6
-0.157, 1.2055195e-6, 1.2379126e-6
-0.158, 1.2078298e-6, 1.2498974e-6
-0.159, 1.2266465e-6, 1.2554945e-6
-0.160, 1.2257067e-6, 1.2722817e-6
-0.161, 1.2413600e-6, 1.2873218e-6
-0.162, 1.2258066e-6, 1.2931159e-6
-0.163, 1.2255753e-6, 1.3072519e-6
-0.164, 1.2398880e-6, 1.3074355e-6
-0.165, 1.2468722e-6, 1.3277501e-6
-0.166, 1.2603984e-6, 1.3477425e-6
-0.167, 1.2463399e-6, 1.3516167e-6
-0.168, 1.2468507e-6, 1.3654470e-6
-0.169, 1.2629164e-6, 1.3719437e-6
-0.170, 1.2667919e-6, 1.3884400e-6
-0.171, 1.2798347e-6, 1.4061210e-6
-0.172, 1.2667542e-6, 1.4152715e-6
-0.173, 1.2711288e-6, 1.4276018e-6
-0.174, 1.2832531e-6, 1.4366765e-6
-0.175, 1.2886952e-6, 1.4527982e-6
-0.176, 1.3041644e-6, 1.4724255e-6
-0.177, 1.2912991e-6, 1.4830821e-6
-0.178, 1.2924811e-6, 1.4948579e-6
-0.179, 1.3105969e-6, 1.5044933e-6
-0.180, 1.3135120e-6, 1.5253842e-6
-0.181, 1.3257815e-6, 1.5397854e-6
-0.182, 1.3148954e-6, 1.5519047e-6
-0.183, 1.3162253e-6, 1.5666095e-6
-0.184, 1.3327465e-6, 1.5744711e-6
-0.185, 1.3367215e-6, 1.5952114e-6
-0.186, 1.3530188e-6, 1.6175662e-6
-0.187, 1.3398037e-6, 1.6245184e-6
-0.188, 1.3391414e-6, 1.6403062e-6
-0.189, 1.3587447e-6, 1.6511493e-6
-0.190, 1.3638866e-6, 1.6713055e-6
-0.191, 1.3766764e-6, 1.6938442e-6
-0.192, 1.3639892e-6, 1.7011231e-6
-0.193, 1.3648705e-6, 1.7194309e-6
-0.194, 1.3811115e-6, 1.7317695e-6
-0.195, 1.3839607e-6, 1.7478180e-6
-0.196, 1.4017417e-6, 1.7726919e-6
-0.197, 1.3858793e-6, 1.7850799e-6
-0.198, 1.3857106e-6, 1.7996807e-6
-0.199, 1.4020846e-6, 1.8111239e-6
-0.200, 1.4056887e-6, 1.8320775e-6
-0.201, 1.4204444e-6, 1.8536618e-6
-0.202, 1.4033185e-6, 1.8636912e-6
-0.203, 1.4074394e-6, 1.8864816e-6
-0.204, 1.4234712e-6, 1.8941769e-6
-0.205, 1.4217737e-6, 1.9165334e-6
-0.206, 1.4349650e-6, 1.9359106e-6
-0.207, 1.4196313e-6, 1.9474439e-6
-0.208, 1.4175885e-6, 1.9668830e-6
-0.209, 1.4333955e-6, 1.9761292e-6
-0.210, 1.4357441e-6, 1.9988731e-6
-0.211, 1.4452554e-6, 2.0237858e-6
-0.212, 1.4260653e-6, 2.0287935e-6
-0.213, 1.4300487e-6, 2.0517696e-6
-0.214, 1.4386276e-6, 2.0609691e-6
-0.215, 1.4392070e-6, 2.0803921e-6
-0.216, 1.4507174e-6, 2.1061080e-6
-0.217, 1.4323273e-6, 2.1174533e-6
-0.218, 1.4299252e-6, 2.1328715e-6
-0.219, 1.4384731e-6, 2.1436870e-6
-0.220, 1.4390607e-6, 2.1636449e-6
-0.221, 1.4510649e-6, 2.1899493e-6
-0.222, 1.4288962e-6, 2.1997892e-6
-0.223, 1.4254347e-6, 2.2149045e-6
-0.224, 1.4365154e-6, 2.2283307e-6
-0.225, 1.4316803e-6, 2.2500130e-6
-0.226, 1.4394200e-6, 2.2700367e-6
-0.227, 1.4226733e-6, 2.2821055e-6
-0.228, 1.4164102e-6, 2.3019627e-6
-0.229, 1.4244995e-6, 2.3096929e-6
-0.230, 1.4206508e-6, 2.3306416e-6
-0.231, 1.4279210e-6, 2.3547227e-6
-0.232, 1.4075990e-6, 2.3635321e-6
-0.233, 1.3982913e-6, 2.3788368e-6
-0.234, 1.4118168e-6, 2.3975654e-6
-0.235, 1.4054403e-6, 2.4112244e-6
-0.236, 1.4099360e-6, 2.4358360e-6
-0.237, 1.3885635e-6, 2.4442543e-6
-0.238, 1.3810258e-6, 2.4622409e-6
-0.239, 1.3919740e-6, 2.4783976e-6
-0.240, 1.3845603e-6, 2.4923488e-6
-0.241, 1.3924863e-6, 2.5168990e-6
-0.242, 1.3695266e-6, 2.5299819e-6
-0.243, 1.3583070e-6, 2.5417216e-6
-0.244, 1.3691903e-6, 2.5558138e-6
-0.245, 1.3632255e-6, 2.5756801e-6
-0.246, 1.3695997e-6, 2.5968916e-6
-0.247, 1.3458867e-6, 2.6072489e-6
-0.248, 1.3404367e-6, 2.6266669e-6
-0.249, 1.3488158e-6, 2.6358221e-6
-0.250, 1.3372251e-6, 2.6511541e-6
-0.251, 1.3480936e-6, 2.6777388e-6
-0.252, 1.3235576e-6, 2.6861603e-6
-0.253, 1.3193998e-6, 2.7082490e-6
-0.254, 1.3280835e-6, 2.7168526e-6
-0.255, 1.3202279e-6, 2.7339638e-6
-0.256, 1.3273074e-6, 2.7607323e-6
-0.257, 1.3009720e-6, 2.7642041e-6
-0.258, 1.2994365e-6, 2.7846731e-6
-0.259, 1.3086327e-6, 2.7991571e-6
-0.260, 1.3001224e-6, 2.8130271e-6
-0.261, 1.3086903e-6, 2.8393008e-6
-0.262, 1.2851754e-6, 2.8466782e-6
-0.263, 1.2792483e-6, 2.8622121e-6
-0.264, 1.2860529e-6, 2.8724696e-6
-0.265, 1.2846933e-6, 2.8957936e-6
-0.266, 1.2942230e-6, 2.9166295e-6
-0.267, 1.2689085e-6, 2.9254140e-6
-0.268, 1.2630252e-6, 2.9386135e-6
-0.269, 1.2724868e-6, 2.9506471e-6
-0.270, 1.2662817e-6, 2.9700288e-6
-0.271, 1.2746292e-6, 2.9869052e-6
-0.272, 1.2556374e-6, 2.9975872e-6
-0.273, 1.2486547e-6, 3.0144492e-6
-0.274, 1.2572201e-6, 3.0241558e-6
-0.275, 1.2524000e-6, 3.0400570e-6
-0.276, 1.2623680e-6, 3.0621939e-6
-0.277, 1.2401749e-6, 3.0668480e-6
-0.278, 1.2354611e-6, 3.0844301e-6
-0.279, 1.2481571e-6, 3.0960191e-6
-0.280, 1.2423144e-6, 3.1076461e-6
-0.281, 1.2509030e-6, 3.1273016e-6
-0.282, 1.2290136e-6, 3.1333514e-6
-0.283, 1.2249246e-6, 3.1499201e-6
-0.284, 1.2379408e-6, 3.1606689e-6
-0.285, 1.2309455e-6, 3.1701807e-6
-0.286, 1.2422480e-6, 3.1918016e-6
-0.287, 1.2213731e-6, 3.2000771e-6
-0.288, 1.2149070e-6, 3.2099849e-6
-0.289, 1.2314579e-6, 3.2174034e-6
-0.290, 1.2247509e-6, 3.2315745e-6
-0.291, 1.2349295e-6, 3.2483415e-6
-0.292, 1.2146438e-6, 3.2538819e-6
-0.293, 1.2104337e-6, 3.2666705e-6
-0.294, 1.2218425e-6, 3.2680618e-6
-0.295, 1.2156421e-6, 3.2803998e-6
-0.296, 1.2308532e-6, 3.3030551e-6
-0.297, 1.2109363e-6, 3.3009976e-6
-0.298, 1.2049577e-6, 3.3146284e-6
-0.299, 1.2155540e-6, 3.3130862e-6
-0.300, 1.2121901e-6, 3.3242275e-6
-0.301, 1.2235821e-6, 3.3432989e-6
-0.302, 1.2043425e-6, 3.3394094e-6
-0.303, 1.2001049e-6, 3.3493598e-6
-0.304, 1.2127832e-6, 3.3516392e-6
-0.305, 1.2060917e-6, 3.3592667e-6
-0.306, 1.2199927e-6, 3.3746492e-6
-0.307, 1.2004375e-6, 3.3727404e-6
-0.308, 1.1970294e-6, 3.3778429e-6
-0.309, 1.2087613e-6, 3.3788854e-6
-0.310, 1.2068466e-6, 3.3873923e-6
-0.311, 1.2163340e-6, 3.3938074e-6
-0.312, 1.1935567e-6, 3.3887893e-6
-0.313, 1.1939693e-6, 3.3958502e-6
-0.314, 1.2065530e-6, 3.3943613e-6
-0.315, 1.2028580e-6, 3.3996462e-6
-0.316, 1.2147231e-6, 3.4052041e-6
-0.317, 1.1952965e-6, 3.4007210e-6
-0.318, 1.1919615e-6, 3.4074819e-6
-0.319, 1.2011672e-6, 3.3965862e-6
-0.320, 1.2038161e-6, 3.4003062e-6
-0.321, 1.2148879e-6, 3.4087534e-6
-0.322, 1.1946428e-6, 3.3986817e-6
-0.323, 1.1908510e-6, 3.4003219e-6
-0.324, 1.2040313e-6, 3.3913268e-6
-0.325, 1.2020012e-6, 3.3907031e-6
-0.326, 1.2103782e-6, 3.3932404e-6
-0.327, 1.1961466e-6, 3.3868564e-6
-0.328, 1.1934726e-6, 3.3822080e-6
-0.329, 1.2051269e-6, 3.3741196e-6
-0.330, 1.2038169e-6, 3.3694739e-6
-0.331, 1.2122390e-6, 3.3689121e-6
-0.332, 1.1942037e-6, 3.3586011e-6
-0.333, 1.1928694e-6, 3.3520248e-6
-0.334, 1.2049937e-6, 3.3377255e-6
-0.335, 1.2036335e-6, 3.3353333e-6
-0.336, 1.2103330e-6, 3.3297824e-6
-0.337, 1.1962818e-6, 3.3153633e-6
-0.338, 1.1931465e-6, 3.3101671e-6
-0.339, 1.2062566e-6, 3.2916810e-6
-0.340, 1.2065398e-6, 3.2865464e-6
-0.341, 1.2172055e-6, 3.2835774e-6
-0.342, 1.1990645e-6, 3.2602545e-6
-0.343, 1.1932656e-6, 3.2502037e-6
-0.344, 1.2075822e-6, 3.2306293e-6
-0.345, 1.2090511e-6, 3.2244029e-6
-0.346, 1.2178629e-6, 3.2178207e-6
-0.347, 1.1999680e-6, 3.1915426e-6
-0.348, 1.1990617e-6, 3.1827522e-6
-0.349, 1.2107123e-6, 3.1642592e-6
-0.350, 1.2113622e-6, 3.1483310e-6
-0.351, 1.2237285e-6, 3.1390464e-6
-0.352, 1.2047101e-6, 3.1171674e-6
-0.353, 1.2018052e-6, 3.1005825e-6
-0.354, 1.2151999e-6, 3.0787119e-6
-0.355, 1.2134661e-6, 3.0617123e-6
-0.356, 1.2251295e-6, 3.0478170e-6
-0.357, 1.2066307e-6, 3.0226988e-6
-0.358, 1.2063283e-6, 3.0098047e-6
-0.359, 1.2203477e-6, 2.9802561e-6
-0.360, 1.2174866e-6, 2.9649766e-6
-0.361, 1.2302055e-6, 2.9503069e-6
-0.362, 1.2133671e-6, 2.9231073e-6
-0.363, 1.2115293e-6, 2.9081773e-6
-0.364, 1.2240034e-6, 2.8751845e-6
-0.365, 1.2275085e-6, 2.8593242e-6
-0.366, 1.2379585e-6, 2.8464021e-6
-0.367, 1.2169950e-6, 2.8092397e-6
-0.368, 1.2183272e-6, 2.7930507e-6
-0.369, 1.2287614e-6, 2.7625676e-6
-0.370, 1.2319902e-6, 2.7440715e-6
-0.371, 1.2411870e-6, 2.7253993e-6
-0.372, 1.2254679e-6, 2.6946757e-6
-0.373, 1.2254502e-6, 2.6733803e-6
-0.374, 1.2358558e-6, 2.6432128e-6
-0.375, 1.2381084e-6, 2.6214625e-6
-0.376, 1.2508474e-6, 2.6031589e-6
-0.377, 1.2316477e-6, 2.5712836e-6
-0.378, 1.2318097e-6, 2.5494498e-6
-0.379, 1.2423936e-6, 2.5168670e-6
-0.380, 1.2435698e-6, 2.4975250e-6
-0.381, 1.2536199e-6, 2.4728872e-6
-0.382, 1.2411996e-6, 2.4444155e-6
-0.383, 1.2375615e-6, 2.4248602e-6
-0.384, 1.2491419e-6, 2.3908003e-6
-0.385, 1.2533751e-6, 2.3709488e-6
-0.386, 1.2638177e-6, 2.3503355e-6
-0.387, 1.2460412e-6, 2.3151281e-6
-0.388, 1.2466379e-6, 2.2958004e-6
-0.389, 1.2591283e-6, 2.2672270e-6
-0.390, 1.2616184e-6, 2.2420497e-6
-0.391, 1.2678432e-6, 2.2234024e-6
-0.392, 1.2548220e-6, 2.1907506e-6
-0.393, 1.2542489e-6, 2.1713977e-6
-0.394, 1.2673294e-6, 2.1440746e-6
-0.395, 1.2707346e-6, 2.1211495e-6
-0.396, 1.2802072e-6, 2.1007806e-6
-0.397, 1.2664697e-6, 2.0772479e-6
-0.398, 1.2619383e-6, 2.0492541e-6
-0.399, 1.2790709e-6, 2.0242624e-6
-0.400, 1.2789017e-6, 2.0041782e-6
-0.401, 1.2907333e-6, 1.9865315e-6
-0.402, 1.2726850e-6, 1.9574429e-6
-0.403, 1.2756828e-6, 1.9426491e-6
-0.404, 1.2859324e-6, 1.9110578e-6
-0.405, 1.2864404e-6, 1.8937914e-6
-0.406, 1.3015642e-6, 1.8802750e-6
-0.407, 1.2843726e-6, 1.8500479e-6
-0.408, 1.2818056e-6, 1.8340033e-6
-0.409, 1.2971942e-6, 1.8101332e-6
-0.410, 1.2984228e-6, 1.7942825e-6
-0.411, 1.3082461e-6, 1.7798061e-6
-0.412, 1.2913271e-6, 1.7501791e-6
-0.413, 1.2939716e-6, 1.7390607e-6
-0.414, 1.3066815e-6, 1.7208808e-6
-0.415, 1.3051373e-6, 1.7024005e-6
-0.416, 1.3173652e-6, 1.6899000e-6
-0.417, 1.3000684e-6, 1.6650254e-6
-0.418, 1.3030998e-6, 1.6539746e-6
-0.419, 1.3142343e-6, 1.6341713e-6
-0.420, 1.3180498e-6, 1.6242425e-6
-0.421, 1.3314445e-6, 1.6131926e-6
-0.422, 1.3081448e-6, 1.5889751e-6
-0.423, 1.3134544e-6, 1.5827150e-6
-0.424, 1.3243523e-6, 1.5629191e-6
-0.425, 1.3278138e-6, 1.5549931e-6
-0.426, 1.3389839e-6, 1.5440321e-6
-0.427, 1.3222157e-6, 1.5250214e-6
-0.428, 1.3237350e-6, 1.5215116e-6
-0.429, 1.3345423e-6, 1.5003305e-6
-0.430, 1.3390571e-6, 1.4938728e-6
-0.431, 1.3482680e-6, 1.4874165e-6
-0.432, 1.3324203e-6, 1.4708462e-6
-0.433, 1.3336330e-6, 1.4661655e-6
-0.434, 1.3451800e-6, 1.4522614e-6
-0.435, 1.3467591e-6, 1.4433039e-6
-0.436, 1.3566562e-6, 1.4391267e-6
-0.437, 1.3439691e-6, 1.4279916e-6
-0.438, 1.3459821e-6, 1.4212173e-6
-0.439, 1.3518840e-6, 1.4057227e-6
-0.440, 1.3570457e-6, 1.4035403e-6
-0.441, 1.3695842e-6, 1.4022744e-6
-0.442, 1.3521928e-6, 1.3895365e-6
-0.443, 1.3543096e-6, 1.3853867e-6
-0.444, 1.3654205e-6, 1.3746428e-6
-0.445, 1.3695937e-6, 1.3763746e-6
-0.446, 1.3793008e-6, 1.3725078e-6
-0.447, 1.3635272e-6, 1.3587771e-6
-0.448, 1.3641895e-6, 1.3589936e-6
-0.449, 1.3770245e-6, 1.3486735e-6
-0.450, 1.3791257e-6, 1.3483799e-6
-0.451, 1.3902811e-6, 1.3481781e-6
-0.452, 1.3748333e-6, 1.3360840e-6
-0.453, 1.3737184e-6, 1.3360602e-6
-0.454, 1.3894810e-6, 1.3326928e-6
-0.455, 1.3908524e-6, 1.3276992e-6
-0.456, 1.4002444e-6, 1.3294631e-6
-0.457, 1.3846542e-6, 1.3192811e-6
-0.458, 1.3890160e-6, 1.3232990e-6
-0.459, 1.3994875e-6, 1.3177967e-6
-0.460, 1.4012388e-6, 1.3135088e-6
-0.461, 1.4157677e-6, 1.3174380e-6
-0.462, 1.3978714e-6, 1.3091419e-6
-0.463, 1.3979970e-6, 1.3112544e-6
-0.464, 1.4105703e-6, 1.3057486e-6
-0.465, 1.4141669e-6, 1.3070643e-6
-0.466, 1.4272933e-6, 1.3089748e-6
-0.467, 1.4092766e-6, 1.3021754e-6
-0.468, 1.4161232e-6, 1.3097920e-6
-0.469, 1.4245386e-6, 1.2977541e-6
-0.470, 1.4261207e-6, 1.2993956e-6
-0.471, 1.4398238e-6, 1.3043824e-6
-0.472, 1.4236397e-6, 1.2983145e-6
-0.473, 1.4249741e-6, 1.3019735e-6
-0.474, 1.4373434e-6, 1.2947571e-6
-0.475, 1.4417134e-6, 1.2994248e-6
-0.476, 1.4538069e-6, 1.3061788e-6
-0.477, 1.4357088e-6, 1.2978071e-6
-0.478, 1.4427876e-6, 1.3022016e-6
-0.479, 1.4514115e-6, 1.2975214e-6
-0.480, 1.4563493e-6, 1.3011421e-6
-0.481, 1.4681100e-6, 1.3054059e-6
-0.482, 1.4533027e-6, 1.3017391e-6
-0.483, 1.4576705e-6, 1.3050532e-6
-0.484, 1.4642080e-6, 1.2979508e-6
-0.485, 1.4729171e-6, 1.3086362e-6
-0.486, 1.4860382e-6, 1.3106775e-6
-0.487, 1.4691066e-6, 1.3072752e-6
-0.488, 1.4751364e-6, 1.3115186e-6
-0.489, 1.4826899e-6, 1.3056990e-6
-0.490, 1.4907356e-6, 1.3165095e-6
-0.491, 1.5031811e-6, 1.3168145e-6
-0.492, 1.4865416e-6, 1.3127698e-6
-0.493, 1.4937268e-6, 1.3220913e-6
-0.494, 1.4970174e-6, 1.3127801e-6
-0.495, 1.5076871e-6, 1.3224890e-6
-0.496, 1.5201856e-6, 1.3268016e-6
-0.497, 1.5057087e-6, 1.3234180e-6
-0.498, 1.5124172e-6, 1.3319629e-6
-0.499, 1.5247567e-6, 1.3318663e-6
-0.500, 1.5297258e-6, 1.3341574e-6
