Feb. 2, 2006   23:48:29
Square Wave Voltammetry
File: z:\users\scottsaunders\git\labwork\ida\01_23_19_psoralen_nonequil_3\data\control\1\75um_control_transfer_1_swv_10.txt
Data Source:  Experiment
Instrument Model:  CHI760E
Header: 
Note: 

Init E (V) = 0.1
Final E (V) = -0.5
Incr E (V) = 0.001
Amplitude (V) = 0.025
Frequency (Hz) = 300
Quiet Time (sec) = 2
Sensitivity (A/V) = 1e-6
Sens 2 (A/V) = 1e-6

Potential/V, i1/A, i2/A

0.099, 1.0915031e-6, 6.2556217e-7
0.098, 1.2005654e-6, 6.8447537e-7
0.097, 1.1965162e-6, 6.8047615e-7
0.096, 1.1901050e-6, 6.8156464e-7
0.095, 1.1823682e-6, 6.7646641e-7
0.094, 1.1726169e-6, 6.7030152e-7
0.093, 1.1878672e-6, 6.7666417e-7
0.092, 1.1852212e-6, 6.7106737e-7
0.091, 1.1857262e-6, 6.8009626e-7
0.090, 1.1769056e-6, 6.7190899e-7
0.089, 1.1631923e-6, 6.6661323e-7
0.088, 1.1828790e-6, 6.7513668e-7
0.087, 1.1801710e-6, 6.6902737e-7
0.086, 1.1778777e-6, 6.7629645e-7
0.085, 1.1681657e-6, 6.6809264e-7
0.084, 1.1602003e-6, 6.6363771e-7
0.083, 1.1778830e-6, 6.7591822e-7
0.082, 1.1723751e-6, 6.6611574e-7
0.081, 1.1716181e-6, 6.7233094e-7
0.080, 1.1645193e-6, 6.6928055e-7
0.079, 1.1543177e-6, 6.6156019e-7
0.078, 1.1715324e-6, 6.7160966e-7
0.077, 1.1692235e-6, 6.6698004e-7
0.076, 1.1672430e-6, 6.6902044e-7
0.075, 1.1557941e-6, 6.6446552e-7
0.074, 1.1495803e-6, 6.5989639e-7
0.073, 1.1668371e-6, 6.6965362e-7
0.072, 1.1649053e-6, 6.6485813e-7
0.071, 1.1608257e-6, 6.6669986e-7
0.070, 1.1545809e-6, 6.6476917e-7
0.069, 1.1440607e-6, 6.6049063e-7
0.068, 1.1610912e-6, 6.6870086e-7
0.067, 1.1619045e-6, 6.6338708e-7
0.066, 1.1562577e-6, 6.6647419e-7
0.065, 1.1491995e-6, 6.6300470e-7
0.064, 1.1387118e-6, 6.5731984e-7
0.063, 1.1557786e-6, 6.6620555e-7
0.062, 1.1553882e-6, 6.6041986e-7
0.061, 1.1491057e-6, 6.6345586e-7
0.060, 1.1464058e-6, 6.6499518e-7
0.059, 1.1351839e-6, 6.5661686e-7
0.058, 1.1516843e-6, 6.6528332e-7
0.057, 1.1507092e-6, 6.5917123e-7
0.056, 1.1480211e-6, 6.6412332e-7
0.055, 1.1403878e-6, 6.6338077e-7
0.054, 1.1301019e-6, 6.5410813e-7
0.053, 1.1506737e-6, 6.6456994e-7
0.052, 1.1457655e-6, 6.5873360e-7
0.051, 1.1456309e-6, 6.6424525e-7
0.050, 1.1374840e-6, 6.6195310e-7
0.049, 1.1266266e-6, 6.5561915e-7
0.048, 1.1446433e-6, 6.6278625e-7
0.047, 1.1402859e-6, 6.5713601e-7
0.046, 1.1427254e-6, 6.6477543e-7
0.045, 1.1358729e-6, 6.6034619e-7
0.044, 1.1212820e-6, 6.5388133e-7
0.043, 1.1424150e-6, 6.6348781e-7
0.042, 1.1384915e-6, 6.5794165e-7
0.041, 1.1370950e-6, 6.6396484e-7
0.040, 1.1285531e-6, 6.5774270e-7
0.039, 1.1203003e-6, 6.5447711e-7
0.038, 1.1384850e-6, 6.6579253e-7
0.037, 1.1359601e-6, 6.5839328e-7
0.036, 1.1308523e-6, 6.6183281e-7
0.035, 1.1263249e-6, 6.6041849e-7
0.034, 1.1160425e-6, 6.5407829e-7
0.033, 1.1344467e-6, 6.6301391e-7
0.032, 1.1339389e-6, 6.6179445e-7
0.031, 1.1313705e-6, 6.6274248e-7
0.030, 1.1206721e-6, 6.6034806e-7
0.029, 1.1132864e-6, 6.5528081e-7
0.028, 1.1295053e-6, 6.6208594e-7
0.027, 1.1263915e-6, 6.5881989e-7
0.026, 1.1261511e-6, 6.6206195e-7
0.025, 1.1193296e-6, 6.6004338e-7
0.024, 1.1091879e-6, 6.5740886e-7
0.023, 1.1232131e-6, 6.6025439e-7
0.022, 1.1263189e-6, 6.6103246e-7
0.021, 1.1220080e-6, 6.6309690e-7
0.020, 1.1151785e-6, 6.5978770e-7
0.019, 1.1063829e-6, 6.5720030e-7
0.018, 1.1258466e-6, 6.6703575e-7
0.017, 1.1217664e-6, 6.5888111e-7
0.016, 1.1152754e-6, 6.5937348e-7
0.015, 1.1118199e-6, 6.6027212e-7
0.014, 1.1036839e-6, 6.5818591e-7
0.013, 1.1223888e-6, 6.6758759e-7
0.012, 1.1174881e-6, 6.5965924e-7
0.011, 1.1174333e-6, 6.6531908e-7
0.010, 1.1103130e-6, 6.6522193e-7
0.009, 1.1002076e-6, 6.6034590e-7
0.008, 1.1206018e-6, 6.6752597e-7
0.007, 1.1150165e-6, 6.6282905e-7
0.006, 1.1154971e-6, 6.6759020e-7
0.005, 1.1065146e-6, 6.6457409e-7
0.004, 1.0980517e-6, 6.6268404e-7
0.003, 1.1169572e-6, 6.6859371e-7
0.002, 1.1104091e-6, 6.6354426e-7
0.001, 1.1132673e-6, 6.7234606e-7
-0.000, 1.1052311e-6, 6.6741848e-7
-0.001, 1.0937201e-6, 6.6356506e-7
-0.002, 1.1140731e-6, 6.7060893e-7
-0.003, 1.1100233e-6, 6.6715785e-7
-0.004, 1.1094171e-6, 6.7398764e-7
-0.005, 1.1015404e-6, 6.6735333e-7
-0.006, 1.0944329e-6, 6.6642758e-7
-0.007, 1.1122065e-6, 6.7437361e-7
-0.008, 1.1068828e-6, 6.6989827e-7
-0.009, 1.1071962e-6, 6.7584222e-7
-0.010, 1.1014852e-6, 6.7429323e-7
-0.011, 1.0908710e-6, 6.6801584e-7
-0.012, 1.1084545e-6, 6.7637689e-7
-0.013, 1.1082327e-6, 6.7649012e-7
-0.014, 1.1073928e-6, 6.7766774e-7
-0.015, 1.0968282e-6, 6.7424924e-7
-0.016, 1.0895460e-6, 6.7274954e-7
-0.017, 1.1084701e-6, 6.8120022e-7
-0.018, 1.1046028e-6, 6.7931217e-7
-0.019, 1.1018052e-6, 6.7903289e-7
-0.020, 1.0966990e-6, 6.7841211e-7
-0.021, 1.0894440e-6, 6.8105368e-7
-0.022, 1.1053147e-6, 6.8548081e-7
-0.023, 1.1039085e-6, 6.8310197e-7
-0.024, 1.1019354e-6, 6.8656624e-7
-0.025, 1.0951450e-6, 6.8297453e-7
-0.026, 1.0866941e-6, 6.8198949e-7
-0.027, 1.1064998e-6, 6.9172592e-7
-0.028, 1.1033083e-6, 6.8653196e-7
-0.029, 1.0987076e-6, 6.9221204e-7
-0.030, 1.0943072e-6, 6.8868798e-7
-0.031, 1.0844199e-6, 6.8633449e-7
-0.032, 1.1042746e-6, 6.9601180e-7
-0.033, 1.1017158e-6, 6.9267338e-7
-0.034, 1.1015554e-6, 6.9729617e-7
-0.035, 1.0935095e-6, 6.9720755e-7
-0.036, 1.0819557e-6, 6.9054397e-7
-0.037, 1.1065109e-6, 7.0162832e-7
-0.038, 1.1001625e-6, 6.9954353e-7
-0.039, 1.1009203e-6, 7.0350569e-7
-0.040, 1.0919622e-6, 7.0133666e-7
-0.041, 1.0835408e-6, 7.0106347e-7
-0.042, 1.1040630e-6, 7.0634320e-7
-0.043, 1.0975009e-6, 7.0444503e-7
-0.044, 1.0988776e-6, 7.0917559e-7
-0.045, 1.0932116e-6, 7.0806288e-7
-0.046, 1.0834780e-6, 7.0815963e-7
-0.047, 1.1050189e-6, 7.1511624e-7
-0.048, 1.0992338e-6, 7.1294909e-7
-0.049, 1.0994336e-6, 7.1990291e-7
-0.050, 1.0922114e-6, 7.1546845e-7
-0.051, 1.0859067e-6, 7.1581525e-7
-0.052, 1.1055350e-6, 7.2665830e-7
-0.053, 1.0997885e-6, 7.2177403e-7
-0.054, 1.0993590e-6, 7.2687635e-7
-0.055, 1.0929152e-6, 7.2588006e-7
-0.056, 1.0858482e-6, 7.2520271e-7
-0.057, 1.1037970e-6, 7.3186868e-7
-0.058, 1.1024085e-6, 7.3518970e-7
-0.059, 1.1026768e-6, 7.3632583e-7
-0.060, 1.0922068e-6, 7.3540076e-7
-0.061, 1.0852973e-6, 7.3430783e-7
-0.062, 1.1051374e-6, 7.4242024e-7
-0.063, 1.1017528e-6, 7.4457319e-7
-0.064, 1.1012982e-6, 7.4625405e-7
-0.065, 1.0938274e-6, 7.4440510e-7
-0.066, 1.0885867e-6, 7.4792064e-7
-0.067, 1.1047839e-6, 7.5356149e-7
-0.068, 1.1010194e-6, 7.5370008e-7
-0.069, 1.1019597e-6, 7.5932462e-7
-0.070, 1.0945416e-6, 7.5628850e-7
-0.071, 1.0875477e-6, 7.5937425e-7
-0.072, 1.1105386e-6, 7.6974038e-7
-0.073, 1.1037541e-6, 7.6515590e-7
-0.074, 1.1036349e-6, 7.7024737e-7
-0.075, 1.0960779e-6, 7.6918082e-7
-0.076, 1.0891714e-6, 7.7126458e-7
-0.077, 1.1103182e-6, 7.8098145e-7
-0.078, 1.1045821e-6, 7.7816634e-7
-0.079, 1.1061227e-6, 7.8565284e-7
-0.080, 1.0972097e-6, 7.8582116e-7
-0.081, 1.0902722e-6, 7.8708712e-7
-0.082, 1.1148325e-6, 7.9558322e-7
-0.083, 1.1078046e-6, 7.9639710e-7
-0.084, 1.1090784e-6, 8.0116445e-7
-0.085, 1.1015591e-6, 8.0064734e-7
-0.086, 1.0949238e-6, 8.0414827e-7
-0.087, 1.1165941e-6, 8.1034500e-7
-0.088, 1.1067926e-6, 8.1022739e-7
-0.089, 1.1125111e-6, 8.1934979e-7
-0.090, 1.1058838e-6, 8.1887845e-7
-0.091, 1.0976837e-6, 8.2168845e-7
-0.092, 1.1189762e-6, 8.2829945e-7
-0.093, 1.1132829e-6, 8.2951851e-7
-0.094, 1.1155680e-6, 8.3995866e-7
-0.095, 1.1042102e-6, 8.3279878e-7
-0.096, 1.1017136e-6, 8.3867610e-7
-0.097, 1.1203588e-6, 8.4665061e-7
-0.098, 1.1172610e-6, 8.5054518e-7
-0.099, 1.1172996e-6, 8.5681302e-7
-0.100, 1.1091820e-6, 8.5680119e-7
-0.101, 1.1035419e-6, 8.5808114e-7
-0.102, 1.1225287e-6, 8.6620759e-7
-0.103, 1.1201754e-6, 8.7085465e-7
-0.104, 1.1236399e-6, 8.7780995e-7
-0.105, 1.1129080e-6, 8.7826714e-7
-0.106, 1.1096869e-6, 8.8275999e-7
-0.107, 1.1290639e-6, 8.9028316e-7
-0.108, 1.1236235e-6, 8.9571722e-7
-0.109, 1.1253608e-6, 8.9968887e-7
-0.110, 1.1189400e-6, 9.0116714e-7
-0.111, 1.1128933e-6, 9.0928381e-7
-0.112, 1.1320559e-6, 9.1400898e-7
-0.113, 1.1301264e-6, 9.2081478e-7
-0.114, 1.1309234e-6, 9.2791225e-7
-0.115, 1.1225191e-6, 9.2632240e-7
-0.116, 1.1163207e-6, 9.3192614e-7
-0.117, 1.1390689e-6, 9.4355215e-7
-0.118, 1.1371128e-6, 9.4728443e-7
-0.119, 1.1372649e-6, 9.5683401e-7
-0.120, 1.1290817e-6, 9.5535393e-7
-0.121, 1.1238549e-6, 9.6142094e-7
-0.122, 1.1453478e-6, 9.7300824e-7
-0.123, 1.1419492e-6, 9.7743305e-7
-0.124, 1.1461212e-6, 9.8686166e-7
-0.125, 1.1368179e-6, 9.8831833e-7
-0.126, 1.1280290e-6, 9.9228987e-7
-0.127, 1.1513051e-6, 1.0020665e-6
-0.128, 1.1485689e-6, 1.0102118e-6
-0.129, 1.1508644e-6, 1.0174875e-6
-0.130, 1.1419994e-6, 1.0199864e-6
-0.131, 1.1383540e-6, 1.0282670e-6
-0.132, 1.1605612e-6, 1.0345607e-6
-0.133, 1.1545374e-6, 1.0428744e-6
-0.134, 1.1596667e-6, 1.0536032e-6
-0.135, 1.1495249e-6, 1.0545632e-6
-0.136, 1.1469314e-6, 1.0646304e-6
-0.137, 1.1672849e-6, 1.0697028e-6
-0.138, 1.1663401e-6, 1.0821162e-6
-0.139, 1.1699126e-6, 1.0952316e-6
-0.140, 1.1584830e-6, 1.0939599e-6
-0.141, 1.1566613e-6, 1.1030440e-6
-0.142, 1.1784604e-6, 1.1125245e-6
-0.143, 1.1758143e-6, 1.1221184e-6
-0.144, 1.1791249e-6, 1.1336056e-6
-0.145, 1.1704892e-6, 1.1367417e-6
-0.146, 1.1703272e-6, 1.1458271e-6
-0.147, 1.1858667e-6, 1.1541758e-6
-0.148, 1.1879463e-6, 1.1671590e-6
-0.149, 1.1922756e-6, 1.1788469e-6
-0.150, 1.1828865e-6, 1.1821920e-6
-0.151, 1.1809282e-6, 1.1906363e-6
-0.152, 1.2040882e-6, 1.2015130e-6
-0.153, 1.2025222e-6, 1.2188264e-6
-0.154, 1.2049479e-6, 1.2250517e-6
-0.155, 1.1994549e-6, 1.2306053e-6
-0.156, 1.1943567e-6, 1.2412302e-6
-0.157, 1.2191197e-6, 1.2526266e-6
-0.158, 1.2179094e-6, 1.2684027e-6
-0.159, 1.2222862e-6, 1.2809925e-6
-0.160, 1.2142617e-6, 1.2826202e-6
-0.161, 1.2087828e-6, 1.2927071e-6
-0.162, 1.2348941e-6, 1.3058658e-6
-0.163, 1.2357427e-6, 1.3224385e-6
-0.164, 1.2408188e-6, 1.3364929e-6
-0.165, 1.2317086e-6, 1.3389548e-6
-0.166, 1.2296282e-6, 1.3515366e-6
-0.167, 1.2529293e-6, 1.3660829e-6
-0.168, 1.2493776e-6, 1.3775359e-6
-0.169, 1.2603180e-6, 1.3939325e-6
-0.170, 1.2531533e-6, 1.4033449e-6
-0.171, 1.2501703e-6, 1.4135371e-6
-0.172, 1.2740519e-6, 1.4270231e-6
-0.173, 1.2737634e-6, 1.4450476e-6
-0.174, 1.2810266e-6, 1.4579390e-6
-0.175, 1.2702237e-6, 1.4640748e-6
-0.176, 1.2724763e-6, 1.4827887e-6
-0.177, 1.2946821e-6, 1.4915825e-6
-0.178, 1.2967286e-6, 1.5143250e-6
-0.179, 1.3035656e-6, 1.5259473e-6
-0.180, 1.2966323e-6, 1.5355904e-6
-0.181, 1.2943331e-6, 1.5523616e-6
-0.182, 1.3189976e-6, 1.5617858e-6
-0.183, 1.3197939e-6, 1.5819434e-6
-0.184, 1.3274256e-6, 1.5992507e-6
-0.185, 1.3173127e-6, 1.6063299e-6
-0.186, 1.3176906e-6, 1.6239974e-6
-0.187, 1.3426908e-6, 1.6381582e-6
-0.188, 1.3411981e-6, 1.6555766e-6
-0.189, 1.3483464e-6, 1.6739675e-6
-0.190, 1.3442514e-6, 1.6869807e-6
-0.191, 1.3406178e-6, 1.6968147e-6
-0.192, 1.3632883e-6, 1.7128293e-6
-0.193, 1.3638842e-6, 1.7333731e-6
-0.194, 1.3725444e-6, 1.7520676e-6
-0.195, 1.3639087e-6, 1.7648856e-6
-0.196, 1.3581931e-6, 1.7733780e-6
-0.197, 1.3875109e-6, 1.7930502e-6
-0.198, 1.3862946e-6, 1.8190608e-6
-0.199, 1.3907689e-6, 1.8303789e-6
-0.200, 1.3822499e-6, 1.8438109e-6
-0.201, 1.3793438e-6, 1.8588213e-6
-0.202, 1.4032364e-6, 1.8724377e-6
-0.203, 1.4007553e-6, 1.8953840e-6
-0.204, 1.4074327e-6, 1.9149179e-6
-0.205, 1.4000568e-6, 1.9252161e-6
-0.206, 1.3912124e-6, 1.9412410e-6
-0.207, 1.4172515e-6, 1.9547347e-6
-0.208, 1.4125333e-6, 1.9769518e-6
-0.209, 1.4186842e-6, 1.9973870e-6
-0.210, 1.4092544e-6, 2.0077402e-6
-0.211, 1.4017136e-6, 2.0210257e-6
-0.212, 1.4265851e-6, 2.0408074e-6
-0.213, 1.4171317e-6, 2.0592547e-6
-0.214, 1.4242629e-6, 2.0786092e-6
-0.215, 1.4137797e-6, 2.0915554e-6
-0.216, 1.4075525e-6, 2.1060298e-6
-0.217, 1.4268054e-6, 2.1207343e-6
-0.218, 1.4253031e-6, 2.1481819e-6
-0.219, 1.4279112e-6, 2.1620222e-6
-0.220, 1.4116031e-6, 2.1715407e-6
-0.221, 1.4065182e-6, 2.1894325e-6
-0.222, 1.4242370e-6, 2.2023160e-6
-0.223, 1.4188993e-6, 2.2287547e-6
-0.224, 1.4205420e-6, 2.2425679e-6
-0.225, 1.4061197e-6, 2.2553802e-6
-0.226, 1.3989419e-6, 2.2753522e-6
-0.227, 1.4162267e-6, 2.2858599e-6
-0.228, 1.4107263e-6, 2.3093055e-6
-0.229, 1.4108587e-6, 2.3257921e-6
-0.230, 1.3964726e-6, 2.3383236e-6
-0.231, 1.3860115e-6, 2.3539751e-6
-0.232, 1.4041156e-6, 2.3682903e-6
-0.233, 1.3971246e-6, 2.3897944e-6
-0.234, 1.3947198e-6, 2.4081571e-6
-0.235, 1.3835422e-6, 2.4229596e-6
-0.236, 1.3685411e-6, 2.4336643e-6
-0.237, 1.3874508e-6, 2.4495996e-6
-0.238, 1.3791413e-6, 2.4707133e-6
-0.239, 1.3782887e-6, 2.4874385e-6
-0.240, 1.3636981e-6, 2.5063664e-6
-0.241, 1.3491316e-6, 2.5120246e-6
-0.242, 1.3701240e-6, 2.5285142e-6
-0.243, 1.3583477e-6, 2.5519143e-6
-0.244, 1.3606260e-6, 2.5695583e-6
-0.245, 1.3433059e-6, 2.5835225e-6
-0.246, 1.3324966e-6, 2.5998220e-6
-0.247, 1.3492062e-6, 2.6068487e-6
-0.248, 1.3363726e-6, 2.6306845e-6
-0.249, 1.3386733e-6, 2.6463103e-6
-0.250, 1.3253875e-6, 2.6638677e-6
-0.251, 1.3122087e-6, 2.6778764e-6
-0.252, 1.3279810e-6, 2.6859384e-6
-0.253, 1.3188608e-6, 2.7108745e-6
-0.254, 1.3176846e-6, 2.7295364e-6
-0.255, 1.3002400e-6, 2.7387189e-6
-0.256, 1.2924420e-6, 2.7539002e-6
-0.257, 1.3106604e-6, 2.7683147e-6
-0.258, 1.2992421e-6, 2.7891019e-6
-0.259, 1.2999636e-6, 2.8068625e-6
-0.260, 1.2835267e-6, 2.8198215e-6
-0.261, 1.2739135e-6, 2.8325496e-6
-0.262, 1.2888607e-6, 2.8425079e-6
-0.263, 1.2828059e-6, 2.8697614e-6
-0.264, 1.2847111e-6, 2.8823724e-6
-0.265, 1.2673131e-6, 2.8970144e-6
-0.266, 1.2586980e-6, 2.9098533e-6
-0.267, 1.2762306e-6, 2.9194280e-6
-0.268, 1.2675047e-6, 2.9463581e-6
-0.269, 1.2687302e-6, 2.9564455e-6
-0.270, 1.2568203e-6, 2.9733485e-6
-0.271, 1.2406487e-6, 2.9805469e-6
-0.272, 1.2593575e-6, 2.9907912e-6
-0.273, 1.2528621e-6, 3.0156527e-6
-0.274, 1.2541994e-6, 3.0309611e-6
-0.275, 1.2412557e-6, 3.0403055e-6
-0.276, 1.2281820e-6, 3.0520830e-6
-0.277, 1.2526801e-6, 3.0638910e-6
-0.278, 1.2442040e-6, 3.0842968e-6
-0.279, 1.2421149e-6, 3.0968067e-6
-0.280, 1.2304101e-6, 3.1077980e-6
-0.281, 1.2204541e-6, 3.1185377e-6
-0.282, 1.2390185e-6, 3.1284717e-6
-0.283, 1.2305019e-6, 3.1448021e-6
-0.284, 1.2359210e-6, 3.1605828e-6
-0.285, 1.2221403e-6, 3.1752120e-6
-0.286, 1.2117664e-6, 3.1821280e-6
-0.287, 1.2324115e-6, 3.1880295e-6
-0.288, 1.2236404e-6, 3.2069970e-6
-0.289, 1.2271551e-6, 3.2164521e-6
-0.290, 1.2147400e-6, 3.2288838e-6
-0.291, 1.2053665e-6, 3.2382625e-6
-0.292, 1.2271078e-6, 3.2403218e-6
-0.293, 1.2164382e-6, 3.2614064e-6
-0.294, 1.2209038e-6, 3.2682378e-6
-0.295, 1.2087538e-6, 3.2771395e-6
-0.296, 1.1990853e-6, 3.2869425e-6
-0.297, 1.2199743e-6, 3.2851990e-6
-0.298, 1.2160937e-6, 3.3072274e-6
-0.299, 1.2158720e-6, 3.3140846e-6
-0.300, 1.2007931e-6, 3.3175986e-6
-0.301, 1.1943073e-6, 3.3245278e-6
-0.302, 1.2153781e-6, 3.3259410e-6
-0.303, 1.2082074e-6, 3.3392992e-6
-0.304, 1.2111329e-6, 3.3466831e-6
-0.305, 1.2007051e-6, 3.3534347e-6
-0.306, 1.1928494e-6, 3.3558676e-6
-0.307, 1.2087547e-6, 3.3503395e-6
-0.308, 1.2055181e-6, 3.3657084e-6
-0.309, 1.2100004e-6, 3.3710678e-6
-0.310, 1.1971107e-6, 3.3750459e-6
-0.311, 1.1889554e-6, 3.3731287e-6
-0.312, 1.2106605e-6, 3.3715992e-6
-0.313, 1.2016419e-6, 3.3841541e-6
-0.314, 1.2058123e-6, 3.3855592e-6
-0.315, 1.1967446e-6, 3.3866877e-6
-0.316, 1.1866844e-6, 3.3845081e-6
-0.317, 1.2097801e-6, 3.3796703e-6
-0.318, 1.2011280e-6, 3.3888091e-6
-0.319, 1.2071023e-6, 3.3896827e-6
-0.320, 1.1966936e-6, 3.3855238e-6
-0.321, 1.1828740e-6, 3.3827998e-6
-0.322, 1.2091488e-6, 3.3758793e-6
-0.323, 1.2007376e-6, 3.3818646e-6
-0.324, 1.2061707e-6, 3.3813058e-6
-0.325, 1.1951241e-6, 3.3741451e-6
-0.326, 1.1842623e-6, 3.3676010e-6
-0.327, 1.2099945e-6, 3.3630897e-6
-0.328, 1.1980244e-6, 3.3590345e-6
-0.329, 1.2078069e-6, 3.3564932e-6
-0.330, 1.1955877e-6, 3.3521926e-6
-0.331, 1.1858401e-6, 3.3411625e-6
-0.332, 1.2089322e-6, 3.3297545e-6
-0.333, 1.2025732e-6, 3.3335591e-6
-0.334, 1.2087377e-6, 3.3223591e-6
-0.335, 1.1921951e-6, 3.3103011e-6
-0.336, 1.1873911e-6, 3.3009208e-6
-0.337, 1.2105696e-6, 3.2859625e-6
-0.338, 1.2029319e-6, 3.2880375e-6
-0.339, 1.2090688e-6, 3.2727403e-6
-0.340, 1.1967950e-6, 3.2609007e-6
-0.341, 1.1892431e-6, 3.2516919e-6
-0.342, 1.2080324e-6, 3.2281300e-6
-0.343, 1.2067563e-6, 3.2264268e-6
-0.344, 1.2116283e-6, 3.2144962e-6
-0.345, 1.1999983e-6, 3.1976870e-6
-0.346, 1.1922069e-6, 3.1844793e-6
-0.347, 1.2146011e-6, 3.1629945e-6
-0.348, 1.2073536e-6, 3.1541547e-6
-0.349, 1.2114900e-6, 3.1377963e-6
-0.350, 1.2063881e-6, 3.1278782e-6
-0.351, 1.1973857e-6, 3.1048935e-6
-0.352, 1.2189192e-6, 3.0841632e-6
-0.353, 1.2110323e-6, 3.0714523e-6
-0.354, 1.2195675e-6, 3.0560464e-6
-0.355, 1.2075326e-6, 3.0386843e-6
-0.356, 1.1980023e-6, 3.0132708e-6
-0.357, 1.2227193e-6, 2.9896128e-6
-0.358, 1.2151754e-6, 2.9788177e-6
-0.359, 1.2221996e-6, 2.9576333e-6
-0.360, 1.2104070e-6, 2.9368621e-6
-0.361, 1.2033371e-6, 2.9169360e-6
-0.362, 1.2269636e-6, 2.8885659e-6
-0.363, 1.2187803e-6, 2.8754373e-6
-0.364, 1.2305027e-6, 2.8551319e-6
-0.365, 1.2176949e-6, 2.8295426e-6
-0.366, 1.2106058e-6, 2.8082552e-6
-0.367, 1.2329572e-6, 2.7764522e-6
-0.368, 1.2262050e-6, 2.7642673e-6
-0.369, 1.2333045e-6, 2.7409178e-6
-0.370, 1.2214136e-6, 2.7129008e-6
-0.371, 1.2167220e-6, 2.6898740e-6
-0.372, 1.2394562e-6, 2.6638527e-6
-0.373, 1.2330592e-6, 2.6447171e-6
-0.374, 1.2397491e-6, 2.6197731e-6
-0.375, 1.2287690e-6, 2.5944323e-6
-0.376, 1.2224028e-6, 2.5674733e-6
-0.377, 1.2441989e-6, 2.5367392e-6
-0.378, 1.2402902e-6, 2.5242225e-6
-0.379, 1.2484293e-6, 2.4942665e-6
-0.380, 1.2355921e-6, 2.4702965e-6
-0.381, 1.2305854e-6, 2.4433775e-6
-0.382, 1.2536597e-6, 2.4131791e-6
-0.383, 1.2463112e-6, 2.3981904e-6
-0.384, 1.2556625e-6, 2.3681619e-6
-0.385, 1.2443793e-6, 2.3424989e-6
-0.386, 1.2370905e-6, 2.3183713e-6
-0.387, 1.2571943e-6, 2.2855129e-6
-0.388, 1.2529936e-6, 2.2704066e-6
-0.389, 1.2632781e-6, 2.2460076e-6
-0.390, 1.2517264e-6, 2.2178308e-6
-0.391, 1.2437391e-6, 2.1931510e-6
-0.392, 1.2720099e-6, 2.1682331e-6
-0.393, 1.2648579e-6, 2.1476637e-6
-0.394, 1.2724298e-6, 2.1235496e-6
-0.395, 1.2596473e-6, 2.0956534e-6
-0.396, 1.2527386e-6, 2.0721236e-6
-0.397, 1.2780167e-6, 2.0473908e-6
-0.398, 1.2699554e-6, 2.0271614e-6
-0.399, 1.2818573e-6, 2.0063685e-6
-0.400, 1.2709918e-6, 1.9872650e-6
-0.401, 1.2607023e-6, 1.9597674e-6
-0.402, 1.2859347e-6, 1.9330255e-6
-0.403, 1.2805459e-6, 1.9200584e-6
-0.404, 1.2914594e-6, 1.8974881e-6
-0.405, 1.2782806e-6, 1.8751285e-6
-0.406, 1.2716602e-6, 1.8552662e-6
-0.407, 1.3004013e-6, 1.8304219e-6
-0.408, 1.2897517e-6, 1.8204680e-6
-0.409, 1.2995548e-6, 1.7964019e-6
-0.410, 1.2873202e-6, 1.7761032e-6
-0.411, 1.2810679e-6, 1.7590938e-6
-0.412, 1.3055231e-6, 1.7333759e-6
-0.413, 1.2998808e-6, 1.7244055e-6
-0.414, 1.3105215e-6, 1.7099608e-6
-0.415, 1.2947877e-6, 1.6848376e-6
-0.416, 1.2924635e-6, 1.6714441e-6
-0.417, 1.3138736e-6, 1.6493311e-6
-0.418, 1.3103042e-6, 1.6425247e-6
-0.419, 1.3191426e-6, 1.6271158e-6
-0.420, 1.3090570e-6, 1.6133961e-6
-0.421, 1.3026125e-6, 1.5943644e-6
-0.422, 1.3217109e-6, 1.5723451e-6
-0.423, 1.3194744e-6, 1.5709331e-6
-0.424, 1.3277606e-6, 1.5558353e-6
-0.425, 1.3165941e-6, 1.5430454e-6
-0.426, 1.3121339e-6, 1.5294389e-6
-0.427, 1.3357325e-6, 1.5130308e-6
-0.428, 1.3275543e-6, 1.5107805e-6
-0.429, 1.3380862e-6, 1.4983702e-6
-0.430, 1.3295260e-6, 1.4865030e-6
-0.431, 1.3205124e-6, 1.4742437e-6
-0.432, 1.3455157e-6, 1.4600672e-6
-0.433, 1.3391708e-6, 1.4594331e-6
-0.434, 1.3490900e-6, 1.4488536e-6
-0.435, 1.3356363e-6, 1.4358097e-6
-0.436, 1.3285893e-6, 1.4268004e-6
-0.437, 1.3567752e-6, 1.4198637e-6
-0.438, 1.3518033e-6, 1.4178893e-6
-0.439, 1.3604110e-6, 1.4101465e-6
-0.440, 1.3478880e-6, 1.3990215e-6
-0.441, 1.3403923e-6, 1.3903932e-6
-0.442, 1.3688183e-6, 1.3867904e-6
-0.443, 1.3589101e-6, 1.3809232e-6
-0.444, 1.3723892e-6, 1.3758348e-6
-0.445, 1.3569629e-6, 1.3676422e-6
-0.446, 1.3532938e-6, 1.3627018e-6
-0.447, 1.3755925e-6, 1.3540900e-6
-0.448, 1.3711131e-6, 1.3584479e-6
-0.449, 1.3789002e-6, 1.3471904e-6
-0.450, 1.3646729e-6, 1.3419441e-6
-0.451, 1.3620810e-6, 1.3377601e-6
-0.452, 1.3902070e-6, 1.3321996e-6
-0.453, 1.3820888e-6, 1.3375395e-6
-0.454, 1.3913493e-6, 1.3291008e-6
-0.455, 1.3787649e-6, 1.3247815e-6
-0.456, 1.3722226e-6, 1.3222165e-6
-0.457, 1.3967069e-6, 1.3123832e-6
-0.458, 1.3950665e-6, 1.3215769e-6
-0.459, 1.4041954e-6, 1.3195460e-6
-0.460, 1.3921875e-6, 1.3127598e-6
-0.461, 1.3850423e-6, 1.3089744e-6
-0.462, 1.4091753e-6, 1.3041890e-6
-0.463, 1.4060821e-6, 1.3103790e-6
-0.464, 1.4120112e-6, 1.3044953e-6
-0.465, 1.4041620e-6, 1.3069945e-6
-0.466, 1.4005573e-6, 1.3018632e-6
-0.467, 1.4227088e-6, 1.2989062e-6
-0.468, 1.4179071e-6, 1.3031656e-6
-0.469, 1.4278855e-6, 1.3010679e-6
-0.470, 1.4161062e-6, 1.3017443e-6
-0.471, 1.4102621e-6, 1.2953708e-6
-0.472, 1.4362944e-6, 1.2927613e-6
-0.473, 1.4334244e-6, 1.3034032e-6
-0.474, 1.4406080e-6, 1.3000054e-6
-0.475, 1.4310504e-6, 1.2997623e-6
-0.476, 1.4262155e-6, 1.2982455e-6
-0.477, 1.4511764e-6, 1.2934229e-6
-0.478, 1.4476263e-6, 1.3037870e-6
-0.479, 1.4575107e-6, 1.3027584e-6
-0.480, 1.4455296e-6, 1.2981671e-6
-0.481, 1.4389993e-6, 1.2970853e-6
-0.482, 1.4652350e-6, 1.2954650e-6
-0.483, 1.4608095e-6, 1.3041277e-6
-0.484, 1.4724438e-6, 1.3054466e-6
-0.485, 1.4600074e-6, 1.3012366e-6
-0.486, 1.4581487e-6, 1.3037119e-6
-0.487, 1.4825382e-6, 1.3045463e-6
-0.488, 1.4780692e-6, 1.3122439e-6
-0.489, 1.4902654e-6, 1.3111389e-6
-0.490, 1.4779813e-6, 1.3104234e-6
-0.491, 1.4748302e-6, 1.3103274e-6
-0.492, 1.4988938e-6, 1.3084998e-6
-0.493, 1.4977271e-6, 1.3211835e-6
-0.494, 1.5110768e-6, 1.3196544e-6
-0.495, 1.4926533e-6, 1.3197237e-6
-0.496, 1.4931162e-6, 1.3192939e-6
-0.497, 1.5165467e-6, 1.3173072e-6
-0.498, 1.5159569e-6, 1.3313125e-6
-0.499, 1.5281096e-6, 1.3296607e-6
-0.500, 1.5162874e-6, 1.3305479e-6
