Feb. 2, 2006   23:42:50
Cyclic Voltammetry
File: z:\users\scottsaunders\git\labwork\ida\01_23_19_psoralen_nonequil_3\data\control\1\75um_control_transfer_1_gc_7.txt
Data Source:  Experiment
Instrument Model:  CHI760E
Header: 
Note: 

Init E (V) = 0
High E (V) = 0
Low E (V) = -0.4
Init P/N = N
Scan Rate (V/s) = 0.003
Segment = 1
Sample Interval (V) = 0.001
Quiet Time (sec) = 2
Sensitivity (A/V) = 1e-7
2nd E (V) = 0
Sens 2 (A/V) = 1e-7

Potential/V, i1/A, i2/A, Time/s

0.000, -6.2034573e-8, -7.1331904e-8, 3.3333334e-1
-0.001, -5.1266486e-8, -6.2661719e-8, 6.6666669e-1
-0.002, -4.4470099e-8, -5.6115294e-8, 1.0000000e+0
-0.003, -3.9521446e-8, -5.1029385e-8, 1.3333334e+0
-0.004, -3.5625089e-8, -4.6976279e-8, 1.6666667e+0
-0.005, -3.2450583e-8, -4.3651657e-8, 2.0000000e+0
-0.006, -2.9729716e-8, -4.0880131e-8, 2.3333333e+0
-0.007, -2.7440516e-8, -3.8533010e-8, 2.6666665e+0
-0.008, -2.5418464e-8, -3.6508879e-8, 2.9999998e+0
-0.009, -2.3677501e-8, -3.4768981e-8, 3.3333330e+0
-0.010, -2.2162588e-8, -3.3231295e-8, 3.6666663e+0
-0.011, -2.0746052e-8, -3.1862140e-8, 3.9999995e+0
-0.012, -1.9477858e-8, -3.0623102e-8, 4.3333330e+0
-0.013, -1.8379142e-8, -2.9503195e-8, 4.6666665e+0
-0.014, -1.7312784e-8, -2.8495323e-8, 5.0000000e+0
-0.015, -1.6369492e-8, -2.7570659e-8, 5.3333335e+0
-0.016, -1.5500603e-8, -2.6721272e-8, 5.6666670e+0
-0.017, -1.4668565e-8, -2.5941969e-8, 6.0000005e+0
-0.018, -1.3928056e-8, -2.5224358e-8, 6.3333340e+0
-0.019, -1.3213175e-8, -2.4555439e-8, 6.6666675e+0
-0.020, -1.2555811e-8, -2.3932257e-8, 7.0000010e+0
-0.021, -1.1957026e-8, -2.3347486e-8, 7.3333344e+0
-0.022, -1.1368398e-8, -2.2795213e-8, 7.6666679e+0
-0.023, -1.0831381e-8, -2.2272252e-8, 8.0000010e+0
-0.024, -1.0291293e-8, -2.1781082e-8, 8.3333340e+0
-0.025, -9.7803774e-9, -2.1313429e-8, 8.6666670e+0
-0.026, -9.3686685e-9, -2.0870358e-8, 9.0000000e+0
-0.027, -8.9052303e-9, -2.0449153e-8, 9.3333330e+0
-0.028, -8.4586809e-9, -2.0041773e-8, 9.6666660e+0
-0.029, -8.0730729e-9, -1.9652832e-8, 9.9999990e+0
-0.030, -7.6519155e-9, -1.9281025e-8, 1.0333332e+1
-0.031, -7.2911099e-9, -1.8936758e-8, 1.0666665e+1
-0.032, -6.9239259e-9, -1.8614825e-8, 1.0999998e+1
-0.033, -6.5870940e-9, -1.8299984e-8, 1.1333331e+1
-0.034, -6.3058900e-9, -1.8007007e-8, 1.1666664e+1
-0.035, -6.0009464e-9, -1.7733058e-8, 1.1999997e+1
-0.036, -5.7231668e-9, -1.7477781e-8, 1.2333330e+1
-0.037, -5.4672369e-9, -1.7236806e-8, 1.2666663e+1
-0.038, -5.1926459e-9, -1.7007292e-8, 1.2999996e+1
-0.039, -4.9773439e-9, -1.6795152e-8, 1.3333329e+1
-0.040, -4.7518838e-9, -1.6583723e-8, 1.3666662e+1
-0.041, -4.5103623e-9, -1.6376429e-8, 1.3999995e+1
-0.042, -4.3119481e-9, -1.6174569e-8, 1.4333328e+1
-0.043, -4.0811741e-9, -1.5981458e-8, 1.4666661e+1
-0.044, -3.8642174e-9, -1.5789411e-8, 1.4999994e+1
-0.045, -3.6816297e-9, -1.5602208e-8, 1.5333327e+1
-0.046, -3.4865224e-9, -1.5420442e-8, 1.5666660e+1
-0.047, -3.3114933e-9, -1.5245885e-8, 1.5999993e+1
-0.048, -3.1396528e-9, -1.5080547e-8, 1.6333326e+1
-0.049, -2.9432463e-9, -1.4920642e-8, 1.6666660e+1
-0.050, -2.7841609e-9, -1.4759441e-8, 1.6999994e+1
-0.051, -2.6110212e-9, -1.4606157e-8, 1.7333328e+1
-0.052, -2.4400073e-9, -1.4451218e-8, 1.7666662e+1
-0.053, -2.2954485e-9, -1.4302779e-8, 1.7999996e+1
-0.054, -2.1293949e-9, -1.4152450e-8, 1.8333330e+1
-0.055, -1.9864899e-9, -1.4008384e-8, 1.8666664e+1
-0.056, -1.8269319e-9, -1.3870110e-8, 1.8999998e+1
-0.057, -1.6658387e-9, -1.3736443e-8, 1.9333332e+1
-0.058, -1.5548214e-9, -1.3609161e-8, 1.9666666e+1
-0.059, -1.4187661e-9, -1.3492040e-8, 2.0000000e+1
-0.060, -1.2827108e-9, -1.3376576e-8, 2.0333334e+1
-0.061, -1.1960228e-9, -1.3258629e-8, 2.0666668e+1
-0.062, -1.0567788e-9, -1.3149900e-8, 2.1000002e+1
-0.063, -9.3997443e-10, -1.3041053e-8, 2.1333336e+1
-0.064, -8.2600443e-10, -1.2941304e-8, 2.1666670e+1
-0.065, -7.1108974e-10, -1.2852786e-8, 2.2000004e+1
-0.066, -6.4636901e-10, -1.2760247e-8, 2.2333338e+1
-0.067, -5.2791121e-10, -1.2667001e-8, 2.2666672e+1
-0.068, -4.2102752e-10, -1.2579073e-8, 2.3000006e+1
-0.069, -3.4461450e-10, -1.2491499e-8, 2.3333340e+1
-0.070, -2.2615668e-10, -1.2404042e-8, 2.3666674e+1
-0.071, -1.3486266e-10, -1.2315878e-8, 2.4000008e+1
-0.072, -5.1717776e-11, -1.2233386e-8, 2.4333342e+1
-0.073, 4.3237459e-11, -1.2154793e-8, 2.4666676e+1
-0.074, 1.0039956e-10, -1.2074665e-8, 2.5000010e+1
-0.075, 2.1791258e-10, -1.2000801e-8, 2.5333344e+1
-0.076, 3.5196007e-10, -1.1919372e-8, 2.5666677e+1
-0.077, 3.4912556e-10, -1.1852598e-8, 2.6000011e+1
-0.078, 4.4762391e-10, -1.1782870e-8, 2.6333345e+1
-0.079, 5.1246279e-10, -1.1706642e-8, 2.6666679e+1
-0.080, 5.8604127e-10, -1.1632067e-8, 2.7000013e+1
-0.081, 6.8135081e-10, -1.1566121e-8, 2.7333347e+1
-0.082, 7.3697759e-10, -1.1497929e-8, 2.7666681e+1
-0.083, 8.5437252e-10, -1.1428319e-8, 2.8000015e+1
-0.084, 8.9263807e-10, -1.1365209e-8, 2.8333349e+1
-0.085, 9.0751912e-10, -1.1310490e-8, 2.8666683e+1
-0.086, 1.0493614e-9, -1.1250689e-8, 2.9000017e+1
-0.087, 1.0619984e-9, -1.1194316e-8, 2.9333351e+1
-0.088, 1.1401829e-9, -1.1136051e-8, 2.9666685e+1
-0.089, 1.2131710e-9, -1.1072942e-8, 3.0000019e+1
-0.090, 1.2323038e-9, -1.1005459e-8, 3.0333353e+1
-0.091, 1.3447382e-9, -1.0926985e-8, 3.0666687e+1
-0.092, 1.4555194e-9, -1.0839174e-8, 3.1000021e+1
-0.093, 1.5129177e-9, -1.0755381e-8, 3.1333355e+1
-0.094, 1.6053928e-9, -1.0676317e-8, 3.1666689e+1
-0.095, 1.6793257e-9, -1.0591461e-8, 3.2000023e+1
-0.096, 1.7723911e-9, -1.0514405e-8, 3.2333355e+1
-0.097, 1.8649844e-9, -1.0437823e-8, 3.2666687e+1
-0.098, 1.8732516e-9, -1.0376485e-8, 3.3000019e+1
-0.099, 1.9686792e-9, -1.0299784e-8, 3.3333351e+1
-0.100, 2.0300930e-9, -1.0233246e-8, 3.3666683e+1
-0.101, 2.0838302e-9, -1.0174746e-8, 3.4000015e+1
-0.102, 2.1674476e-9, -1.0117546e-8, 3.4333347e+1
-0.103, 2.2321680e-9, -1.0064363e-8, 3.4666679e+1
-0.104, 2.2692528e-9, -1.0004917e-8, 3.5000011e+1
-0.105, 2.3363356e-9, -9.9512611e-9, 3.5333344e+1
-0.106, 2.3533422e-9, -9.8953601e-9, 3.5666676e+1
-0.107, 2.4363691e-9, -9.8349684e-9, 3.6000008e+1
-0.108, 2.5034519e-9, -9.7762314e-9, 3.6333340e+1
-0.109, 2.5482132e-9, -9.7219850e-9, 3.6666672e+1
-0.110, 2.6200202e-9, -9.6688018e-9, 3.7000004e+1
-0.111, 2.6563962e-9, -9.6184571e-9, 3.7333336e+1
-0.112, 2.7087159e-9, -9.5677555e-9, 3.7666668e+1
-0.113, 2.7775704e-9, -9.5254453e-9, 3.8000000e+1
-0.114, 2.8010729e-9, -9.4831352e-9, 3.8333332e+1
-0.115, 2.8595339e-9, -9.4405896e-9, 3.8666664e+1
-0.116, 2.9185860e-9, -9.4039523e-9, 3.8999996e+1
-0.117, 2.9386635e-9, -9.3702708e-9, 3.9333328e+1
-0.118, 2.9996050e-9, -9.3363521e-9, 3.9666660e+1
-0.119, 3.0477909e-9, -9.2930970e-9, 3.9999992e+1
-0.120, 3.1076697e-9, -9.2598871e-9, 4.0333324e+1
-0.121, 3.1473522e-9, -9.2332959e-9, 4.0666656e+1
-0.122, 3.1597533e-9, -9.2055226e-9, 4.0999989e+1
-0.123, 3.2047507e-9, -9.1846042e-9, 4.1333321e+1
-0.124, 3.2517560e-9, -9.1573042e-9, 4.1666653e+1
-0.125, 3.2647476e-9, -9.1330756e-9, 4.1999985e+1
-0.126, 3.3234451e-9, -9.1035304e-9, 4.2333317e+1
-0.127, 3.3495455e-9, -9.0841477e-9, 4.2666649e+1
-0.128, 3.3951335e-9, -9.0541299e-9, 4.2999981e+1
-0.129, 3.4561929e-9, -9.0241112e-9, 4.3333313e+1
-0.130, 3.4848926e-9, -8.9901926e-9, 4.3666645e+1
-0.131, 3.5481957e-9, -8.9601730e-9, 4.3999977e+1
-0.132, 3.5752417e-9, -8.9333465e-9, 4.4333309e+1
-0.133, 3.6279157e-9, -8.8983629e-9, 4.4666641e+1
-0.134, 3.7043284e-9, -8.8612540e-9, 4.4999973e+1
-0.135, 3.7369250e-9, -8.8301713e-9, 4.5333305e+1
-0.136, 3.7879460e-9, -8.7948351e-9, 4.5666637e+1
-0.137, 3.8499501e-9, -8.7636334e-9, 4.5999969e+1
-0.138, 3.8611705e-9, -8.7338528e-9, 4.6333302e+1
-0.139, 3.9328589e-9, -8.7033607e-9, 4.6666634e+1
-0.140, 3.9928554e-9, -8.6721599e-9, 4.6999966e+1
-0.141, 4.0174211e-9, -8.6432053e-9, 4.7333298e+1
-0.142, 4.0739927e-9, -8.6218144e-9, 4.7666630e+1
-0.143, 4.1137933e-9, -8.6049132e-9, 4.7999962e+1
-0.144, 4.1517048e-9, -8.5868326e-9, 4.8333294e+1
-0.145, 4.2193782e-9, -8.5705221e-9, 4.8666626e+1
-0.146, 4.2429988e-9, -8.5527949e-9, 4.8999958e+1
-0.147, 4.2959094e-9, -8.5363681e-9, 4.9333290e+1
-0.148, 4.3463393e-9, -8.5161584e-9, 4.9666622e+1
-0.149, 4.3711408e-9, -8.5051663e-9, 4.9999954e+1
-0.150, 4.4283035e-9, -8.4925214e-9, 5.0333286e+1
-0.151, 4.4579473e-9, -8.4836573e-9, 5.0666618e+1
-0.152, 4.5086139e-9, -8.4726661e-9, 5.0999950e+1
-0.153, 4.5647131e-9, -8.4665208e-9, 5.1333282e+1
-0.154, 4.6010884e-9, -8.4563574e-9, 5.1666615e+1
-0.155, 4.6514010e-9, -8.4490290e-9, 5.1999947e+1
-0.156, 4.7006501e-9, -8.4453662e-9, 5.2333279e+1
-0.157, 4.7085629e-9, -8.4441840e-9, 5.2666611e+1
-0.158, 4.7608828e-9, -8.4457206e-9, 5.2999943e+1
-0.159, 4.8192259e-9, -8.4398115e-9, 5.3333275e+1
-0.160, 4.8711915e-9, -8.4399296e-9, 5.3666607e+1
-0.161, 4.9281175e-9, -8.4474934e-9, 5.3999939e+1
-0.162, 4.9498485e-9, -8.4558840e-9, 5.4333271e+1
-0.163, 5.0078368e-9, -8.4602574e-9, 5.4666603e+1
-0.164, 5.0620468e-9, -8.4639211e-9, 5.4999935e+1
-0.165, 5.0955880e-9, -8.4646299e-9, 5.5333267e+1
-0.166, 5.1658597e-9, -8.4581302e-9, 5.5666599e+1
-0.167, 5.2134550e-9, -8.4470209e-9, 5.5999931e+1
-0.168, 5.2890416e-9, -8.4295300e-9, 5.6333263e+1
-0.169, 5.3887210e-9, -8.4097920e-9, 5.6666595e+1
-0.170, 5.4234435e-9, -8.3840286e-9, 5.6999928e+1
-0.171, 5.5228866e-9, -8.3561371e-9, 5.7333260e+1
-0.172, 5.6189049e-9, -8.3256460e-9, 5.7666592e+1
-0.173, 5.6982703e-9, -8.2933820e-9, 5.7999924e+1
-0.174, 5.7896825e-9, -8.2568627e-9, 5.8333256e+1
-0.175, 5.8887717e-9, -8.2229441e-9, 5.8666588e+1
-0.176, 5.9220771e-9, -8.2081719e-9, 5.8999920e+1
-0.177, 6.0169141e-9, -8.1928082e-9, 5.9333252e+1
-0.178, 6.0810441e-9, -8.1729530e-9, 5.9666584e+1
-0.179, 6.1866285e-9, -8.1469524e-9, 5.9999916e+1
-0.180, 6.3053229e-9, -8.1176434e-9, 6.0333248e+1
-0.181, 6.3220935e-9, -8.1144522e-9, 6.0666580e+1
-0.182, 6.4414958e-9, -8.0891613e-9, 6.0999912e+1
-0.183, 6.5225145e-9, -8.0702511e-9, 6.1333244e+1
-0.184, 6.6132189e-9, -8.0467331e-9, 6.1666576e+1
-0.185, 6.7327397e-9, -8.0274685e-9, 6.1999908e+1
-0.186, 6.8216712e-9, -8.0070235e-9, 6.2333241e+1
-0.187, 6.9265469e-9, -7.9870501e-9, 6.2666573e+1
-0.188, 7.0290609e-9, -7.9662499e-9, 6.2999905e+1
-0.189, 7.1071273e-9, -7.9554949e-9, 6.3333237e+1
-0.190, 7.2317272e-9, -7.9456859e-9, 6.3666569e+1
-0.191, 7.3376656e-9, -7.9359950e-9, 6.3999901e+1
-0.192, 7.4399433e-9, -7.9291400e-9, 6.4333237e+1
-0.193, 7.5855642e-9, -7.9244131e-9, 6.4666573e+1
-0.194, 7.6857170e-9, -7.9172038e-9, 6.4999908e+1
-0.195, 7.8690139e-9, -7.9060953e-9, 6.5333244e+1
-0.196, 8.2553298e-9, -7.8349478e-9, 6.5666580e+1
-0.197, 8.0960083e-9, -7.9245304e-9, 6.5999916e+1
-0.198, 8.1424218e-9, -7.9440321e-9, 6.6333252e+1
-0.199, 8.2741085e-9, -7.9544318e-9, 6.6666588e+1
-0.200, 8.4624832e-9, -7.9473406e-9, 6.6999924e+1
-0.201, 8.5916882e-9, -7.9539584e-9, 6.7333260e+1
-0.202, 8.7049496e-9, -7.9644771e-9, 6.7666595e+1
-0.203, 8.9282830e-9, -7.9764133e-9, 6.7999931e+1
-0.204, 9.1085104e-9, -7.9975679e-9, 6.8333267e+1
-0.205, 9.2249595e-9, -8.0294784e-9, 6.8666603e+1
-0.206, 9.4112096e-9, -8.0587883e-9, 6.8999939e+1
-0.207, 9.5766728e-9, -8.0892786e-9, 6.9333275e+1
-0.208, 9.7400097e-9, -8.1268610e-9, 6.9666611e+1
-0.209, 9.9399582e-9, -8.1629077e-9, 6.9999947e+1
-0.210, 1.0027355e-8, -8.2334628e-9, 7.0333282e+1
-0.211, 1.0396782e-8, -8.2535534e-9, 7.0666618e+1
-0.212, 1.0619880e-8, -8.2936182e-9, 7.0999954e+1
-0.213, 1.0834238e-8, -8.3488096e-9, 7.1333290e+1
-0.214, 1.1073280e-8, -8.4110923e-9, 7.1666626e+1
-0.215, 1.1322242e-8, -8.4714848e-9, 7.1999962e+1
-0.216, 1.1644901e-8, -8.5334122e-9, 7.2333298e+1
-0.217, 1.1847095e-8, -8.6154319e-9, 7.2666634e+1
-0.218, 1.2154164e-8, -8.6713330e-9, 7.2999969e+1
-0.219, 1.2516269e-8, -8.7483896e-9, 7.3333305e+1
-0.220, 1.2780585e-8, -8.8383256e-9, 7.3666641e+1
-0.221, 1.3068402e-8, -8.9301553e-9, 7.3999977e+1
-0.222, 1.3439957e-8, -9.0257659e-9, 7.4333313e+1
-0.223, 1.3782102e-8, -9.1237400e-9, 7.4666649e+1
-0.224, 1.4131690e-8, -9.2350687e-9, 7.4999985e+1
-0.225, 1.4534304e-8, -9.3546708e-9, 7.5333321e+1
-0.226, 1.4905739e-8, -9.4818358e-9, 7.5666656e+1
-0.227, 1.5303630e-8, -9.6113650e-9, 7.5999992e+1
-0.228, 1.5708725e-8, -9.7523580e-9, 7.6333328e+1
-0.229, 1.6049926e-8, -9.8952420e-9, 7.6666664e+1
-0.230, 1.6506279e-8, -1.0076064e-8, 7.7000000e+1
-0.231, 1.7049908e-8, -1.0265157e-8, 7.7333336e+1
-0.232, 1.7600271e-8, -1.0436641e-8, 7.7666672e+1
-0.233, 1.8143783e-8, -1.0648190e-8, 7.8000008e+1
-0.234, 1.8632555e-8, -1.0869547e-8, 7.8333344e+1
-0.235, 1.9244155e-8, -1.1103905e-8, 7.8666679e+1
-0.236, 1.9837447e-8, -1.1354218e-8, 7.9000015e+1
-0.237, 2.0250278e-8, -1.1654995e-8, 7.9333351e+1
-0.238, 2.1054621e-8, -1.1920436e-8, 7.9666687e+1
-0.239, 2.1723737e-8, -1.2211167e-8, 8.0000023e+1
-0.240, 2.2395804e-8, -1.2525653e-8, 8.0333359e+1
-0.241, 2.3111749e-8, -1.2858223e-8, 8.0666695e+1
-0.242, 2.3811749e-8, -1.3207456e-8, 8.1000031e+1
-0.243, 2.4561469e-8, -1.3577369e-8, 8.1333366e+1
-0.244, 2.5319812e-8, -1.3959457e-8, 8.1666702e+1
-0.245, 2.6054359e-8, -1.4349580e-8, 8.2000038e+1
-0.246, 2.6836736e-8, -1.4749632e-8, 8.2333374e+1
-0.247, 2.7565372e-8, -1.5157010e-8, 8.2666710e+1
-0.248, 2.8292712e-8, -1.5556825e-8, 8.3000046e+1
-0.249, 2.9036471e-8, -1.5956404e-8, 8.3333382e+1
-0.250, 2.9711375e-8, -1.6354919e-8, 8.3666718e+1
-0.251, 3.0426254e-8, -1.6746462e-8, 8.4000053e+1
-0.252, 3.1108183e-8, -1.7137531e-8, 8.4333389e+1
-0.253, 3.1759114e-8, -1.7528127e-8, 8.4666725e+1
-0.254, 3.2441040e-8, -1.7916006e-8, 8.5000061e+1
-0.255, 3.3058605e-8, -1.8303529e-8, 8.5333397e+1
-0.256, 3.3679004e-8, -1.8687270e-8, 8.5666733e+1
-0.257, 3.4309497e-8, -1.9054232e-8, 8.6000069e+1
-0.258, 3.4872144e-8, -1.9428754e-8, 8.6333405e+1
-0.259, 3.5451677e-8, -1.9803396e-8, 8.6666740e+1
-0.260, 3.6017159e-8, -2.0176504e-8, 8.7000076e+1
-0.261, 3.6559374e-8, -2.0545826e-8, 8.7333412e+1
-0.262, 3.7121897e-8, -2.0902032e-8, 8.7666748e+1
-0.263, 3.7640906e-8, -2.1264619e-8, 8.8000084e+1
-0.264, 3.8150699e-8, -2.1623659e-8, 8.8333420e+1
-0.265, 3.8674486e-8, -2.1983057e-8, 8.8666756e+1
-0.266, 3.9148141e-8, -2.2346589e-8, 8.9000092e+1
-0.267, 3.9673584e-8, -2.2710950e-8, 8.9333427e+1
-0.268, 4.0172925e-8, -2.3083228e-8, 8.9666763e+1
-0.269, 4.0625558e-8, -2.3447706e-8, 9.0000099e+1
-0.270, 4.1118877e-8, -2.3808520e-8, 9.0333435e+1
-0.271, 4.1570090e-8, -2.4166143e-8, 9.0666771e+1
-0.272, 4.2018055e-8, -2.4527075e-8, 9.1000107e+1
-0.273, 4.2496669e-8, -2.4889189e-8, 9.1333443e+1
-0.274, 4.2903658e-8, -2.5253430e-8, 9.1666779e+1
-0.275, 4.3367688e-8, -2.5607273e-8, 9.2000114e+1
-0.276, 4.3760263e-8, -2.5960642e-8, 9.2333450e+1
-0.277, 4.4132051e-8, -2.6307157e-8, 9.2666786e+1
-0.278, 4.4525041e-8, -2.6646344e-8, 9.3000122e+1
-0.279, 4.4887972e-8, -2.6979858e-8, 9.3333458e+1
-0.280, 4.5247067e-8, -2.7304626e-8, 9.3666794e+1
-0.281, 4.5606456e-8, -2.7625022e-8, 9.4000130e+1
-0.282, 4.5886125e-8, -2.7931234e-8, 9.4333466e+1
-0.283, 4.6210200e-8, -2.8228230e-8, 9.4666801e+1
-0.284, 4.6508291e-8, -2.8519905e-8, 9.5000137e+1
-0.285, 4.6760267e-8, -2.8796336e-8, 9.5333473e+1
-0.286, 4.7036750e-8, -2.9063315e-8, 9.5666809e+1
-0.287, 4.7283173e-8, -2.9322491e-8, 9.6000145e+1
-0.288, 4.7512881e-8, -2.9568788e-8, 9.6333481e+1
-0.289, 4.7739761e-8, -2.9804205e-8, 9.6666817e+1
-0.290, 4.7909474e-8, -3.0033483e-8, 9.7000153e+1
-0.291, 4.8099622e-8, -3.0244440e-8, 9.7333488e+1
-0.292, 4.8275300e-8, -3.0450202e-8, 9.7666824e+1
-0.293, 4.8438757e-8, -3.0647563e-8, 9.8000160e+1
-0.294, 4.8620635e-8, -3.0853915e-8, 9.8333496e+1
-0.295, 4.8789406e-8, -3.1056718e-8, 9.8666832e+1
-0.296, 4.8968275e-8, -3.1256093e-8, 9.9000168e+1
-0.297, 4.9158125e-8, -3.1450266e-8, 9.9333504e+1
-0.298, 4.9302802e-8, -3.1641843e-8, 9.9666840e+1
-0.299, 4.9501097e-8, -3.1835075e-8, 1.0000018e+2
-0.300, 4.9671169e-8, -3.2019322e-8, 1.0033351e+2
-0.301, 4.9824109e-8, -3.2202269e-8, 1.0066685e+2
-0.302, 4.9983900e-8, -3.2379191e-8, 1.0100018e+2
-0.303, 5.0130470e-8, -3.2550201e-8, 1.0133352e+2
-0.304, 5.0253888e-8, -3.2713295e-8, 1.0166685e+2
-0.305, 5.0404704e-8, -3.2872137e-8, 1.0200019e+2
-0.306, 5.0517553e-8, -3.3021163e-8, 1.0233353e+2
-0.307, 5.0671321e-8, -3.3168419e-8, 1.0266686e+2
-0.308, 5.0792618e-8, -3.3305515e-8, 1.0300020e+2
-0.309, 5.0879954e-8, -3.3437882e-8, 1.0333353e+2
-0.310, 5.0986838e-8, -3.3570124e-8, 1.0366687e+2
-0.311, 5.1095732e-8, -3.3698001e-8, 1.0400021e+2
-0.312, 5.1219857e-8, -3.3827057e-8, 1.0433354e+2
-0.313, 5.1358210e-8, -3.3950563e-8, 1.0466688e+2
-0.314, 5.1461971e-8, -3.4083516e-8, 1.0500021e+2
-0.315, 5.1610073e-8, -3.4219074e-8, 1.0533355e+2
-0.316, 5.1755983e-8, -3.4357349e-8, 1.0566689e+2
-0.317, 5.1916142e-8, -3.4506730e-8, 1.0600022e+2
-0.318, 5.2124470e-8, -3.4663326e-8, 1.0633356e+2
-0.319, 5.2336230e-8, -3.4838827e-8, 1.0666689e+2
-0.320, 5.2558150e-8, -3.5028751e-8, 1.0700023e+2
-0.321, 5.2817505e-8, -3.5221625e-8, 1.0733356e+2
-0.322, 5.3048577e-8, -3.5425725e-8, 1.0766690e+2
-0.323, 5.3311297e-8, -3.5639875e-8, 1.0800024e+2
-0.324, 5.3579683e-8, -3.5862296e-8, 1.0833357e+2
-0.325, 5.3823150e-8, -3.6088856e-8, 1.0866691e+2
-0.326, 5.4089714e-8, -3.6309032e-8, 1.0900024e+2
-0.327, 5.4321433e-8, -3.6525662e-8, 1.0933358e+2
-0.328, 5.4545062e-8, -3.6732249e-8, 1.0966692e+2
-0.329, 5.4774183e-8, -3.6928551e-8, 1.1000025e+2
-0.330, 5.4926591e-8, -3.7111260e-8, 1.1033359e+2
-0.331, 5.5106820e-8, -3.7280621e-8, 1.1066692e+2
-0.332, 5.5248549e-8, -3.7433427e-8, 1.1100026e+2
-0.333, 5.5335349e-8, -3.7563787e-8, 1.1133360e+2
-0.334, 5.5443181e-8, -3.7678070e-8, 1.1166693e+2
-0.335, 5.5496802e-8, -3.7770373e-8, 1.1200027e+2
-0.336, 5.5530162e-8, -3.7846718e-8, 1.1233360e+2
-0.337, 5.5572446e-8, -3.7908173e-8, 1.1266694e+2
-0.338, 5.5576166e-8, -3.7961357e-8, 1.1300027e+2
-0.339, 5.5617502e-8, -3.8000714e-8, 1.1333361e+2
-0.340, 5.5618322e-8, -3.8041602e-8, 1.1366695e+2
-0.341, 5.5638640e-8, -3.8069611e-8, 1.1400028e+2
-0.342, 5.5640591e-8, -3.8099984e-8, 1.1433362e+2
-0.343, 5.5645842e-8, -3.8124920e-8, 1.1466695e+2
-0.344, 5.5645550e-8, -3.8147494e-8, 1.1500029e+2
-0.345, 5.5667108e-8, -3.8163332e-8, 1.1533363e+2
-0.346, 5.5630142e-8, -3.8176804e-8, 1.1566696e+2
-0.347, 5.5641063e-8, -3.8181650e-8, 1.1600030e+2
-0.348, 5.5636693e-8, -3.8180232e-8, 1.1633363e+2
-0.349, 5.5587382e-8, -3.8181888e-8, 1.1666697e+2
-0.350, 5.5589332e-8, -3.8176093e-8, 1.1700031e+2
-0.351, 5.5560040e-8, -3.8164394e-8, 1.1733364e+2
-0.352, 5.5543573e-8, -3.8148322e-8, 1.1766698e+2
-0.353, 5.5538429e-8, -3.8135084e-8, 1.1800031e+2
-0.354, 5.5509677e-8, -3.8125751e-8, 1.1833365e+2
-0.355, 5.5520005e-8, -3.8122792e-8, 1.1866698e+2
-0.356, 5.5537011e-8, -3.8127048e-8, 1.1900032e+2
-0.357, 5.5568719e-8, -3.8132839e-8, 1.1933366e+2
-0.358, 5.5614780e-8, -3.8144542e-8, 1.1966699e+2
-0.359, 5.5635514e-8, -3.8164043e-8, 1.2000033e+2
-0.360, 5.5663211e-8, -3.8179284e-8, 1.2033366e+2
-0.361, 5.5703243e-8, -3.8181650e-8, 1.2066700e+2
-0.362, 5.5674427e-8, -3.8171958e-8, 1.2100034e+2
-0.363, 5.5680275e-8, -3.8155413e-8, 1.2133367e+2
-0.364, 5.5667872e-8, -3.8130949e-8, 1.2166701e+2
-0.365, 5.5641600e-8, -3.8104830e-8, 1.2200034e+2
-0.366, 5.5633443e-8, -3.8079776e-8, 1.2233368e+2
-0.367, 5.5626710e-8, -3.8058030e-8, 1.2266702e+2
-0.368, 5.5626650e-8, -3.8035221e-8, 1.2300035e+2
-0.369, 5.5671414e-8, -3.8024940e-8, 1.2333369e+2
-0.370, 5.5685174e-8, -3.8021390e-8, 1.2366702e+2
-0.371, 5.5744636e-8, -3.8030375e-8, 1.2400036e+2
-0.372, 5.5815388e-8, -3.8046210e-8, 1.2433369e+2
-0.373, 5.5879099e-8, -3.8080838e-8, 1.2466703e+2
-0.374, 5.5998086e-8, -3.8123741e-8, 1.2500037e+2
-0.375, 5.6112064e-8, -3.8184016e-8, 1.2533370e+2
-0.376, 5.6262703e-8, -3.8260477e-8, 1.2566704e+2
-0.377, 5.6448652e-8, -3.8351008e-8, 1.2600037e+2
-0.378, 5.6608094e-8, -3.8458435e-8, 1.2633371e+2
-0.379, 5.6792750e-8, -3.8567638e-8, 1.2666705e+2
-0.380, 5.6962939e-8, -3.8669391e-8, 1.2700038e+2
-0.381, 5.7086062e-8, -3.8760632e-8, 1.2733372e+2
-0.382, 5.7227247e-8, -3.8839580e-8, 1.2766705e+2
-0.383, 5.7332429e-8, -3.8907885e-8, 1.2800038e+2
-0.384, 5.7431688e-8, -3.8972178e-8, 1.2833371e+2
-0.385, 5.7557052e-8, -3.9038007e-8, 1.2866704e+2
-0.386, 5.7669901e-8, -3.9110809e-8, 1.2900037e+2
-0.387, 5.7820131e-8, -3.9196255e-8, 1.2933369e+2
-0.388, 5.7988132e-8, -3.9291631e-8, 1.2966702e+2
-0.389, 5.8146387e-8, -3.9395037e-8, 1.3000035e+2
-0.390, 5.8346398e-8, -3.9504833e-8, 1.3033368e+2
-0.391, 5.8524854e-8, -3.9620772e-8, 1.3066701e+2
-0.392, 5.8707858e-8, -3.9738598e-8, 1.3100034e+2
-0.393, 5.8930070e-8, -3.9864819e-8, 1.3133366e+2
-0.394, 5.9099371e-8, -4.0000497e-8, 1.3166699e+2
-0.395, 5.9341307e-8, -4.0144677e-8, 1.3200032e+2
-0.396, 5.9572368e-8, -4.0301273e-8, 1.3233365e+2
-0.397, 5.9777221e-8, -4.0457039e-8, 1.3266698e+2
-0.398, 6.0034573e-8, -4.0605475e-8, 1.3300031e+2
-0.399, 6.0237831e-8, -4.0746706e-8, 1.3333363e+2
