Feb. 2, 2006   23:40:20
Square Wave Voltammetry
File: z:\users\scottsaunders\git\labwork\ida\01_23_19_psoralen_nonequil_3\data\control\1\75um_control_transfer_1_swv_7.txt
Data Source:  Experiment
Instrument Model:  CHI760E
Header: 
Note: 

Init E (V) = 0.1
Final E (V) = -0.5
Incr E (V) = 0.001
Amplitude (V) = 0.025
Frequency (Hz) = 300
Quiet Time (sec) = 2
Sensitivity (A/V) = 1e-6
Sens 2 (A/V) = 1e-6

Potential/V, i1/A, i2/A

0.099, 1.1008219e-6, 6.3533673e-7
0.098, 1.1924360e-6, 6.8047729e-7
0.097, 1.1732541e-6, 6.8202257e-7
0.096, 1.1711523e-6, 6.7362589e-7
0.095, 1.1717312e-6, 6.7174528e-7
0.094, 1.1805089e-6, 6.8137092e-7
0.093, 1.1825102e-6, 6.7511871e-7
0.092, 1.1685094e-6, 6.7774522e-7
0.091, 1.1640639e-6, 6.7116781e-7
0.090, 1.1658885e-6, 6.6875106e-7
0.089, 1.1726650e-6, 6.7638803e-7
0.088, 1.1765367e-6, 6.7265552e-7
0.087, 1.1603778e-6, 6.7331916e-7
0.086, 1.1553705e-6, 6.6664586e-7
0.085, 1.1615155e-6, 6.6969619e-7
0.084, 1.1697048e-6, 6.7368330e-7
0.083, 1.1726449e-6, 6.7140843e-7
0.082, 1.1544766e-6, 6.7127644e-7
0.081, 1.1527015e-6, 6.6660874e-7
0.080, 1.1553033e-6, 6.6726994e-7
0.079, 1.1620486e-6, 6.7052076e-7
0.078, 1.1691119e-6, 6.6935661e-7
0.077, 1.1497917e-6, 6.7036456e-7
0.076, 1.1472131e-6, 6.6561790e-7
0.075, 1.1494191e-6, 6.6361059e-7
0.074, 1.1578929e-6, 6.7170578e-7
0.073, 1.1621344e-6, 6.6638864e-7
0.072, 1.1431121e-6, 6.6863157e-7
0.071, 1.1457012e-6, 6.6747208e-7
0.070, 1.1463280e-6, 6.6147254e-7
0.069, 1.1504652e-6, 6.6764665e-7
0.068, 1.1588120e-6, 6.6631566e-7
0.067, 1.1401239e-6, 6.6698578e-7
0.066, 1.1397520e-6, 6.6424457e-7
0.065, 1.1405166e-6, 6.5921949e-7
0.064, 1.1483420e-6, 6.6745099e-7
0.063, 1.1535467e-6, 6.6685612e-7
0.062, 1.1381818e-6, 6.6927294e-7
0.061, 1.1373899e-6, 6.6258508e-7
0.060, 1.1356572e-6, 6.5897439e-7
0.059, 1.1446750e-6, 6.6700358e-7
0.058, 1.1502353e-6, 6.6533181e-7
0.057, 1.1322637e-6, 6.6674022e-7
0.056, 1.1328418e-6, 6.6150102e-7
0.055, 1.1292954e-6, 6.5689733e-7
0.054, 1.1419241e-6, 6.6942937e-7
0.053, 1.1485497e-6, 6.6371706e-7
0.052, 1.1288348e-6, 6.6722106e-7
0.051, 1.1280333e-6, 6.6063001e-7
0.050, 1.1283424e-6, 6.5811668e-7
0.049, 1.1382158e-6, 6.6940675e-7
0.048, 1.1412978e-6, 6.6204285e-7
0.047, 1.1279300e-6, 6.6696538e-7
0.046, 1.1236278e-6, 6.6050831e-7
0.045, 1.1242786e-6, 6.5906193e-7
0.044, 1.1331773e-6, 6.6661164e-7
0.043, 1.1387517e-6, 6.6389663e-7
0.042, 1.1226431e-6, 6.6536006e-7
0.041, 1.1212429e-6, 6.6177819e-7
0.040, 1.1230566e-6, 6.6064456e-7
0.039, 1.1305751e-6, 6.6510029e-7
0.038, 1.1330429e-6, 6.6219025e-7
0.037, 1.1194176e-6, 6.6604230e-7
0.036, 1.1178045e-6, 6.6120282e-7
0.035, 1.1179471e-6, 6.5902543e-7
0.034, 1.1273866e-6, 6.6603945e-7
0.033, 1.1312929e-6, 6.6323855e-7
0.032, 1.1151645e-6, 6.6848997e-7
0.031, 1.1139260e-6, 6.6299037e-7
0.030, 1.1182747e-6, 6.6051115e-7
0.029, 1.1234637e-6, 6.6744184e-7
0.028, 1.1290181e-6, 6.6399718e-7
0.027, 1.1114347e-6, 6.6685698e-7
0.026, 1.1106828e-6, 6.6267864e-7
0.025, 1.1123166e-6, 6.5890822e-7
0.024, 1.1176735e-6, 6.6594998e-7
0.023, 1.1259812e-6, 6.6746674e-7
0.022, 1.1094606e-6, 6.6821536e-7
0.021, 1.1083540e-6, 6.6510984e-7
0.020, 1.1104557e-6, 6.6110385e-7
0.019, 1.1181149e-6, 6.6913861e-7
0.018, 1.1222011e-6, 6.6797833e-7
0.017, 1.1065819e-6, 6.6877641e-7
0.016, 1.1058138e-6, 6.6337526e-7
0.015, 1.1050862e-6, 6.6113563e-7
0.014, 1.1137848e-6, 6.7154866e-7
0.013, 1.1195410e-6, 6.6846701e-7
0.012, 1.1033851e-6, 6.7141059e-7
0.011, 1.1035980e-6, 6.6589189e-7
0.010, 1.1026266e-6, 6.6410320e-7
0.009, 1.1146240e-6, 6.7619135e-7
0.008, 1.1191551e-6, 6.6953947e-7
0.007, 1.1002269e-6, 6.7098449e-7
0.006, 1.1007598e-6, 6.6796133e-7
0.005, 1.1007562e-6, 6.6621669e-7
0.004, 1.1100641e-6, 6.7568664e-7
0.003, 1.1130729e-6, 6.6913651e-7
0.002, 1.0987770e-6, 6.7442818e-7
0.001, 1.0974863e-6, 6.7233231e-7
-0.000, 1.0964424e-6, 6.6835707e-7
-0.001, 1.1092611e-6, 6.7783128e-7
-0.002, 1.1111958e-6, 6.7350356e-7
-0.003, 1.0964800e-6, 6.7699477e-7
-0.004, 1.0949600e-6, 6.7328909e-7
-0.005, 1.0956837e-6, 6.7164405e-7
-0.006, 1.1059557e-6, 6.7931330e-7
-0.007, 1.1079554e-6, 6.7587530e-7
-0.008, 1.0943110e-6, 6.8255287e-7
-0.009, 1.0930623e-6, 6.7486417e-7
-0.010, 1.0932500e-6, 6.7461451e-7
-0.011, 1.1040823e-6, 6.8312369e-7
-0.012, 1.1094444e-6, 6.8180350e-7
-0.013, 1.0937662e-6, 6.8768230e-7
-0.014, 1.0898884e-6, 6.7777046e-7
-0.015, 1.0940034e-6, 6.7839852e-7
-0.016, 1.1013158e-6, 6.8675274e-7
-0.017, 1.1058736e-6, 6.8505830e-7
-0.018, 1.0909094e-6, 6.8906826e-7
-0.019, 1.0895950e-6, 6.8486293e-7
-0.020, 1.0908436e-6, 6.8109347e-7
-0.021, 1.1001536e-6, 6.9175235e-7
-0.022, 1.1066913e-6, 6.9178765e-7
-0.023, 1.0919911e-6, 6.9290803e-7
-0.024, 1.0852524e-6, 6.8565140e-7
-0.025, 1.0903971e-6, 6.8702661e-7
-0.026, 1.1000820e-6, 6.9679720e-7
-0.027, 1.1050612e-6, 6.9637565e-7
-0.028, 1.0882687e-6, 6.9614367e-7
-0.029, 1.0881702e-6, 6.9369872e-7
-0.030, 1.0894005e-6, 6.9510747e-7
-0.031, 1.0978056e-6, 7.0315025e-7
-0.032, 1.1060015e-6, 7.0189066e-7
-0.033, 1.0874650e-6, 7.0379599e-7
-0.034, 1.0871182e-6, 6.9965193e-7
-0.035, 1.0895084e-6, 6.9991398e-7
-0.036, 1.0976268e-6, 7.0919208e-7
-0.037, 1.1050204e-6, 7.0679965e-7
-0.038, 1.0837745e-6, 7.0878542e-7
-0.039, 1.0862999e-6, 7.0767169e-7
-0.040, 1.0903713e-6, 7.0746620e-7
-0.041, 1.0978995e-6, 7.1689817e-7
-0.042, 1.1037378e-6, 7.1437768e-7
-0.043, 1.0858674e-6, 7.1632098e-7
-0.044, 1.0869016e-6, 7.1704397e-7
-0.045, 1.0868565e-6, 7.1139044e-7
-0.046, 1.0992458e-6, 7.2372711e-7
-0.047, 1.1027508e-6, 7.2202511e-7
-0.048, 1.0850896e-6, 7.2411410e-7
-0.049, 1.0857100e-6, 7.2266602e-7
-0.050, 1.0892222e-6, 7.2371165e-7
-0.051, 1.0985339e-6, 7.3136249e-7
-0.052, 1.1010577e-6, 7.2924945e-7
-0.053, 1.0885318e-6, 7.3610454e-7
-0.054, 1.0890035e-6, 7.3147015e-7
-0.055, 1.0878214e-6, 7.3042560e-7
-0.056, 1.0985583e-6, 7.4034523e-7
-0.057, 1.1036107e-6, 7.3982983e-7
-0.058, 1.0865713e-6, 7.4419307e-7
-0.059, 1.0860655e-6, 7.3814920e-7
-0.060, 1.0893044e-6, 7.3975758e-7
-0.061, 1.0990957e-6, 7.5331690e-7
-0.062, 1.1032054e-6, 7.5092720e-7
-0.063, 1.0878687e-6, 7.5418370e-7
-0.064, 1.0883389e-6, 7.5212756e-7
-0.065, 1.0893539e-6, 7.5021114e-7
-0.066, 1.1007265e-6, 7.6256651e-7
-0.067, 1.1067083e-6, 7.6387380e-7
-0.068, 1.0912746e-6, 7.6538254e-7
-0.069, 1.0855132e-6, 7.6243032e-7
-0.070, 1.0936537e-6, 7.6506086e-7
-0.071, 1.1008560e-6, 7.7361125e-7
-0.072, 1.1074453e-6, 7.7590045e-7
-0.073, 1.0909678e-6, 7.7803935e-7
-0.074, 1.0919200e-6, 7.7596383e-7
-0.075, 1.0933218e-6, 7.7928752e-7
-0.076, 1.1012382e-6, 7.8521032e-7
-0.077, 1.1114073e-6, 7.8868294e-7
-0.078, 1.0927110e-6, 7.9317340e-7
-0.079, 1.0929513e-6, 7.9004724e-7
-0.080, 1.0951967e-6, 7.9248838e-7
-0.081, 1.1055290e-6, 8.0420563e-7
-0.082, 1.1115128e-6, 8.0144900e-7
-0.083, 1.0914662e-6, 8.0565911e-7
-0.084, 1.0952772e-6, 8.0516196e-7
-0.085, 1.0998535e-6, 8.0737931e-7
-0.086, 1.1074993e-6, 8.1861958e-7
-0.087, 1.1132555e-6, 8.1752961e-7
-0.088, 1.0988525e-6, 8.2478346e-7
-0.089, 1.0980983e-6, 8.2433246e-7
-0.090, 1.0994564e-6, 8.2206674e-7
-0.091, 1.1123764e-6, 8.3574571e-7
-0.092, 1.1167900e-6, 8.3892252e-7
-0.093, 1.0998698e-6, 8.4230385e-7
-0.094, 1.1010992e-6, 8.4161701e-7
-0.095, 1.1040121e-6, 8.4356134e-7
-0.096, 1.1137155e-6, 8.5386358e-7
-0.097, 1.1187041e-6, 8.5464637e-7
-0.098, 1.1045148e-6, 8.6406015e-7
-0.099, 1.1080427e-6, 8.6183894e-7
-0.100, 1.1058818e-6, 8.6331636e-7
-0.101, 1.1184557e-6, 8.7547244e-7
-0.102, 1.1237595e-6, 8.7686300e-7
-0.103, 1.1079843e-6, 8.8518510e-7
-0.104, 1.1088958e-6, 8.8223055e-7
-0.105, 1.1134048e-6, 8.8540321e-7
-0.106, 1.1227385e-6, 9.0098922e-7
-0.107, 1.1254178e-6, 8.9733288e-7
-0.108, 1.1148658e-6, 9.0914574e-7
-0.109, 1.1136289e-6, 9.0711023e-7
-0.110, 1.1173668e-6, 9.0958719e-7
-0.111, 1.1252951e-6, 9.2173980e-7
-0.112, 1.1335892e-6, 9.2661941e-7
-0.113, 1.1193665e-6, 9.3210798e-7
-0.114, 1.1164263e-6, 9.3017400e-7
-0.115, 1.1200942e-6, 9.3313781e-7
-0.116, 1.1318120e-6, 9.4881676e-7
-0.117, 1.1392655e-6, 9.5250618e-7
-0.118, 1.1250127e-6, 9.5909388e-7
-0.119, 1.1247021e-6, 9.5915948e-7
-0.120, 1.1272386e-6, 9.6469228e-7
-0.121, 1.1360688e-6, 9.7660916e-7
-0.122, 1.1464973e-6, 9.8004398e-7
-0.123, 1.1303473e-6, 9.9004455e-7
-0.124, 1.1322680e-6, 9.9012141e-7
-0.125, 1.1344808e-6, 9.9437807e-7
-0.126, 1.1459053e-6, 1.0094859e-6
-0.127, 1.1524999e-6, 1.0114853e-6
-0.128, 1.1361798e-6, 1.0208812e-6
-0.129, 1.1406022e-6, 1.0259748e-6
-0.130, 1.1444540e-6, 1.0271696e-6
-0.131, 1.1546593e-6, 1.0443769e-6
-0.132, 1.1609146e-6, 1.0458463e-6
-0.133, 1.1466312e-6, 1.0566281e-6
-0.134, 1.1480248e-6, 1.0606194e-6
-0.135, 1.1519993e-6, 1.0621452e-6
-0.136, 1.1638583e-6, 1.0788891e-6
-0.137, 1.1689789e-6, 1.0827724e-6
-0.138, 1.1550813e-6, 1.0955740e-6
-0.139, 1.1583697e-6, 1.0977409e-6
-0.140, 1.1617315e-6, 1.1027648e-6
-0.141, 1.1749382e-6, 1.1193795e-6
-0.142, 1.1817533e-6, 1.1250752e-6
-0.143, 1.1683918e-6, 1.1382491e-6
-0.144, 1.1714836e-6, 1.1382539e-6
-0.145, 1.1736068e-6, 1.1423022e-6
-0.146, 1.1880305e-6, 1.1624539e-6
-0.147, 1.1940012e-6, 1.1673375e-6
-0.148, 1.1813577e-6, 1.1819906e-6
-0.149, 1.1817265e-6, 1.1804700e-6
-0.150, 1.1877438e-6, 1.1899243e-6
-0.151, 1.2008367e-6, 1.2109449e-6
-0.152, 1.2082807e-6, 1.2160153e-6
-0.153, 1.1974440e-6, 1.2287305e-6
-0.154, 1.1992288e-6, 1.2332613e-6
-0.155, 1.2042781e-6, 1.2401927e-6
-0.156, 1.2183679e-6, 1.2609743e-6
-0.157, 1.2261615e-6, 1.2679450e-6
-0.158, 1.2157417e-6, 1.2817777e-6
-0.159, 1.2127061e-6, 1.2822615e-6
-0.160, 1.2230306e-6, 1.2968436e-6
-0.161, 1.2375843e-6, 1.3141415e-6
-0.162, 1.2467376e-6, 1.3253249e-6
-0.163, 1.2327559e-6, 1.3368286e-6
-0.164, 1.2368496e-6, 1.3426044e-6
-0.165, 1.2431307e-6, 1.3554478e-6
-0.166, 1.2555035e-6, 1.3701713e-6
-0.167, 1.2690498e-6, 1.3825144e-6
-0.168, 1.2553178e-6, 1.3994750e-6
-0.169, 1.2574325e-6, 1.4028927e-6
-0.170, 1.2649364e-6, 1.4150332e-6
-0.171, 1.2783760e-6, 1.4355307e-6
-0.172, 1.2903062e-6, 1.4448102e-6
-0.173, 1.2778386e-6, 1.4620850e-6
-0.174, 1.2841714e-6, 1.4715370e-6
-0.175, 1.2915104e-6, 1.4788599e-6
-0.176, 1.3009786e-6, 1.4990426e-6
-0.177, 1.3157234e-6, 1.5128761e-6
-0.178, 1.3039499e-6, 1.5310895e-6
-0.179, 1.3079141e-6, 1.5392543e-6
-0.180, 1.3151466e-6, 1.5477863e-6
-0.181, 1.3317034e-6, 1.5729049e-6
-0.182, 1.3419774e-6, 1.5881504e-6
-0.183, 1.3282537e-6, 1.6035586e-6
-0.184, 1.3355957e-6, 1.6127719e-6
-0.185, 1.3415893e-6, 1.6238818e-6
-0.186, 1.3572698e-6, 1.6471782e-6
-0.187, 1.3658981e-6, 1.6587119e-6
-0.188, 1.3575219e-6, 1.6814442e-6
-0.189, 1.3617898e-6, 1.6867727e-6
-0.190, 1.3628772e-6, 1.6991818e-6
-0.191, 1.3824733e-6, 1.7241805e-6
-0.192, 1.3938311e-6, 1.7380455e-6
-0.193, 1.3831245e-6, 1.7613580e-6
-0.194, 1.3903838e-6, 1.7704211e-6
-0.195, 1.3929942e-6, 1.7802251e-6
-0.196, 1.4084388e-6, 1.8102187e-6
-0.197, 1.4148227e-6, 1.8159578e-6
-0.198, 1.4052451e-6, 1.8418669e-6
-0.199, 1.4105821e-6, 1.8509187e-6
-0.200, 1.4162237e-6, 1.8639900e-6
-0.201, 1.4286115e-6, 1.8896778e-6
-0.202, 1.4388842e-6, 1.9054928e-6
-0.203, 1.4241549e-6, 1.9219638e-6
-0.204, 1.4259153e-6, 1.9322663e-6
-0.205, 1.4332137e-6, 1.9474478e-6
-0.206, 1.4469284e-6, 1.9735189e-6
-0.207, 1.4532036e-6, 1.9876206e-6
-0.208, 1.4403162e-6, 2.0085861e-6
-0.209, 1.4428866e-6, 2.0193706e-6
-0.210, 1.4458216e-6, 2.0358880e-6
-0.211, 1.4560646e-6, 2.0570117e-6
-0.212, 1.4657251e-6, 2.0728180e-6
-0.213, 1.4498435e-6, 2.0988036e-6
-0.214, 1.4486791e-6, 2.1044866e-6
-0.215, 1.4513407e-6, 2.1185315e-6
-0.216, 1.4616448e-6, 2.1457611e-6
-0.217, 1.4679638e-6, 2.1577143e-6
-0.218, 1.4502633e-6, 2.1811729e-6
-0.219, 1.4519711e-6, 2.1940593e-6
-0.220, 1.4534853e-6, 2.2047011e-6
-0.221, 1.4608029e-6, 2.2331342e-6
-0.222, 1.4644019e-6, 2.2433717e-6
-0.223, 1.4465669e-6, 2.2659831e-6
-0.224, 1.4464870e-6, 2.2804106e-6
-0.225, 1.4456524e-6, 2.2892675e-6
-0.226, 1.4529382e-6, 2.3160005e-6
-0.227, 1.4567299e-6, 2.3326902e-6
-0.228, 1.4348652e-6, 2.3533426e-6
-0.229, 1.4339523e-6, 2.3633834e-6
-0.230, 1.4323797e-6, 2.3773011e-6
-0.231, 1.4399471e-6, 2.4017247e-6
-0.232, 1.4400744e-6, 2.4162430e-6
-0.233, 1.4213219e-6, 2.4404003e-6
-0.234, 1.4200365e-6, 2.4484148e-6
-0.235, 1.4136244e-6, 2.4585613e-6
-0.236, 1.4197724e-6, 2.4851581e-6
-0.237, 1.4198692e-6, 2.4985868e-6
-0.238, 1.4014265e-6, 2.5250376e-6
-0.239, 1.3962182e-6, 2.5286763e-6
-0.240, 1.3933328e-6, 2.5440741e-6
-0.241, 1.3990742e-6, 2.5743129e-6
-0.242, 1.3975232e-6, 2.5848608e-6
-0.243, 1.3816393e-6, 2.6104067e-6
-0.244, 1.3735603e-6, 2.6162497e-6
-0.245, 1.3700056e-6, 2.6272530e-6
-0.246, 1.3748643e-6, 2.6550156e-6
-0.247, 1.3767228e-6, 2.6701914e-6
-0.248, 1.3550984e-6, 2.6902057e-6
-0.249, 1.3464871e-6, 2.6974562e-6
-0.250, 1.3487020e-6, 2.7148444e-6
-0.251, 1.3505354e-6, 2.7376905e-6
-0.252, 1.3509804e-6, 2.7525994e-6
-0.253, 1.3324492e-6, 2.7745436e-6
-0.254, 1.3261896e-6, 2.7821879e-6
-0.255, 1.3245683e-6, 2.7991805e-6
-0.256, 1.3268675e-6, 2.8183140e-6
-0.257, 1.3298092e-6, 2.8344098e-6
-0.258, 1.3091465e-6, 2.8582167e-6
-0.259, 1.3051815e-6, 2.8650379e-6
-0.260, 1.3031109e-6, 2.8791942e-6
-0.261, 1.3075864e-6, 2.9058292e-6
-0.262, 1.3094023e-6, 2.9146208e-6
-0.263, 1.2872624e-6, 2.9366684e-6
-0.264, 1.2857070e-6, 2.9465700e-6
-0.265, 1.2843998e-6, 2.9572782e-6
-0.266, 1.2893383e-6, 2.9869900e-6
-0.267, 1.2913308e-6, 2.9945950e-6
-0.268, 1.2701528e-6, 3.0173017e-6
-0.269, 1.2683067e-6, 3.0293022e-6
-0.270, 1.2658782e-6, 3.0357864e-6
-0.271, 1.2743424e-6, 3.0622396e-6
-0.272, 1.2755238e-6, 3.0773977e-6
-0.273, 1.2550586e-6, 3.0937986e-6
-0.274, 1.2536352e-6, 3.1051088e-6
-0.275, 1.2522964e-6, 3.1145505e-6
-0.276, 1.2590484e-6, 3.1363872e-6
-0.277, 1.2595978e-6, 3.1470506e-6
-0.278, 1.2434848e-6, 3.1730863e-6
-0.279, 1.2421749e-6, 3.1746640e-6
-0.280, 1.2409407e-6, 3.1886548e-6
-0.281, 1.2466246e-6, 3.2074543e-6
-0.282, 1.2499833e-6, 3.2194278e-6
-0.283, 1.2334783e-6, 3.2438670e-6
-0.284, 1.2300333e-6, 3.2419066e-6
-0.285, 1.2311148e-6, 3.2530402e-6
-0.286, 1.2376437e-6, 3.2761113e-6
-0.287, 1.2388655e-6, 3.2835035e-6
-0.288, 1.2231518e-6, 3.3047113e-6
-0.289, 1.2212096e-6, 3.3076124e-6
-0.290, 1.2218180e-6, 3.3142587e-6
-0.291, 1.2283253e-6, 3.3352576e-6
-0.292, 1.2352120e-6, 3.3462952e-6
-0.293, 1.2177098e-6, 3.3610709e-6
-0.294, 1.2121681e-6, 3.3609090e-6
-0.295, 1.2148635e-6, 3.3667677e-6
-0.296, 1.2223592e-6, 3.3889000e-6
-0.297, 1.2260136e-6, 3.3940437e-6
-0.298, 1.2103670e-6, 3.4104944e-6
-0.299, 1.2089935e-6, 3.4109144e-6
-0.300, 1.2101283e-6, 3.4187767e-6
-0.301, 1.2158466e-6, 3.4332452e-6
-0.302, 1.2230209e-6, 3.4377399e-6
-0.303, 1.2051994e-6, 3.4527973e-6
-0.304, 1.2034900e-6, 3.4495351e-6
-0.305, 1.2046487e-6, 3.4530574e-6
-0.306, 1.2144428e-6, 3.4726295e-6
-0.307, 1.2179169e-6, 3.4692439e-6
-0.308, 1.1990188e-6, 3.4842801e-6
-0.309, 1.2026828e-6, 3.4833263e-6
-0.310, 1.2016241e-6, 3.4805021e-6
-0.311, 1.2106555e-6, 3.4968680e-6
-0.312, 1.2160974e-6, 3.4942186e-6
-0.313, 1.1992856e-6, 3.5048215e-6
-0.314, 1.1996864e-6, 3.5052699e-6
-0.315, 1.1969250e-6, 3.4934349e-6
-0.316, 1.2122707e-6, 3.5110361e-6
-0.317, 1.2138470e-6, 3.5079106e-6
-0.318, 1.1980408e-6, 3.5160951e-6
-0.319, 1.1962596e-6, 3.5081555e-6
-0.320, 1.1982123e-6, 3.5047606e-6
-0.321, 1.2070793e-6, 3.5104172e-6
-0.322, 1.2121798e-6, 3.5084804e-6
-0.323, 1.1966833e-6, 3.5132350e-6
-0.324, 1.1987304e-6, 3.5041148e-6
-0.325, 1.1989019e-6, 3.4990305e-6
-0.326, 1.2082024e-6, 3.5016633e-6
-0.327, 1.2131144e-6, 3.4940203e-6
-0.328, 1.1956669e-6, 3.5004034e-6
-0.329, 1.1963602e-6, 3.4838013e-6
-0.330, 1.2000406e-6, 3.4770537e-6
-0.331, 1.2076160e-6, 3.4832788e-6
-0.332, 1.2140658e-6, 3.4704572e-6
-0.333, 1.1978108e-6, 3.4722461e-6
-0.334, 1.1985583e-6, 3.4571449e-6
-0.335, 1.1995445e-6, 3.4413586e-6
-0.336, 1.2082749e-6, 3.4434654e-6
-0.337, 1.2169128e-6, 3.4348304e-6
-0.338, 1.2010097e-6, 3.4297987e-6
-0.339, 1.1981974e-6, 3.4116808e-6
-0.340, 1.2011494e-6, 3.3939318e-6
-0.341, 1.2107388e-6, 3.3945216e-6
-0.342, 1.2159326e-6, 3.3813280e-6
-0.343, 1.2018260e-6, 3.3720612e-6
-0.344, 1.2035026e-6, 3.3538897e-6
-0.345, 1.2041754e-6, 3.3356087e-6
-0.346, 1.2126278e-6, 3.3322644e-6
-0.347, 1.2206501e-6, 3.3144415e-6
-0.348, 1.2032846e-6, 3.3046065e-6
-0.349, 1.2048016e-6, 3.2811743e-6
-0.350, 1.2068510e-6, 3.2634109e-6
-0.351, 1.2194531e-6, 3.2578064e-6
-0.352, 1.2255020e-6, 3.2331156e-6
-0.353, 1.2056053e-6, 3.2208113e-6
-0.354, 1.2090791e-6, 3.1966645e-6
-0.355, 1.2122455e-6, 3.1752479e-6
-0.356, 1.2200031e-6, 3.1652401e-6
-0.357, 1.2283415e-6, 3.1409604e-6
-0.358, 1.2118242e-6, 3.1275740e-6
-0.359, 1.2139741e-6, 3.1035513e-6
-0.360, 1.2147970e-6, 3.0766510e-6
-0.361, 1.2283987e-6, 3.0668268e-6
-0.362, 1.2321645e-6, 3.0403655e-6
-0.363, 1.2192963e-6, 3.0252652e-6
-0.364, 1.2184898e-6, 2.9949811e-6
-0.365, 1.2227592e-6, 2.9708824e-6
-0.366, 1.2335042e-6, 2.9545697e-6
-0.367, 1.2368016e-6, 2.9275202e-6
-0.368, 1.2259019e-6, 2.9117562e-6
-0.369, 1.2252211e-6, 2.8792749e-6
-0.370, 1.2277804e-6, 2.8528541e-6
-0.371, 1.2390875e-6, 2.8345003e-6
-0.372, 1.2442950e-6, 2.8046311e-6
-0.373, 1.2318341e-6, 2.7920403e-6
-0.374, 1.2304893e-6, 2.7522954e-6
-0.375, 1.2339507e-6, 2.7254273e-6
-0.376, 1.2450211e-6, 2.7089536e-6
-0.377, 1.2528864e-6, 2.6783500e-6
-0.378, 1.2370580e-6, 2.6598959e-6
-0.379, 1.2402504e-6, 2.6284963e-6
-0.380, 1.2443927e-6, 2.5958029e-6
-0.381, 1.2512592e-6, 2.5771233e-6
-0.382, 1.2601347e-6, 2.5468298e-6
-0.383, 1.2460944e-6, 2.5254521e-6
-0.384, 1.2469447e-6, 2.4947651e-6
-0.385, 1.2516067e-6, 2.4629755e-6
-0.386, 1.2612604e-6, 2.4458436e-6
-0.387, 1.2680531e-6, 2.4172186e-6
-0.388, 1.2538972e-6, 2.3928028e-6
-0.389, 1.2575944e-6, 2.3611317e-6
-0.390, 1.2594633e-6, 2.3331349e-6
-0.391, 1.2685146e-6, 2.3121229e-6
-0.392, 1.2768027e-6, 2.2839295e-6
-0.393, 1.2634725e-6, 2.2642412e-6
-0.394, 1.2653924e-6, 2.2300565e-6
-0.395, 1.2648617e-6, 2.1985313e-6
-0.396, 1.2802531e-6, 2.1875621e-6
-0.397, 1.2892497e-6, 2.1557225e-6
-0.398, 1.2714244e-6, 2.1370756e-6
-0.399, 1.2734390e-6, 2.1024130e-6
-0.400, 1.2761462e-6, 2.0753969e-6
-0.401, 1.2893096e-6, 2.0643724e-6
-0.402, 1.2971292e-6, 2.0327927e-6
-0.403, 1.2837929e-6, 2.0153193e-6
-0.404, 1.2829162e-6, 1.9839674e-6
-0.405, 1.2855991e-6, 1.9587862e-6
-0.406, 1.2986978e-6, 1.9452809e-6
-0.407, 1.3051572e-6, 1.9181034e-6
-0.408, 1.2905834e-6, 1.8985716e-6
-0.409, 1.2936804e-6, 1.8737742e-6
-0.410, 1.2977982e-6, 1.8509421e-6
-0.411, 1.3084936e-6, 1.8343641e-6
-0.412, 1.3118745e-6, 1.8082710e-6
-0.413, 1.3015250e-6, 1.7962218e-6
-0.414, 1.3019796e-6, 1.7695864e-6
-0.415, 1.3074904e-6, 1.7505042e-6
-0.416, 1.3155206e-6, 1.7349037e-6
-0.417, 1.3251671e-6, 1.7150091e-6
-0.418, 1.3135224e-6, 1.7079406e-6
-0.419, 1.3100130e-6, 1.6788719e-6
-0.420, 1.3171191e-6, 1.6610214e-6
-0.421, 1.3269319e-6, 1.6516286e-6
-0.422, 1.3359336e-6, 1.6316001e-6
-0.423, 1.3206321e-6, 1.6204929e-6
-0.424, 1.3232146e-6, 1.6012229e-6
-0.425, 1.3271049e-6, 1.5808454e-6
-0.426, 1.3345052e-6, 1.5768936e-6
-0.427, 1.3447439e-6, 1.5574691e-6
-0.428, 1.3303385e-6, 1.5490966e-6
-0.429, 1.3336263e-6, 1.5324762e-6
-0.430, 1.3375991e-6, 1.5160015e-6
-0.431, 1.3476906e-6, 1.5107707e-6
-0.432, 1.3567735e-6, 1.4995073e-6
-0.433, 1.3393078e-6, 1.4869072e-6
-0.434, 1.3457825e-6, 1.4740807e-6
-0.435, 1.3451977e-6, 1.4588667e-6
-0.436, 1.3581680e-6, 1.4577608e-6
-0.437, 1.3663542e-6, 1.4459899e-6
-0.438, 1.3514730e-6, 1.4418588e-6
-0.439, 1.3549106e-6, 1.4240784e-6
-0.440, 1.3536243e-6, 1.4114303e-6
-0.441, 1.3679742e-6, 1.4125400e-6
-0.442, 1.3784373e-6, 1.4042573e-6
-0.443, 1.3611591e-6, 1.3996554e-6
-0.444, 1.3642250e-6, 1.3848901e-6
-0.445, 1.3669620e-6, 1.3753128e-6
-0.446, 1.3795493e-6, 1.3813857e-6
-0.447, 1.3846926e-6, 1.3678730e-6
-0.448, 1.3746603e-6, 1.3669376e-6
-0.449, 1.3736800e-6, 1.3549352e-6
-0.450, 1.3797778e-6, 1.3479107e-6
-0.451, 1.3908377e-6, 1.3526787e-6
-0.452, 1.3991253e-6, 1.3446065e-6
-0.453, 1.3830055e-6, 1.3405210e-6
-0.454, 1.3837478e-6, 1.3307658e-6
-0.455, 1.3904045e-6, 1.3287570e-6
-0.456, 1.4026206e-6, 1.3294714e-6
-0.457, 1.4098473e-6, 1.3250983e-6
-0.458, 1.3952593e-6, 1.3237536e-6
-0.459, 1.3980282e-6, 1.3151799e-6
-0.460, 1.4022096e-6, 1.3130817e-6
-0.461, 1.4124422e-6, 1.3141034e-6
-0.462, 1.4239724e-6, 1.3104323e-6
-0.463, 1.4063327e-6, 1.3113016e-6
-0.464, 1.4095708e-6, 1.3027363e-6
-0.465, 1.4134196e-6, 1.2991900e-6
-0.466, 1.4262466e-6, 1.3080386e-6
-0.467, 1.4339788e-6, 1.2993723e-6
-0.468, 1.4192816e-6, 1.3034302e-6
-0.469, 1.4251176e-6, 1.2986127e-6
-0.470, 1.4289012e-6, 1.2924186e-6
-0.471, 1.4400389e-6, 1.3022592e-6
-0.472, 1.4490959e-6, 1.2959441e-6
-0.473, 1.4339928e-6, 1.2991201e-6
-0.474, 1.4374396e-6, 1.2946846e-6
-0.475, 1.4397025e-6, 1.2876951e-6
-0.476, 1.4544256e-6, 1.2986887e-6
-0.477, 1.4637461e-6, 1.2991910e-6
-0.478, 1.4500246e-6, 1.2998989e-6
-0.479, 1.4522381e-6, 1.2942614e-6
-0.480, 1.4556128e-6, 1.2909552e-6
-0.481, 1.4696471e-6, 1.2999393e-6
-0.482, 1.4770387e-6, 1.2972921e-6
-0.483, 1.4642014e-6, 1.3034884e-6
-0.484, 1.4710628e-6, 1.2977397e-6
-0.485, 1.4700641e-6, 1.2949097e-6
-0.486, 1.4860973e-6, 1.3048245e-6
-0.487, 1.4953208e-6, 1.3025888e-6
-0.488, 1.4819987e-6, 1.3104265e-6
-0.489, 1.4845270e-6, 1.3010774e-6
-0.490, 1.4904747e-6, 1.3015386e-6
-0.491, 1.5039316e-6, 1.3143912e-6
-0.492, 1.5088240e-6, 1.3080773e-6
-0.493, 1.5011435e-6, 1.3176357e-6
-0.494, 1.5030613e-6, 1.3116533e-6
-0.495, 1.5099663e-6, 1.3106859e-6
-0.496, 1.5208955e-6, 1.3216612e-6
-0.497, 1.5333193e-6, 1.3232433e-6
-0.498, 1.5216517e-6, 1.3270904e-6
-0.499, 1.5181364e-6, 1.3182246e-6
-0.500, 1.5283986e-6, 1.3215840e-6
