Feb. 2, 2006   23:22:55
Square Wave Voltammetry
File: z:\users\scottsaunders\git\labwork\ida\01_23_19_psoralen_nonequil_3\data\control\1\75um_control_transfer_1_swv_1.txt
Data Source:  Experiment
Instrument Model:  CHI760E
Header: 
Note: 

Init E (V) = 0.1
Final E (V) = -0.5
Incr E (V) = 0.001
Amplitude (V) = 0.025
Frequency (Hz) = 300
Quiet Time (sec) = 2
Sensitivity (A/V) = 1e-6
Sens 2 (A/V) = 1e-6

Potential/V, i1/A, i2/A

0.099, 1.0845588e-6, 6.5884751e-7
0.098, 1.1638533e-6, 7.0047020e-7
0.097, 1.1664320e-6, 7.0143358e-7
0.096, 1.1721008e-6, 7.0203919e-7
0.095, 1.1761522e-6, 7.0223359e-7
0.094, 1.1583224e-6, 7.0312944e-7
0.093, 1.1566325e-6, 6.9531109e-7
0.092, 1.1568395e-6, 6.9657699e-7
0.091, 1.1662005e-6, 6.9683335e-7
0.090, 1.1674003e-6, 6.9316093e-7
0.089, 1.1523978e-6, 6.9638247e-7
0.088, 1.1524347e-6, 6.9029437e-7
0.087, 1.1515291e-6, 6.9403313e-7
0.086, 1.1606328e-6, 6.9395435e-7
0.085, 1.1649674e-6, 6.9214730e-7
0.084, 1.1493008e-6, 6.9823204e-7
0.083, 1.1476566e-6, 6.8887647e-7
0.082, 1.1456214e-6, 6.8877642e-7
0.081, 1.1543029e-6, 6.8872288e-7
0.080, 1.1594190e-6, 6.8942637e-7
0.079, 1.1430197e-6, 6.9241003e-7
0.078, 1.1425902e-6, 6.8518051e-7
0.077, 1.1382490e-6, 6.8350141e-7
0.076, 1.1492491e-6, 6.8612854e-7
0.075, 1.1537921e-6, 6.8464249e-7
0.074, 1.1393380e-6, 6.9167476e-7
0.073, 1.1363018e-6, 6.8300062e-7
0.072, 1.1380628e-6, 6.8391302e-7
0.071, 1.1480404e-6, 6.8769771e-7
0.070, 1.1503204e-6, 6.8182322e-7
0.069, 1.1328293e-6, 6.8540976e-7
0.068, 1.1345467e-6, 6.8078685e-7
0.067, 1.1325735e-6, 6.7914340e-7
0.066, 1.1433295e-6, 6.8728366e-7
0.065, 1.1445049e-6, 6.8099843e-7
0.064, 1.1292149e-6, 6.8447082e-7
0.063, 1.1298350e-6, 6.7957694e-7
0.062, 1.1296577e-6, 6.7732259e-7
0.061, 1.1384420e-6, 6.7994694e-7
0.060, 1.1433000e-6, 6.7818701e-7
0.059, 1.1285546e-6, 6.8287096e-7
0.058, 1.1275114e-6, 6.7960741e-7
0.057, 1.1260972e-6, 6.7647449e-7
0.056, 1.1343625e-6, 6.7951504e-7
0.055, 1.1405135e-6, 6.7926487e-7
0.054, 1.1271048e-6, 6.8258788e-7
0.053, 1.1237277e-6, 6.7620459e-7
0.052, 1.1235303e-6, 6.7426430e-7
0.051, 1.1342087e-6, 6.7838982e-7
0.050, 1.1368503e-6, 6.7636336e-7
0.049, 1.1228050e-6, 6.8033160e-7
0.048, 1.1207985e-6, 6.7487036e-7
0.047, 1.1217752e-6, 6.7631004e-7
0.046, 1.1312516e-6, 6.7577503e-7
0.045, 1.1341156e-6, 6.7530118e-7
0.044, 1.1193562e-6, 6.7730195e-7
0.043, 1.1196188e-6, 6.7254604e-7
0.042, 1.1182140e-6, 6.7463759e-7
0.041, 1.1272246e-6, 6.7472359e-7
0.040, 1.1311124e-6, 6.7317666e-7
0.039, 1.1177941e-6, 6.8055169e-7
0.038, 1.1178702e-6, 6.7107283e-7
0.037, 1.1161669e-6, 6.7276636e-7
0.036, 1.1251338e-6, 6.7373986e-7
0.035, 1.1326688e-6, 6.7355825e-7
0.034, 1.1139874e-6, 6.7635199e-7
0.033, 1.1144931e-6, 6.7026565e-7
0.032, 1.1131601e-6, 6.7115451e-7
0.031, 1.1234800e-6, 6.7407689e-7
0.030, 1.1282922e-6, 6.7183350e-7
0.029, 1.1106923e-6, 6.7500662e-7
0.028, 1.1107684e-6, 6.6709828e-7
0.027, 1.1133258e-6, 6.6963310e-7
0.026, 1.1209620e-6, 6.7448167e-7
0.025, 1.1255323e-6, 6.7035614e-7
0.024, 1.1090495e-6, 6.7455011e-7
0.023, 1.1094370e-6, 6.6995261e-7
0.022, 1.1097868e-6, 6.6917107e-7
0.021, 1.1184366e-6, 6.7295952e-7
0.020, 1.1236345e-6, 6.6950378e-7
0.019, 1.1089157e-6, 6.7313704e-7
0.018, 1.1061544e-6, 6.6693593e-7
0.017, 1.1069966e-6, 6.6772418e-7
0.016, 1.1176883e-6, 6.7335486e-7
0.015, 1.1239687e-6, 6.7275300e-7
0.014, 1.1089314e-6, 6.7328284e-7
0.013, 1.1063275e-6, 6.6861656e-7
0.012, 1.1055238e-6, 6.6572682e-7
0.011, 1.1164152e-6, 6.7127695e-7
0.010, 1.1229456e-6, 6.7398321e-7
0.009, 1.1024972e-6, 6.7180520e-7
0.008, 1.1035839e-6, 6.6651677e-7
0.007, 1.1048609e-6, 6.6863782e-7
0.006, 1.1164190e-6, 6.7087444e-7
0.005, 1.1197325e-6, 6.7041100e-7
0.004, 1.1037555e-6, 6.7200199e-7
0.003, 1.1038658e-6, 6.6623937e-7
0.002, 1.1037828e-6, 6.6925628e-7
0.001, 1.1118456e-6, 6.7143088e-7
-0.000, 1.1166378e-6, 6.6871587e-7
-0.001, 1.1039700e-6, 6.7570033e-7
-0.002, 1.1030672e-6, 6.6590894e-7
-0.003, 1.1010334e-6, 6.6469181e-7
-0.004, 1.1119048e-6, 6.6982204e-7
-0.005, 1.1159415e-6, 6.6764443e-7
-0.006, 1.1006408e-6, 6.7425958e-7
-0.007, 1.0985324e-6, 6.6598540e-7
-0.008, 1.1010609e-6, 6.6776715e-7
-0.009, 1.1108048e-6, 6.7138780e-7
-0.010, 1.1164404e-6, 6.6847736e-7
-0.011, 1.0984237e-6, 6.7124012e-7
-0.012, 1.1008204e-6, 6.6735589e-7
-0.013, 1.1004538e-6, 6.6687238e-7
-0.014, 1.1106081e-6, 6.7374549e-7
-0.015, 1.1148376e-6, 6.6779353e-7
-0.016, 1.1010734e-6, 6.7500730e-7
-0.017, 1.1013186e-6, 6.6940578e-7
-0.018, 1.1020721e-6, 6.6848077e-7
-0.019, 1.1074957e-6, 6.7083602e-7
-0.020, 1.1153604e-6, 6.6976736e-7
-0.021, 1.1004427e-6, 6.7459411e-7
-0.022, 1.1003235e-6, 6.6964316e-7
-0.023, 1.0995075e-6, 6.6699647e-7
-0.024, 1.1112343e-6, 6.7253490e-7
-0.025, 1.1172027e-6, 6.7280979e-7
-0.026, 1.1025822e-6, 6.7667781e-7
-0.027, 1.0993249e-6, 6.6923855e-7
-0.028, 1.1013476e-6, 6.7264517e-7
-0.029, 1.1129641e-6, 6.7404602e-7
-0.030, 1.1159901e-6, 6.7326914e-7
-0.031, 1.1018820e-6, 6.7707049e-7
-0.032, 1.1020174e-6, 6.7138791e-7
-0.033, 1.1028773e-6, 6.7315619e-7
-0.034, 1.1095561e-6, 6.7411497e-7
-0.035, 1.1170600e-6, 6.7501617e-7
-0.036, 1.1027842e-6, 6.8077713e-7
-0.037, 1.1023811e-6, 6.7204508e-7
-0.038, 1.1013107e-6, 6.7059005e-7
-0.039, 1.1128496e-6, 6.7710079e-7
-0.040, 1.1161684e-6, 6.7421394e-7
-0.041, 1.1017919e-6, 6.8048803e-7
-0.042, 1.1009720e-6, 6.7450094e-7
-0.043, 1.1062632e-6, 6.7714490e-7
-0.044, 1.1129657e-6, 6.7887265e-7
-0.045, 1.1204526e-6, 6.7774135e-7
-0.046, 1.1014038e-6, 6.7973269e-7
-0.047, 1.1043692e-6, 6.7853051e-7
-0.048, 1.1045923e-6, 6.7645885e-7
-0.049, 1.1148605e-6, 6.8297703e-7
-0.050, 1.1214344e-6, 6.7940175e-7
-0.051, 1.1061412e-6, 6.8332884e-7
-0.052, 1.1056296e-6, 6.7874913e-7
-0.053, 1.1066853e-6, 6.7925782e-7
-0.054, 1.1168921e-6, 6.8536821e-7
-0.055, 1.1229625e-6, 6.8491448e-7
-0.056, 1.1119647e-6, 6.8867644e-7
-0.057, 1.1052666e-6, 6.7916324e-7
-0.058, 1.1096633e-6, 6.8162683e-7
-0.059, 1.1191493e-6, 6.8613144e-7
-0.060, 1.1253475e-6, 6.8798948e-7
-0.061, 1.1104011e-6, 6.9150138e-7
-0.062, 1.1114922e-6, 6.8534030e-7
-0.063, 1.1128201e-6, 6.8704804e-7
-0.064, 1.1238778e-6, 6.8988015e-7
-0.065, 1.1262738e-6, 6.8727525e-7
-0.066, 1.1164884e-6, 6.9557780e-7
-0.067, 1.1158018e-6, 6.8905109e-7
-0.068, 1.1163451e-6, 6.9232152e-7
-0.069, 1.1261748e-6, 6.9269038e-7
-0.070, 1.1351780e-6, 6.9514607e-7
-0.071, 1.1195248e-6, 6.9921128e-7
-0.072, 1.1203535e-6, 6.9318958e-7
-0.073, 1.1207077e-6, 6.9537271e-7
-0.074, 1.1343307e-6, 7.0323756e-7
-0.075, 1.1398918e-6, 6.9761927e-7
-0.076, 1.1221588e-6, 7.0240185e-7
-0.077, 1.1264764e-6, 6.9845623e-7
-0.078, 1.1273887e-6, 7.0061162e-7
-0.079, 1.1369235e-6, 7.0592205e-7
-0.080, 1.1425814e-6, 7.0430832e-7
-0.081, 1.1295039e-6, 7.0973215e-7
-0.082, 1.1312546e-6, 7.0516899e-7
-0.083, 1.1342296e-6, 7.0575288e-7
-0.084, 1.1429562e-6, 7.1019377e-7
-0.085, 1.1513257e-6, 7.1200145e-7
-0.086, 1.1379495e-6, 7.1649816e-7
-0.087, 1.1379747e-6, 7.1232546e-7
-0.088, 1.1406444e-6, 7.1212872e-7
-0.089, 1.1533713e-6, 7.1823388e-7
-0.090, 1.1590345e-6, 7.1783029e-7
-0.091, 1.1473469e-6, 7.2415992e-7
-0.092, 1.1478451e-6, 7.2043252e-7
-0.093, 1.1533100e-6, 7.2578968e-7
-0.094, 1.1646221e-6, 7.2783666e-7
-0.095, 1.1679969e-6, 7.2527672e-7
-0.096, 1.1577790e-6, 7.3358848e-7
-0.097, 1.1590537e-6, 7.2875747e-7
-0.098, 1.1618579e-6, 7.3373263e-7
-0.099, 1.1751254e-6, 7.3994499e-7
-0.100, 1.1844450e-6, 7.3987007e-7
-0.101, 1.1700752e-6, 7.4509018e-7
-0.102, 1.1720831e-6, 7.4023637e-7
-0.103, 1.1743402e-6, 7.4306439e-7
-0.104, 1.1890347e-6, 7.5228678e-7
-0.105, 1.1956653e-6, 7.5025810e-7
-0.106, 1.1847650e-6, 7.5912965e-7
-0.107, 1.1884055e-6, 7.5401562e-7
-0.108, 1.1911770e-6, 7.5636717e-7
-0.109, 1.2061183e-6, 7.6783323e-7
-0.110, 1.2105304e-6, 7.6457110e-7
-0.111, 1.2026555e-6, 7.7397630e-7
-0.112, 1.2060451e-6, 7.7090863e-7
-0.113, 1.2109526e-6, 7.7369646e-7
-0.114, 1.2241986e-6, 7.8159053e-7
-0.115, 1.2356661e-6, 7.8393464e-7
-0.116, 1.2258168e-6, 7.9367192e-7
-0.117, 1.2293145e-6, 7.9126744e-7
-0.118, 1.2340003e-6, 7.9259337e-7
-0.119, 1.2528568e-6, 8.0444022e-7
-0.120, 1.2622689e-6, 8.1046142e-7
-0.121, 1.2518950e-6, 8.1714222e-7
-0.122, 1.2588259e-6, 8.1647426e-7
-0.123, 1.2652039e-6, 8.2220140e-7
-0.124, 1.2821708e-6, 8.3019711e-7
-0.125, 1.2922144e-6, 8.3453108e-7
-0.126, 1.2872343e-6, 8.4684865e-7
-0.127, 1.2954406e-6, 8.4745454e-7
-0.128, 1.3011842e-6, 8.5509117e-7
-0.129, 1.3204969e-6, 8.6348433e-7
-0.130, 1.3374815e-6, 8.7154291e-7
-0.131, 1.3311894e-6, 8.8551559e-7
-0.132, 1.3406682e-6, 8.8676558e-7
-0.133, 1.3490665e-6, 8.9579095e-7
-0.134, 1.3711833e-6, 9.1134831e-7
-0.135, 1.3868085e-6, 9.1497901e-7
-0.136, 1.3807987e-6, 9.3024460e-7
-0.137, 1.3960121e-6, 9.3502229e-7
-0.138, 1.4081003e-6, 9.4666927e-7
-0.139, 1.4319354e-6, 9.6468443e-7
-0.140, 1.4493608e-6, 9.7096085e-7
-0.141, 1.4545091e-6, 9.9296869e-7
-0.142, 1.4657340e-6, 9.9820500e-7
-0.143, 1.4810493e-6, 1.0106877e-6
-0.144, 1.5078239e-6, 1.0308859e-6
-0.145, 1.5309823e-6, 1.0456033e-6
-0.146, 1.5359092e-6, 1.0654478e-6
-0.147, 1.5510559e-6, 1.0754990e-6
-0.148, 1.5717932e-6, 1.0921592e-6
-0.149, 1.6026339e-6, 1.1141650e-6
-0.150, 1.6299807e-6, 1.1350147e-6
-0.151, 1.6380324e-6, 1.1570368e-6
-0.152, 1.6609108e-6, 1.1727036e-6
-0.153, 1.6816881e-6, 1.1915266e-6
-0.154, 1.7209612e-6, 1.2196642e-6
-0.155, 1.7503506e-6, 1.2412161e-6
-0.156, 1.7646037e-6, 1.2744100e-6
-0.157, 1.7957858e-6, 1.2909770e-6
-0.158, 1.8173253e-6, 1.3122619e-6
-0.159, 1.8601870e-6, 1.3456469e-6
-0.160, 1.8970833e-6, 1.3720941e-6
-0.161, 1.9141426e-6, 1.4094226e-6
-0.162, 1.9475708e-6, 1.4309744e-6
-0.163, 1.9812273e-6, 1.4603390e-6
-0.164, 2.0246812e-6, 1.4953960e-6
-0.165, 2.0686666e-6, 1.5265471e-6
-0.166, 2.0897774e-6, 1.5678436e-6
-0.167, 2.1303629e-6, 1.5973162e-6
-0.168, 2.1647375e-6, 1.6263523e-6
-0.169, 2.2150371e-6, 1.6698282e-6
-0.170, 2.2640786e-6, 1.7043170e-6
-0.171, 2.2916233e-6, 1.7508157e-6
-0.172, 2.3345021e-6, 1.7848967e-6
-0.173, 2.3720697e-6, 1.8160132e-6
-0.174, 2.4284600e-6, 1.8644818e-6
-0.175, 2.4808326e-6, 1.9036268e-6
-0.176, 2.5170270e-6, 1.9562124e-6
-0.177, 2.5628706e-6, 1.9910806e-6
-0.178, 2.6066978e-6, 2.0336686e-6
-0.179, 2.6662292e-6, 2.0780944e-6
-0.180, 2.7170670e-6, 2.1194355e-6
-0.181, 2.7554988e-6, 2.1748779e-6
-0.182, 2.8041648e-6, 2.2116164e-6
-0.183, 2.8485597e-6, 2.2570373e-6
-0.184, 2.9109260e-6, 2.3043397e-6
-0.185, 2.9682151e-6, 2.3489190e-6
-0.186, 3.0044819e-6, 2.4058077e-6
-0.187, 3.0564238e-6, 2.4429546e-6
-0.188, 3.0975414e-6, 2.4853746e-6
-0.189, 3.1620343e-6, 2.5381416e-6
-0.190, 3.2184962e-6, 2.5787319e-6
-0.191, 3.2505450e-6, 2.6337289e-6
-0.192, 3.2993446e-6, 2.6675013e-6
-0.193, 3.3407212e-6, 2.7091487e-6
-0.194, 3.4038344e-6, 2.7624426e-6
-0.195, 3.4518644e-6, 2.7965568e-6
-0.196, 3.4856328e-6, 2.8498555e-6
-0.197, 3.5298806e-6, 2.8827390e-6
-0.198, 3.5662194e-6, 2.9178821e-6
-0.199, 3.6196279e-6, 2.9617086e-6
-0.200, 3.6675081e-6, 2.9998059e-6
-0.201, 3.6903546e-6, 3.0389399e-6
-0.202, 3.7246868e-6, 3.0648246e-6
-0.203, 3.7571040e-6, 3.0963547e-6
-0.204, 3.8033716e-6, 3.1330735e-6
-0.205, 3.8371736e-6, 3.1594468e-6
-0.206, 3.8512308e-6, 3.1911579e-6
-0.207, 3.8846465e-6, 3.2130881e-6
-0.208, 3.9012907e-6, 3.2369367e-6
-0.209, 3.9376109e-6, 3.2604642e-6
-0.210, 3.9614160e-6, 3.2764874e-6
-0.211, 3.9643573e-6, 3.3013330e-6
-0.212, 3.9829379e-6, 3.3069055e-6
-0.213, 3.9871497e-6, 3.3187810e-6
-0.214, 4.0152404e-6, 3.3352146e-6
-0.215, 4.0228761e-6, 3.3368947e-6
-0.216, 4.0145401e-6, 3.3521951e-6
-0.217, 4.0196715e-6, 3.3450417e-6
-0.218, 4.0165191e-6, 3.3478398e-6
-0.219, 4.0279101e-6, 3.3515512e-6
-0.220, 4.0193936e-6, 3.3384288e-6
-0.221, 3.9976812e-6, 3.3407559e-6
-0.222, 3.9932993e-6, 3.3277051e-6
-0.223, 3.9729948e-6, 3.3129097e-6
-0.224, 3.9666616e-6, 3.3011956e-6
-0.225, 3.9513184e-6, 3.2789644e-6
-0.226, 3.9189044e-6, 3.2700709e-6
-0.227, 3.8966741e-6, 3.2442993e-6
-0.228, 3.8665926e-6, 3.2189689e-6
-0.229, 3.8537410e-6, 3.2003077e-6
-0.230, 3.8229200e-6, 3.1703476e-6
-0.231, 3.7734785e-6, 3.1456193e-6
-0.232, 3.7457710e-6, 3.1111128e-6
-0.233, 3.7068507e-6, 3.0802689e-6
-0.234, 3.6850279e-6, 3.0501737e-6
-0.235, 3.6413730e-6, 3.0074934e-6
-0.236, 3.5864409e-6, 2.9787043e-6
-0.237, 3.5529602e-6, 2.9367197e-6
-0.238, 3.5044936e-6, 2.9006958e-6
-0.239, 3.4726979e-6, 2.8610077e-6
-0.240, 3.4258760e-6, 2.8138545e-6
-0.241, 3.3646832e-6, 2.7820629e-6
-0.242, 3.3216641e-6, 2.7308270e-6
-0.243, 3.2705568e-6, 2.6915025e-6
-0.244, 3.2359378e-6, 2.6512607e-6
-0.245, 3.1902823e-6, 2.6026667e-6
-0.246, 3.1231366e-6, 2.5650129e-6
-0.247, 3.0803512e-6, 2.5179729e-6
-0.248, 3.0300450e-6, 2.4729945e-6
-0.249, 2.9891141e-6, 2.4297453e-6
-0.250, 2.9443895e-6, 2.3818623e-6
-0.251, 2.8796496e-6, 2.3445355e-6
-0.252, 2.8353072e-6, 2.2980441e-6
-0.253, 2.7871381e-6, 2.2549673e-6
-0.254, 2.7541587e-6, 2.2172760e-6
-0.255, 2.7078961e-6, 2.1741032e-6
-0.256, 2.6447819e-6, 2.1338979e-6
-0.257, 2.6026264e-6, 2.0881146e-6
-0.258, 2.5582972e-6, 2.0515897e-6
-0.259, 2.5288457e-6, 2.0151929e-6
-0.260, 2.4834642e-6, 1.9703530e-6
-0.261, 2.4304529e-6, 1.9412212e-6
-0.262, 2.3901293e-6, 1.8964507e-6
-0.263, 2.3509656e-6, 1.8650179e-6
-0.264, 2.3241519e-6, 1.8316391e-6
-0.265, 2.2894608e-6, 1.7931650e-6
-0.266, 2.2374643e-6, 1.7687282e-6
-0.267, 2.1996532e-6, 1.7258808e-6
-0.268, 2.1685489e-6, 1.6997191e-6
-0.269, 2.1472072e-6, 1.6738385e-6
-0.270, 2.1174390e-6, 1.6381275e-6
-0.271, 2.0687821e-6, 1.6151190e-6
-0.272, 2.0432547e-6, 1.5833234e-6
-0.273, 2.0143880e-6, 1.5573337e-6
-0.274, 1.9952322e-6, 1.5364765e-6
-0.275, 1.9698887e-6, 1.5046651e-6
-0.276, 1.9293782e-6, 1.4879981e-6
-0.277, 1.9037221e-6, 1.4597172e-6
-0.278, 1.8788307e-6, 1.4376664e-6
-0.279, 1.8711315e-6, 1.4220811e-6
-0.280, 1.8476262e-6, 1.3963545e-6
-0.281, 1.8119741e-6, 1.3812528e-6
-0.282, 1.7920250e-6, 1.3572812e-6
-0.283, 1.7718050e-6, 1.3410304e-6
-0.284, 1.7631530e-6, 1.3248048e-6
-0.285, 1.7464190e-6, 1.3071406e-6
-0.286, 1.7155546e-6, 1.2941748e-6
-0.287, 1.6993440e-6, 1.2733528e-6
-0.288, 1.6834764e-6, 1.2617922e-6
-0.289, 1.6778342e-6, 1.2482778e-6
-0.290, 1.6685929e-6, 1.2327706e-6
-0.291, 1.6372139e-6, 1.2251388e-6
-0.292, 1.6214522e-6, 1.2046762e-6
-0.293, 1.6105261e-6, 1.1959520e-6
-0.294, 1.6086614e-6, 1.1883503e-6
-0.295, 1.6000412e-6, 1.1711625e-6
-0.296, 1.5727505e-6, 1.1672727e-6
-0.297, 1.5626340e-6, 1.1491016e-6
-0.298, 1.5517455e-6, 1.1414407e-6
-0.299, 1.5527741e-6, 1.1376958e-6
-0.300, 1.5460819e-6, 1.1225285e-6
-0.301, 1.5239043e-6, 1.1212624e-6
-0.302, 1.5131608e-6, 1.1079325e-6
-0.303, 1.5038589e-6, 1.0996981e-6
-0.304, 1.5085240e-6, 1.0960108e-6
-0.305, 1.5031145e-6, 1.0852538e-6
-0.306, 1.4809132e-6, 1.0827714e-6
-0.307, 1.4747446e-6, 1.0711518e-6
-0.308, 1.4670277e-6, 1.0659209e-6
-0.309, 1.4718725e-6, 1.0617960e-6
-0.310, 1.4702518e-6, 1.0564395e-6
-0.311, 1.4499610e-6, 1.0544770e-6
-0.312, 1.4424187e-6, 1.0420368e-6
-0.313, 1.4367533e-6, 1.0397735e-6
-0.314, 1.4423135e-6, 1.0365668e-6
-0.315, 1.4445802e-6, 1.0306800e-6
-0.316, 1.4217862e-6, 1.0311783e-6
-0.317, 1.4164034e-6, 1.0189840e-6
-0.318, 1.4146860e-6, 1.0186075e-6
-0.319, 1.4214647e-6, 1.0198139e-6
-0.320, 1.4222816e-6, 1.0112141e-6
-0.321, 1.4001211e-6, 1.0110855e-6
-0.322, 1.3993287e-6, 1.0028330e-6
-0.323, 1.3983187e-6, 1.0019428e-6
-0.324, 1.4044853e-6, 1.0044554e-6
-0.325, 1.4076420e-6, 9.9783119e-7
-0.326, 1.3875078e-6, 9.9937097e-7
-0.327, 1.3831896e-6, 9.9132569e-7
-0.328, 1.3821368e-6, 9.9026283e-7
-0.329, 1.3905715e-6, 9.9029432e-7
-0.330, 1.3940966e-6, 9.8717624e-7
-0.331, 1.3762476e-6, 9.8906662e-7
-0.332, 1.3715930e-6, 9.7899465e-7
-0.333, 1.3728637e-6, 9.8175667e-7
-0.334, 1.3824651e-6, 9.8123678e-7
-0.335, 1.3827587e-6, 9.7901716e-7
-0.336, 1.3666825e-6, 9.8006603e-7
-0.337, 1.3662301e-6, 9.7355041e-7
-0.338, 1.3668828e-6, 9.7637962e-7
-0.339, 1.3746145e-6, 9.7558484e-7
-0.340, 1.3789688e-6, 9.7220720e-7
-0.341, 1.3628322e-6, 9.7785869e-7
-0.342, 1.3599852e-6, 9.6956933e-7
-0.343, 1.3622230e-6, 9.7136740e-7
-0.344, 1.3713875e-6, 9.7500981e-7
-0.345, 1.3770705e-6, 9.7028931e-7
-0.346, 1.3580395e-6, 9.7411601e-7
-0.347, 1.3596895e-6, 9.6725353e-7
-0.348, 1.3624413e-6, 9.6851977e-7
-0.349, 1.3704641e-6, 9.7334816e-7
-0.350, 1.3756976e-6, 9.6891210e-7
-0.351, 1.3601582e-6, 9.7436873e-7
-0.352, 1.3583322e-6, 9.6858275e-7
-0.353, 1.3603208e-6, 9.6970984e-7
-0.354, 1.3718266e-6, 9.7198244e-7
-0.355, 1.3756880e-6, 9.7103816e-7
-0.356, 1.3612574e-6, 9.7506086e-7
-0.357, 1.3606809e-6, 9.6903716e-7
-0.358, 1.3621927e-6, 9.7135330e-7
-0.359, 1.3729946e-6, 9.7312090e-7
-0.360, 1.3744221e-6, 9.7117993e-7
-0.361, 1.3660230e-6, 9.7964778e-7
-0.362, 1.3672673e-6, 9.7417717e-7
-0.363, 1.3642789e-6, 9.7341683e-7
-0.364, 1.3770388e-6, 9.7758493e-7
-0.365, 1.3869542e-6, 9.7862949e-7
-0.366, 1.3703901e-6, 9.8509599e-7
-0.367, 1.3671535e-6, 9.7591646e-7
-0.368, 1.3700559e-6, 9.7813518e-7
-0.369, 1.3814625e-6, 9.8308658e-7
-0.370, 1.3880838e-6, 9.7987970e-7
-0.371, 1.3752739e-6, 9.8880571e-7
-0.372, 1.3760628e-6, 9.8297164e-7
-0.373, 1.3792469e-6, 9.8265537e-7
-0.374, 1.3871529e-6, 9.8619057e-7
-0.375, 1.3953407e-6, 9.8616351e-7
-0.376, 1.3808549e-6, 9.9235308e-7
-0.377, 1.3797163e-6, 9.8600833e-7
-0.378, 1.3823349e-6, 9.8579403e-7
-0.379, 1.3953378e-6, 9.9217152e-7
-0.380, 1.4031367e-6, 9.9560839e-7
-0.381, 1.3878072e-6, 9.9755994e-7
-0.382, 1.3876681e-6, 9.9189560e-7
-0.383, 1.3898447e-6, 9.9389820e-7
-0.384, 1.4028906e-6, 9.9815213e-7
-0.385, 1.4057982e-6, 9.9605427e-7
-0.386, 1.3964083e-6, 1.0072720e-6
-0.387, 1.3966522e-6, 9.9870215e-7
-0.388, 1.3975462e-6, 1.0017563e-6
-0.389, 1.4114065e-6, 1.0062820e-6
-0.390, 1.4180409e-6, 1.0053122e-6
-0.391, 1.4039972e-6, 1.0141173e-6
-0.392, 1.4019176e-6, 1.0023801e-6
-0.393, 1.4059518e-6, 1.0079970e-6
-0.394, 1.4187100e-6, 1.0138248e-6
-0.395, 1.4251907e-6, 1.0107826e-6
-0.396, 1.4094791e-6, 1.0172549e-6
-0.397, 1.4155214e-6, 1.0162265e-6
-0.398, 1.4161875e-6, 1.0140568e-6
-0.399, 1.4232678e-6, 1.0174081e-6
-0.400, 1.4339802e-6, 1.0185342e-6
-0.401, 1.4202915e-6, 1.0256416e-6
-0.402, 1.4213457e-6, 1.0201092e-6
-0.403, 1.4208763e-6, 1.0182068e-6
-0.404, 1.4341429e-6, 1.0251986e-6
-0.405, 1.4433457e-6, 1.0296037e-6
-0.406, 1.4257540e-6, 1.0321243e-6
-0.407, 1.4283831e-6, 1.0257364e-6
-0.408, 1.4305922e-6, 1.0282598e-6
-0.409, 1.4447984e-6, 1.0344060e-6
-0.410, 1.4504969e-6, 1.0333990e-6
-0.411, 1.4347256e-6, 1.0393123e-6
-0.412, 1.4398000e-6, 1.0334990e-6
-0.413, 1.4385942e-6, 1.0360346e-6
-0.414, 1.4519364e-6, 1.0404929e-6
-0.415, 1.4588984e-6, 1.0409876e-6
-0.416, 1.4422471e-6, 1.0470941e-6
-0.417, 1.4447673e-6, 1.0390062e-6
-0.418, 1.4482273e-6, 1.0414406e-6
-0.419, 1.4582271e-6, 1.0475909e-6
-0.420, 1.4638954e-6, 1.0472102e-6
-0.421, 1.4517701e-6, 1.0535961e-6
-0.422, 1.4535999e-6, 1.0492034e-6
-0.423, 1.4552995e-6, 1.0482920e-6
-0.424, 1.4656794e-6, 1.0556264e-6
-0.425, 1.4760568e-6, 1.0560798e-6
-0.426, 1.4628854e-6, 1.0610592e-6
-0.427, 1.4610134e-6, 1.0553395e-6
-0.428, 1.4624404e-6, 1.0551242e-6
-0.429, 1.4772102e-6, 1.0638056e-6
-0.430, 1.4826558e-6, 1.0639906e-6
-0.431, 1.4666846e-6, 1.0661809e-6
-0.432, 1.4701135e-6, 1.0617373e-6
-0.433, 1.4726170e-6, 1.0682982e-6
-0.434, 1.4834987e-6, 1.0700344e-6
-0.435, 1.4908466e-6, 1.0710276e-6
-0.436, 1.4766313e-6, 1.0768160e-6
-0.437, 1.4786414e-6, 1.0704075e-6
-0.438, 1.4763733e-6, 1.0699121e-6
-0.439, 1.4930844e-6, 1.0816398e-6
-0.440, 1.4996812e-6, 1.0782659e-6
-0.441, 1.4839680e-6, 1.0850551e-6
-0.442, 1.4875004e-6, 1.0790110e-6
-0.443, 1.4885716e-6, 1.0806759e-6
-0.444, 1.5028764e-6, 1.0920761e-6
-0.445, 1.5055941e-6, 1.0832667e-6
-0.446, 1.4957045e-6, 1.0947808e-6
-0.447, 1.4942556e-6, 1.0864288e-6
-0.448, 1.4975919e-6, 1.0889796e-6
-0.449, 1.5081705e-6, 1.0954100e-6
-0.450, 1.5198389e-6, 1.0994572e-6
-0.451, 1.5024439e-6, 1.1005770e-6
-0.452, 1.4997233e-6, 1.0926879e-6
-0.453, 1.5070505e-6, 1.0979966e-6
-0.454, 1.5210107e-6, 1.1061917e-6
-0.455, 1.5261762e-6, 1.1048287e-6
-0.456, 1.5120482e-6, 1.1089516e-6
-0.457, 1.5138743e-6, 1.1044029e-6
-0.458, 1.5159075e-6, 1.1096747e-6
-0.459, 1.5260831e-6, 1.1131038e-6
-0.460, 1.5380739e-6, 1.1137006e-6
-0.461, 1.5211476e-6, 1.1193712e-6
-0.462, 1.5238356e-6, 1.1137832e-6
-0.463, 1.5266073e-6, 1.1175258e-6
-0.464, 1.5410022e-6, 1.1261727e-6
-0.465, 1.5475250e-6, 1.1221556e-6
-0.466, 1.5299489e-6, 1.1298363e-6
-0.467, 1.5383644e-6, 1.1273296e-6
-0.468, 1.5383924e-6, 1.1280758e-6
-0.469, 1.5519068e-6, 1.1363919e-6
-0.470, 1.5590692e-6, 1.1334901e-6
-0.471, 1.5450181e-6, 1.1398615e-6
-0.472, 1.5494835e-6, 1.1403582e-6
-0.473, 1.5483988e-6, 1.1365388e-6
-0.474, 1.5668672e-6, 1.1477040e-6
-0.475, 1.5718805e-6, 1.1467296e-6
-0.476, 1.5586943e-6, 1.1528804e-6
-0.477, 1.5622178e-6, 1.1502265e-6
-0.478, 1.5679964e-6, 1.1563768e-6
-0.479, 1.5793748e-6, 1.1586008e-6
-0.480, 1.5839252e-6, 1.1577264e-6
-0.481, 1.5748622e-6, 1.1669276e-6
-0.482, 1.5783885e-6, 1.1632176e-6
-0.483, 1.5809242e-6, 1.1672960e-6
-0.484, 1.5930252e-6, 1.1703572e-6
-0.485, 1.6027907e-6, 1.1724269e-6
-0.486, 1.5917145e-6, 1.1855172e-6
-0.487, 1.5915037e-6, 1.1768252e-6
-0.488, 1.5988517e-6, 1.1827157e-6
-0.489, 1.6111737e-6, 1.1881272e-6
-0.490, 1.6220006e-6, 1.1891473e-6
-0.491, 1.6081881e-6, 1.1970444e-6
-0.492, 1.6122915e-6, 1.1939368e-6
-0.493, 1.6189799e-6, 1.1971381e-6
-0.494, 1.6292332e-6, 1.2060943e-6
-0.495, 1.6406273e-6, 1.2055241e-6
-0.496, 1.6276038e-6, 1.2133517e-6
-0.497, 1.6309498e-6, 1.2111766e-6
-0.498, 1.6373992e-6, 1.2143489e-6
-0.499, 1.6526898e-6, 1.2227788e-6
-0.500, 1.6630289e-6, 1.2263445e-6
