0.100, -4.049e-8, -5.563e-8, 3.333e-1
0.099, -3.484e-8, -5.264e-8, 6.667e-1
0.098, -3.051e-8, -5.003e-8, 1.000e+0
0.097, -2.710e-8, -4.770e-8, 1.333e+0
0.096, -2.429e-8, -4.560e-8, 1.667e+0
0.095, -2.188e-8, -4.369e-8, 2.000e+0
0.094, -1.988e-8, -4.196e-8, 2.333e+0
0.093, -1.810e-8, -4.037e-8, 2.667e+0
0.092, -1.655e-8, -3.890e-8, 3.000e+0
0.091, -1.517e-8, -3.753e-8, 3.333e+0
0.090, -1.392e-8, -3.630e-8, 3.667e+0
0.089, -1.276e-8, -3.513e-8, 4.000e+0
0.088, -1.172e-8, -3.402e-8, 4.333e+0
0.087, -1.074e-8, -3.300e-8, 4.667e+0
0.086, -9.871e-9, -3.208e-8, 5.000e+0
0.085, -9.041e-9, -3.122e-8, 5.333e+0
0.084, -8.267e-9, -3.037e-8, 5.667e+0
0.083, -7.557e-9, -2.957e-8, 6.000e+0
0.082, -6.898e-9, -2.883e-8, 6.333e+0
0.081, -6.272e-9, -2.811e-8, 6.667e+0
0.080, -5.672e-9, -2.740e-8, 7.000e+0
0.079, -5.083e-9, -2.675e-8, 7.333e+0
0.078, -4.545e-9, -2.615e-8, 7.667e+0
0.077, -4.039e-9, -2.558e-8, 8.000e+0
0.076, -3.587e-9, -2.500e-8, 8.333e+0
0.075, -3.143e-9, -2.446e-8, 8.667e+0
0.074, -2.696e-9, -2.395e-8, 9.000e+0
0.073, -2.284e-9, -2.346e-8, 9.333e+0
0.072, -1.895e-9, -2.300e-8, 9.667e+0
0.071, -1.509e-9, -2.255e-8, 1.000e+1
0.070, -1.149e-9, -2.211e-8, 1.033e+1
0.069, -8.089e-10, -2.171e-8, 1.067e+1
0.068, -3.412e-10, -2.126e-8, 1.100e+1
0.067, -2.963e-10, -2.098e-8, 1.133e+1
0.066, 1.336e-10, -2.056e-8, 1.167e+1
0.065, 4.324e-10, -2.021e-8, 1.200e+1
0.064, 7.040e-10, -1.988e-8, 1.233e+1
0.063, 1.009e-9, -1.953e-8, 1.267e+1
0.062, 1.254e-9, -1.921e-8, 1.300e+1
0.061, 1.537e-9, -1.892e-8, 1.333e+1
0.060, 1.703e-9, -1.867e-8, 1.367e+1
0.059, 1.983e-9, -1.839e-8, 1.400e+1
0.058, 2.229e-9, -1.811e-8, 1.433e+1
0.057, 2.385e-9, -1.785e-8, 1.467e+1
0.056, 2.610e-9, -1.758e-8, 1.500e+1
0.055, 2.826e-9, -1.733e-8, 1.533e+1
0.054, 3.024e-9, -1.708e-8, 1.567e+1
0.053, 3.217e-9, -1.685e-8, 1.600e+1
0.052, 3.419e-9, -1.664e-8, 1.633e+1
0.051, 3.618e-9, -1.641e-8, 1.667e+1
0.050, 3.748e-9, -1.620e-8, 1.700e+1
0.049, 3.922e-9, -1.602e-8, 1.733e+1
0.048, 4.095e-9, -1.582e-8, 1.767e+1
0.047, 4.266e-9, -1.562e-8, 1.800e+1
0.046, 4.412e-9, -1.542e-8, 1.833e+1
0.045, 4.572e-9, -1.524e-8, 1.867e+1
0.044, 4.723e-9, -1.506e-8, 1.900e+1
0.043, 4.846e-9, -1.488e-8, 1.933e+1
0.042, 4.996e-9, -1.471e-8, 1.967e+1
0.041, 5.112e-9, -1.454e-8, 2.000e+1
0.040, 5.236e-9, -1.438e-8, 2.033e+1
0.039, 5.373e-9, -1.423e-8, 2.067e+1
0.038, 5.479e-9, -1.409e-8, 2.100e+1
0.037, 5.612e-9, -1.394e-8, 2.133e+1
0.036, 5.727e-9, -1.379e-8, 2.167e+1
0.035, 5.817e-9, -1.365e-8, 2.200e+1
0.034, 5.929e-9, -1.352e-8, 2.233e+1
0.033, 6.032e-9, -1.340e-8, 2.267e+1
0.032, 6.140e-9, -1.326e-8, 2.300e+1
0.031, 6.238e-9, -1.313e-8, 2.333e+1
0.030, 6.323e-9, -1.300e-8, 2.367e+1
0.029, 6.428e-9, -1.289e-8, 2.400e+1
0.028, 6.510e-9, -1.278e-8, 2.433e+1
0.027, 6.594e-9, -1.267e-8, 2.467e+1
0.026, 6.671e-9, -1.256e-8, 2.500e+1
0.025, 6.732e-9, -1.246e-8, 2.533e+1
0.024, 6.817e-9, -1.234e-8, 2.567e+1
0.023, 6.906e-9, -1.223e-8, 2.600e+1
0.022, 6.953e-9, -1.213e-8, 2.633e+1
0.021, 7.021e-9, -1.203e-8, 2.667e+1
0.020, 7.103e-9, -1.193e-8, 2.700e+1
0.019, 7.160e-9, -1.185e-8, 2.733e+1
0.018, 7.237e-9, -1.176e-8, 2.767e+1
0.017, 7.302e-9, -1.168e-8, 2.800e+1
0.016, 7.354e-9, -1.160e-8, 2.833e+1
0.015, 7.426e-9, -1.151e-8, 2.867e+1
0.014, 7.475e-9, -1.143e-8, 2.900e+1
0.013, 7.532e-9, -1.134e-8, 2.933e+1
0.012, 7.580e-9, -1.126e-8, 2.967e+1
0.011, 7.636e-9, -1.119e-8, 3.000e+1
0.010, 7.703e-9, -1.111e-8, 3.033e+1
0.009, 7.755e-9, -1.103e-8, 3.067e+1
0.008, 7.815e-9, -1.096e-8, 3.100e+1
0.007, 7.894e-9, -1.089e-8, 3.133e+1
0.006, 7.918e-9, -1.081e-8, 3.167e+1
0.005, 7.958e-9, -1.074e-8, 3.200e+1
0.004, 8.012e-9, -1.068e-8, 3.233e+1
0.003, 8.052e-9, -1.060e-8, 3.267e+1
0.002, 8.108e-9, -1.053e-8, 3.300e+1
0.001, 8.160e-9, -1.046e-8, 3.333e+1
-0.000, 8.250e-9, -1.035e-8, 3.367e+1
-0.001, 8.299e-9, -1.027e-8, 3.400e+1
-0.002, 8.309e-9, -1.020e-8, 3.433e+1
-0.003, 8.370e-9, -1.014e-8, 3.467e+1
-0.004, 8.417e-9, -1.006e-8, 3.500e+1
-0.005, 8.446e-9, -9.993e-9, 3.533e+1
-0.006, 8.508e-9, -9.972e-9, 3.567e+1
-0.007, 8.546e-9, -9.924e-9, 3.600e+1
-0.008, 8.573e-9, -9.856e-9, 3.633e+1
-0.009, 8.629e-9, -9.802e-9, 3.667e+1
-0.010, 8.657e-9, -9.739e-9, 3.700e+1
-0.011, 8.700e-9, -9.680e-9, 3.733e+1
-0.012, 8.739e-9, -9.634e-9, 3.767e+1
-0.013, 8.770e-9, -9.578e-9, 3.800e+1
-0.014, 8.824e-9, -9.517e-9, 3.833e+1
-0.015, 8.864e-9, -9.464e-9, 3.867e+1
-0.016, 8.903e-9, -9.412e-9, 3.900e+1
-0.017, 8.961e-9, -9.370e-9, 3.933e+1
-0.018, 8.996e-9, -9.337e-9, 3.967e+1
-0.019, 9.044e-9, -9.296e-9, 4.000e+1
-0.020, 9.095e-9, -9.242e-9, 4.033e+1
-0.021, 9.119e-9, -9.191e-9, 4.067e+1
-0.022, 9.156e-9, -9.144e-9, 4.100e+1
-0.023, 9.194e-9, -9.093e-9, 4.133e+1
-0.024, 9.231e-9, -9.051e-9, 4.167e+1
-0.025, 9.281e-9, -9.010e-9, 4.200e+1
-0.026, 9.311e-9, -8.957e-9, 4.233e+1
-0.027, 9.361e-9, -8.914e-9, 4.267e+1
-0.028, 9.389e-9, -8.876e-9, 4.300e+1
-0.029, 9.370e-9, -8.848e-9, 4.333e+1
-0.030, 9.434e-9, -8.808e-9, 4.367e+1
-0.031, 9.393e-9, -8.822e-9, 4.400e+1
-0.032, 9.442e-9, -8.762e-9, 4.433e+1
-0.033, 9.615e-9, -8.651e-9, 4.467e+1
-0.034, 9.672e-9, -8.589e-9, 4.500e+1
-0.035, 9.704e-9, -8.560e-9, 4.533e+1
-0.036, 9.753e-9, -8.531e-9, 4.567e+1
-0.037, 9.783e-9, -8.497e-9, 4.600e+1
-0.038, 9.817e-9, -8.458e-9, 4.633e+1
-0.039, 9.875e-9, -8.426e-9, 4.667e+1
-0.040, 9.926e-9, -8.387e-9, 4.700e+1
-0.041, 9.961e-9, -8.356e-9, 4.733e+1
-0.042, 9.998e-9, -8.320e-9, 4.767e+1
-0.043, 1.004e-8, -8.294e-9, 4.800e+1
-0.044, 1.011e-8, -8.257e-9, 4.833e+1
-0.045, 1.015e-8, -8.222e-9, 4.867e+1
-0.046, 1.020e-8, -8.178e-9, 4.900e+1
-0.047, 1.025e-8, -8.148e-9, 4.933e+1
-0.048, 1.030e-8, -8.128e-9, 4.967e+1
-0.049, 1.035e-8, -8.087e-9, 5.000e+1
-0.050, 1.040e-8, -8.061e-9, 5.033e+1
-0.051, 1.046e-8, -8.037e-9, 5.067e+1
-0.052, 1.051e-8, -7.998e-9, 5.100e+1
-0.053, 1.056e-8, -7.966e-9, 5.133e+1
-0.054, 1.061e-8, -7.935e-9, 5.167e+1
-0.055, 1.066e-8, -7.907e-9, 5.200e+1
-0.056, 1.072e-8, -7.860e-9, 5.233e+1
-0.057, 1.078e-8, -7.833e-9, 5.267e+1
-0.058, 1.082e-8, -7.793e-9, 5.300e+1
-0.059, 1.087e-8, -7.774e-9, 5.333e+1
-0.060, 1.094e-8, -7.741e-9, 5.367e+1
-0.061, 1.096e-8, -7.719e-9, 5.400e+1
-0.062, 1.102e-8, -7.701e-9, 5.433e+1
-0.063, 1.109e-8, -7.678e-9, 5.467e+1
-0.064, 1.115e-8, -7.643e-9, 5.500e+1
-0.065, 1.120e-8, -7.617e-9, 5.533e+1
-0.066, 1.124e-8, -7.592e-9, 5.567e+1
-0.067, 1.131e-8, -7.559e-9, 5.600e+1
-0.068, 1.138e-8, -7.528e-9, 5.633e+1
-0.069, 1.143e-8, -7.498e-9, 5.667e+1
-0.070, 1.150e-8, -7.468e-9, 5.700e+1
-0.071, 1.155e-8, -7.458e-9, 5.733e+1
-0.072, 1.159e-8, -7.436e-9, 5.767e+1
-0.073, 1.166e-8, -7.423e-9, 5.800e+1
-0.074, 1.171e-8, -7.399e-9, 5.833e+1
-0.075, 1.177e-8, -7.372e-9, 5.867e+1
-0.076, 1.183e-8, -7.359e-9, 5.900e+1
-0.077, 1.187e-8, -7.338e-9, 5.933e+1
-0.078, 1.193e-8, -7.322e-9, 5.967e+1
-0.079, 1.199e-8, -7.288e-9, 6.000e+1
-0.080, 1.204e-8, -7.261e-9, 6.033e+1
-0.081, 1.211e-8, -7.228e-9, 6.067e+1
-0.082, 1.216e-8, -7.207e-9, 6.100e+1
-0.083, 1.223e-8, -7.195e-9, 6.133e+1
-0.084, 1.229e-8, -7.169e-9, 6.167e+1
-0.085, 1.235e-8, -7.140e-9, 6.200e+1
-0.086, 1.243e-8, -7.105e-9, 6.233e+1
-0.087, 1.243e-8, -7.098e-9, 6.267e+1
-0.088, 1.250e-8, -7.066e-9, 6.300e+1
-0.089, 1.256e-8, -7.056e-9, 6.333e+1
-0.090, 1.259e-8, -7.045e-9, 6.367e+1
-0.091, 1.264e-8, -7.027e-9, 6.400e+1
-0.092, 1.270e-8, -6.991e-9, 6.433e+1
-0.093, 1.273e-8, -6.957e-9, 6.467e+1
-0.094, 1.281e-8, -6.932e-9, 6.500e+1
-0.095, 1.286e-8, -6.936e-9, 6.533e+1
-0.096, 1.292e-8, -6.924e-9, 6.567e+1
-0.097, 1.296e-8, -6.908e-9, 6.600e+1
-0.098, 1.299e-8, -6.898e-9, 6.633e+1
-0.099, 1.304e-8, -6.883e-9, 6.667e+1
-0.100, 1.310e-8, -6.860e-9, 6.700e+1
-0.101, 1.314e-8, -6.835e-9, 6.733e+1
-0.102, 1.321e-8, -6.824e-9, 6.767e+1
-0.103, 1.326e-8, -6.801e-9, 6.800e+1
-0.104, 1.330e-8, -6.782e-9, 6.833e+1
-0.105, 1.336e-8, -6.773e-9, 6.867e+1
-0.106, 1.339e-8, -6.754e-9, 6.900e+1
-0.107, 1.344e-8, -6.731e-9, 6.933e+1
-0.108, 1.349e-8, -6.700e-9, 6.967e+1
-0.109, 1.353e-8, -6.685e-9, 7.000e+1
-0.110, 1.359e-8, -6.676e-9, 7.033e+1
-0.111, 1.363e-8, -6.658e-9, 7.067e+1
-0.112, 1.366e-8, -6.643e-9, 7.100e+1
-0.113, 1.372e-8, -6.629e-9, 7.133e+1
-0.114, 1.375e-8, -6.618e-9, 7.167e+1
-0.115, 1.380e-8, -6.601e-9, 7.200e+1
-0.116, 1.384e-8, -6.584e-9, 7.233e+1
-0.117, 1.389e-8, -6.557e-9, 7.267e+1
-0.118, 1.395e-8, -6.545e-9, 7.300e+1
-0.119, 1.398e-8, -6.533e-9, 7.333e+1
-0.120, 1.402e-8, -6.514e-9, 7.367e+1
-0.121, 1.407e-8, -6.507e-9, 7.400e+1
-0.122, 1.410e-8, -6.489e-9, 7.433e+1
-0.123, 1.413e-8, -6.474e-9, 7.467e+1
-0.124, 1.420e-8, -6.461e-9, 7.500e+1
-0.125, 1.418e-8, -6.456e-9, 7.533e+1
-0.126, 1.419e-8, -6.468e-9, 7.567e+1
-0.127, 1.428e-8, -6.434e-9, 7.600e+1
-0.128, 1.445e-8, -6.397e-9, 7.633e+1
-0.129, 1.447e-8, -6.371e-9, 7.667e+1
-0.130, 1.437e-8, -6.369e-9, 7.700e+1
-0.131, 1.439e-8, -6.370e-9, 7.733e+1
-0.132, 1.446e-8, -6.344e-9, 7.767e+1
-0.133, 1.450e-8, -6.324e-9, 7.800e+1
-0.134, 1.458e-8, -6.313e-9, 7.833e+1
-0.135, 1.458e-8, -6.306e-9, 7.867e+1
-0.136, 1.461e-8, -6.307e-9, 7.900e+1
-0.137, 1.464e-8, -6.284e-9, 7.933e+1
-0.138, 1.466e-8, -6.269e-9, 7.967e+1
-0.139, 1.472e-8, -6.259e-9, 8.000e+1
-0.140, 1.476e-8, -6.240e-9, 8.033e+1
-0.141, 1.480e-8, -6.211e-9, 8.067e+1
-0.142, 1.485e-8, -6.187e-9, 8.100e+1
-0.143, 1.488e-8, -6.196e-9, 8.133e+1
-0.144, 1.492e-8, -6.189e-9, 8.167e+1
-0.145, 1.496e-8, -6.172e-9, 8.200e+1
-0.146, 1.499e-8, -6.151e-9, 8.233e+1
-0.147, 1.503e-8, -6.142e-9, 8.267e+1
-0.148, 1.505e-8, -6.133e-9, 8.300e+1
-0.149, 1.507e-8, -6.135e-9, 8.333e+1
-0.150, 1.511e-8, -6.117e-9, 8.367e+1
-0.151, 1.512e-8, -6.100e-9, 8.400e+1
-0.152, 1.516e-8, -6.087e-9, 8.433e+1
-0.153, 1.520e-8, -6.090e-9, 8.467e+1
-0.154, 1.521e-8, -6.078e-9, 8.500e+1
-0.155, 1.525e-8, -6.066e-9, 8.533e+1
-0.156, 1.529e-8, -6.063e-9, 8.567e+1
-0.157, 1.530e-8, -6.070e-9, 8.600e+1
-0.158, 1.535e-8, -6.050e-9, 8.633e+1
-0.159, 1.537e-8, -6.031e-9, 8.667e+1
-0.160, 1.539e-8, -6.022e-9, 8.700e+1
-0.161, 1.542e-8, -6.001e-9, 8.733e+1
-0.162, 1.543e-8, -5.976e-9, 8.767e+1
-0.163, 1.547e-8, -5.961e-9, 8.800e+1
-0.164, 1.549e-8, -5.959e-9, 8.833e+1
-0.165, 1.552e-8, -5.936e-9, 8.867e+1
-0.166, 1.555e-8, -5.927e-9, 8.900e+1
-0.167, 1.557e-8, -5.904e-9, 8.933e+1
-0.168, 1.560e-8, -5.911e-9, 8.967e+1
-0.169, 1.563e-8, -5.908e-9, 9.000e+1
-0.170, 1.564e-8, -5.910e-9, 9.033e+1
-0.171, 1.566e-8, -5.924e-9, 9.067e+1
-0.172, 1.569e-8, -5.894e-9, 9.100e+1
-0.173, 1.570e-8, -5.871e-9, 9.133e+1
-0.174, 1.573e-8, -5.862e-9, 9.167e+1
-0.175, 1.577e-8, -5.859e-9, 9.200e+1
-0.176, 1.578e-8, -5.845e-9, 9.233e+1
-0.177, 1.581e-8, -5.836e-9, 9.267e+1
-0.178, 1.582e-8, -5.823e-9, 9.300e+1
-0.179, 1.584e-8, -5.823e-9, 9.333e+1
-0.180, 1.587e-8, -5.807e-9, 9.367e+1
-0.181, 1.590e-8, -5.790e-9, 9.400e+1
-0.182, 1.591e-8, -5.792e-9, 9.433e+1
-0.183, 1.593e-8, -5.784e-9, 9.467e+1
-0.184, 1.595e-8, -5.781e-9, 9.500e+1
-0.185, 1.597e-8, -5.786e-9, 9.533e+1
-0.186, 1.599e-8, -5.769e-9, 9.567e+1
-0.187, 1.602e-8, -5.755e-9, 9.600e+1
-0.188, 1.604e-8, -5.754e-9, 9.633e+1
-0.189, 1.605e-8, -5.741e-9, 9.667e+1
-0.190, 1.608e-8, -5.732e-9, 9.700e+1
-0.191, 1.611e-8, -5.719e-9, 9.733e+1
-0.192, 1.611e-8, -5.703e-9, 9.767e+1
-0.193, 1.614e-8, -5.702e-9, 9.800e+1
-0.194, 1.616e-8, -5.685e-9, 9.833e+1
-0.195, 1.620e-8, -5.681e-9, 9.867e+1
-0.196, 1.622e-8, -5.674e-9, 9.900e+1
-0.197, 1.623e-8, -5.669e-9, 9.933e+1
-0.198, 1.627e-8, -5.667e-9, 9.967e+1
-0.199, 1.629e-8, -5.651e-9, 1.000e+2
-0.200, 1.630e-8, -5.644e-9, 1.003e+2
-0.201, 1.631e-8, -5.643e-9, 1.007e+2
-0.202, 1.633e-8, -5.630e-9, 1.010e+2
-0.203, 1.635e-8, -5.635e-9, 1.013e+2
-0.204, 1.637e-8, -5.624e-9, 1.017e+2
-0.205, 1.641e-8, -5.594e-9, 1.020e+2
-0.206, 1.644e-8, -5.583e-9, 1.023e+2
-0.207, 1.646e-8, -5.579e-9, 1.027e+2
-0.208, 1.647e-8, -5.567e-9, 1.030e+2
-0.209, 1.650e-8, -5.570e-9, 1.033e+2
-0.210, 1.652e-8, -5.561e-9, 1.037e+2
-0.211, 1.655e-8, -5.574e-9, 1.040e+2
-0.212, 1.657e-8, -5.565e-9, 1.043e+2
-0.213, 1.659e-8, -5.558e-9, 1.047e+2
-0.214, 1.662e-8, -5.561e-9, 1.050e+2
-0.215, 1.664e-8, -5.563e-9, 1.053e+2
-0.216, 1.666e-8, -5.537e-9, 1.057e+2
-0.217, 1.669e-8, -5.525e-9, 1.060e+2
-0.218, 1.670e-8, -5.527e-9, 1.063e+2
-0.219, 1.673e-8, -5.507e-9, 1.067e+2
-0.220, 1.676e-8, -5.501e-9, 1.070e+2
-0.221, 1.676e-8, -5.503e-9, 1.073e+2
-0.222, 1.679e-8, -5.493e-9, 1.077e+2
-0.223, 1.683e-8, -5.479e-9, 1.080e+2
-0.224, 1.685e-8, -5.480e-9, 1.083e+2
-0.225, 1.689e-8, -5.469e-9, 1.087e+2
-0.226, 1.690e-8, -5.467e-9, 1.090e+2
-0.227, 1.693e-8, -5.462e-9, 1.093e+2
-0.228, 1.696e-8, -5.451e-9, 1.097e+2
-0.229, 1.697e-8, -5.443e-9, 1.100e+2
-0.230, 1.700e-8, -5.457e-9, 1.103e+2
-0.231, 1.701e-8, -5.450e-9, 1.107e+2
-0.232, 1.704e-8, -5.436e-9, 1.110e+2
-0.233, 1.708e-8, -5.418e-9, 1.113e+2
-0.234, 1.709e-8, -5.397e-9, 1.117e+2
-0.235, 1.713e-8, -5.397e-9, 1.120e+2
-0.236, 1.714e-8, -5.414e-9, 1.123e+2
-0.237, 1.718e-8, -5.418e-9, 1.127e+2
-0.238, 1.721e-8, -5.402e-9, 1.130e+2
-0.239, 1.723e-8, -5.402e-9, 1.133e+2
-0.240, 1.725e-8, -5.396e-9, 1.137e+2
-0.241, 1.728e-8, -5.390e-9, 1.140e+2
-0.242, 1.727e-8, -5.369e-9, 1.143e+2
-0.243, 1.731e-8, -5.346e-9, 1.147e+2
-0.244, 1.735e-8, -5.349e-9, 1.150e+2
-0.245, 1.736e-8, -5.350e-9, 1.153e+2
-0.246, 1.739e-8, -5.331e-9, 1.157e+2
-0.247, 1.741e-8, -5.339e-9, 1.160e+2
-0.248, 1.745e-8, -5.346e-9, 1.163e+2
-0.249, 1.748e-8, -5.343e-9, 1.167e+2
-0.250, 1.750e-8, -5.333e-9, 1.170e+2
-0.251, 1.754e-8, -5.336e-9, 1.173e+2
-0.252, 1.758e-8, -5.334e-9, 1.177e+2
-0.253, 1.759e-8, -5.316e-9, 1.180e+2
-0.254, 1.761e-8, -5.307e-9, 1.183e+2
-0.255, 1.765e-8, -5.311e-9, 1.187e+2
-0.256, 1.767e-8, -5.306e-9, 1.190e+2
-0.257, 1.770e-8, -5.299e-9, 1.193e+2
-0.258, 1.771e-8, -5.295e-9, 1.197e+2
-0.259, 1.775e-8, -5.295e-9, 1.200e+2
-0.260, 1.779e-8, -5.278e-9, 1.203e+2
-0.261, 1.781e-8, -5.281e-9, 1.207e+2
-0.262, 1.784e-8, -5.275e-9, 1.210e+2
-0.263, 1.787e-8, -5.271e-9, 1.213e+2
-0.264, 1.790e-8, -5.267e-9, 1.217e+2
-0.265, 1.794e-8, -5.261e-9, 1.220e+2
-0.266, 1.796e-8, -5.262e-9, 1.223e+2
-0.267, 1.801e-8, -5.266e-9, 1.227e+2
-0.268, 1.804e-8, -5.253e-9, 1.230e+2
-0.269, 1.805e-8, -5.246e-9, 1.233e+2
-0.270, 1.810e-8, -5.232e-9, 1.237e+2
-0.271, 1.812e-8, -5.215e-9, 1.240e+2
-0.272, 1.813e-8, -5.199e-9, 1.243e+2
-0.273, 1.817e-8, -5.193e-9, 1.247e+2
-0.274, 1.822e-8, -5.202e-9, 1.250e+2
-0.275, 1.825e-8, -5.213e-9, 1.253e+2
-0.276, 1.827e-8, -5.208e-9, 1.257e+2
-0.277, 1.830e-8, -5.210e-9, 1.260e+2
-0.278, 1.833e-8, -5.214e-9, 1.263e+2
-0.279, 1.837e-8, -5.207e-9, 1.267e+2
-0.280, 1.840e-8, -5.212e-9, 1.270e+2
-0.281, 1.844e-8, -5.215e-9, 1.273e+2
-0.282, 1.846e-8, -5.212e-9, 1.277e+2
-0.283, 1.849e-8, -5.201e-9, 1.280e+2
-0.284, 1.853e-8, -5.190e-9, 1.283e+2
-0.285, 1.854e-8, -5.201e-9, 1.287e+2
-0.286, 1.859e-8, -5.173e-9, 1.290e+2
-0.287, 1.863e-8, -5.161e-9, 1.293e+2
-0.288, 1.866e-8, -5.168e-9, 1.297e+2
-0.289, 1.870e-8, -5.163e-9, 1.300e+2
-0.290, 1.873e-8, -5.148e-9, 1.303e+2
-0.291, 1.876e-8, -5.129e-9, 1.307e+2
-0.292, 1.880e-8, -5.141e-9, 1.310e+2
-0.293, 1.882e-8, -5.152e-9, 1.313e+2
-0.294, 1.885e-8, -5.152e-9, 1.317e+2
-0.295, 1.889e-8, -5.142e-9, 1.320e+2
-0.296, 1.892e-8, -5.151e-9, 1.323e+2
-0.297, 1.897e-8, -5.148e-9, 1.327e+2
-0.298, 1.898e-8, -5.125e-9, 1.330e+2
-0.299, 1.904e-8, -5.115e-9, 1.333e+2
-0.300, 1.907e-8, -5.113e-9, 1.337e+2
-0.301, 1.910e-8, -5.119e-9, 1.340e+2
-0.302, 1.914e-8, -5.111e-9, 1.343e+2
-0.303, 1.918e-8, -5.106e-9, 1.347e+2
-0.304, 1.921e-8, -5.098e-9, 1.350e+2
-0.305, 1.926e-8, -5.106e-9, 1.353e+2
-0.306, 1.929e-8, -5.106e-9, 1.357e+2
-0.307, 1.935e-8, -5.092e-9, 1.360e+2
-0.308, 1.940e-8, -5.083e-9, 1.363e+2
-0.309, 1.941e-8, -5.080e-9, 1.367e+2
-0.310, 1.944e-8, -5.086e-9, 1.370e+2
-0.311, 1.947e-8, -5.086e-9, 1.373e+2
-0.312, 1.951e-8, -5.069e-9, 1.377e+2
-0.313, 1.956e-8, -5.071e-9, 1.380e+2
-0.314, 1.958e-8, -5.074e-9, 1.383e+2
-0.315, 1.962e-8, -5.080e-9, 1.387e+2
-0.316, 1.968e-8, -5.083e-9, 1.390e+2
-0.317, 1.969e-8, -5.066e-9, 1.393e+2
-0.318, 1.975e-8, -5.063e-9, 1.397e+2
-0.319, 1.978e-8, -5.069e-9, 1.400e+2
-0.320, 1.980e-8, -5.067e-9, 1.403e+2
-0.321, 1.984e-8, -5.050e-9, 1.407e+2
-0.322, 1.987e-8, -5.050e-9, 1.410e+2
-0.323, 1.991e-8, -5.040e-9, 1.413e+2
-0.324, 1.995e-8, -5.039e-9, 1.417e+2
-0.325, 1.999e-8, -5.047e-9, 1.420e+2
-0.326, 2.004e-8, -5.044e-9, 1.423e+2
-0.327, 2.008e-8, -5.031e-9, 1.427e+2
-0.328, 2.012e-8, -5.021e-9, 1.430e+2
-0.329, 2.016e-8, -5.031e-9, 1.433e+2
-0.330, 2.019e-8, -5.043e-9, 1.437e+2
-0.331, 2.024e-8, -5.030e-9, 1.440e+2
-0.332, 2.029e-8, -5.037e-9, 1.443e+2
-0.333, 2.032e-8, -5.037e-9, 1.447e+2
-0.334, 2.036e-8, -5.035e-9, 1.450e+2
-0.335, 2.039e-8, -5.032e-9, 1.453e+2
-0.336, 2.045e-8, -5.012e-9, 1.457e+2
-0.337, 2.048e-8, -5.007e-9, 1.460e+2
-0.338, 2.051e-8, -5.001e-9, 1.463e+2
-0.339, 2.055e-8, -5.011e-9, 1.467e+2
-0.340, 2.059e-8, -5.014e-9, 1.470e+2
-0.341, 2.062e-8, -5.026e-9, 1.473e+2
-0.342, 2.068e-8, -5.022e-9, 1.477e+2
-0.343, 2.071e-8, -5.006e-9, 1.480e+2
-0.344, 2.073e-8, -5.004e-9, 1.483e+2
-0.345, 2.079e-8, -5.009e-9, 1.487e+2
-0.346, 2.081e-8, -5.005e-9, 1.490e+2
-0.347, 2.086e-8, -5.011e-9, 1.493e+2
-0.348, 2.093e-8, -5.015e-9, 1.497e+2
-0.349, 2.095e-8, -4.993e-9, 1.500e+2
-0.350, 2.099e-8, -5.002e-9, 1.503e+2
-0.351, 2.102e-8, -5.014e-9, 1.507e+2
-0.352, 2.107e-8, -5.008e-9, 1.510e+2
-0.353, 2.115e-8, -4.991e-9, 1.513e+2
-0.354, 2.117e-8, -4.993e-9, 1.517e+2
-0.355, 2.119e-8, -4.991e-9, 1.520e+2
-0.356, 2.125e-8, -4.998e-9, 1.523e+2
-0.357, 2.120e-8, -5.028e-9, 1.527e+2
-0.358, 2.127e-8, -5.025e-9, 1.530e+2
-0.359, 2.132e-8, -5.004e-9, 1.533e+2
-0.360, 2.137e-8, -4.991e-9, 1.537e+2
-0.361, 2.143e-8, -4.987e-9, 1.540e+2
-0.362, 2.143e-8, -5.007e-9, 1.543e+2
-0.363, 2.147e-8, -5.005e-9, 1.547e+2
-0.364, 2.154e-8, -4.989e-9, 1.550e+2
-0.365, 2.159e-8, -4.995e-9, 1.553e+2
-0.366, 2.161e-8, -4.985e-9, 1.557e+2
-0.367, 2.164e-8, -5.001e-9, 1.560e+2
-0.368, 2.168e-8, -5.005e-9, 1.563e+2
-0.369, 2.173e-8, -5.014e-9, 1.567e+2
-0.370, 2.177e-8, -5.001e-9, 1.570e+2
-0.371, 2.179e-8, -4.999e-9, 1.573e+2
-0.372, 2.185e-8, -5.002e-9, 1.577e+2
-0.373, 2.188e-8, -5.005e-9, 1.580e+2
-0.374, 2.203e-8, -4.952e-9, 1.583e+2
-0.375, 2.207e-8, -4.940e-9, 1.587e+2
-0.376, 2.206e-8, -4.957e-9, 1.590e+2
-0.377, 2.204e-8, -5.000e-9, 1.593e+2
-0.378, 2.201e-8, -5.025e-9, 1.597e+2
-0.379, 2.207e-8, -5.005e-9, 1.600e+2
-0.380, 2.213e-8, -5.021e-9, 1.603e+2
-0.381, 2.215e-8, -5.022e-9, 1.607e+2
-0.382, 2.220e-8, -5.019e-9, 1.610e+2
-0.383, 2.224e-8, -5.027e-9, 1.613e+2
-0.384, 2.227e-8, -5.051e-9, 1.617e+2
-0.385, 2.231e-8, -5.052e-9, 1.620e+2
-0.386, 2.234e-8, -5.047e-9, 1.623e+2
-0.387, 2.237e-8, -5.045e-9, 1.627e+2
-0.388, 2.242e-8, -5.037e-9, 1.630e+2
-0.389, 2.246e-8, -5.051e-9, 1.633e+2
-0.390, 2.248e-8, -5.059e-9, 1.637e+2
-0.391, 2.252e-8, -5.060e-9, 1.640e+2
-0.392, 2.254e-8, -5.065e-9, 1.643e+2
-0.393, 2.258e-8, -5.064e-9, 1.647e+2
-0.394, 2.259e-8, -5.078e-9, 1.650e+2
-0.395, 2.265e-8, -5.067e-9, 1.653e+2
-0.396, 2.269e-8, -5.060e-9, 1.657e+2
-0.397, 2.270e-8, -5.054e-9, 1.660e+2
-0.398, 2.274e-8, -5.048e-9, 1.663e+2
-0.399, 2.277e-8, -5.063e-9, 1.667e+2
-0.400, 2.279e-8, -5.071e-9, 1.670e+2
-0.401, 2.283e-8, -5.071e-9, 1.673e+2
-0.402, 2.284e-8, -5.082e-9, 1.677e+2
-0.403, 2.290e-8, -5.092e-9, 1.680e+2
-0.404, 2.292e-8, -5.090e-9, 1.683e+2
-0.405, 2.294e-8, -5.090e-9, 1.687e+2
-0.406, 2.298e-8, -5.109e-9, 1.690e+2
-0.407, 2.300e-8, -5.110e-9, 1.693e+2
-0.408, 2.303e-8, -5.102e-9, 1.697e+2
-0.409, 2.306e-8, -5.105e-9, 1.700e+2
-0.410, 2.312e-8, -5.100e-9, 1.703e+2
-0.411, 2.314e-8, -5.103e-9, 1.707e+2
-0.412, 2.317e-8, -5.099e-9, 1.710e+2
-0.413, 2.318e-8, -5.090e-9, 1.713e+2
-0.414, 2.322e-8, -5.096e-9, 1.717e+2
-0.415, 2.323e-8, -5.111e-9, 1.720e+2
-0.416, 2.326e-8, -5.126e-9, 1.723e+2
-0.417, 2.329e-8, -5.131e-9, 1.727e+2
-0.418, 2.331e-8, -5.123e-9, 1.730e+2
-0.419, 2.336e-8, -5.141e-9, 1.733e+2
-0.420, 2.338e-8, -5.156e-9, 1.737e+2
-0.421, 2.341e-8, -5.162e-9, 1.740e+2
-0.422, 2.344e-8, -5.167e-9, 1.743e+2
-0.423, 2.345e-8, -5.169e-9, 1.747e+2
-0.424, 2.349e-8, -5.178e-9, 1.750e+2
-0.425, 2.361e-8, -5.168e-9, 1.753e+2
-0.426, 2.358e-8, -5.181e-9, 1.757e+2
-0.427, 2.360e-8, -5.207e-9, 1.760e+2
-0.428, 2.361e-8, -5.209e-9, 1.763e+2
-0.429, 2.364e-8, -5.208e-9, 1.767e+2
-0.430, 2.367e-8, -5.203e-9, 1.770e+2
-0.431, 2.369e-8, -5.219e-9, 1.773e+2
-0.432, 2.372e-8, -5.246e-9, 1.777e+2
-0.433, 2.376e-8, -5.279e-9, 1.780e+2
-0.434, 2.378e-8, -5.286e-9, 1.783e+2
-0.435, 2.381e-8, -5.286e-9, 1.787e+2
-0.436, 2.384e-8, -5.277e-9, 1.790e+2
-0.437, 2.387e-8, -5.295e-9, 1.793e+2
-0.438, 2.391e-8, -5.278e-9, 1.797e+2
-0.439, 2.394e-8, -5.308e-9, 1.800e+2
-0.440, 2.395e-8, -5.329e-9, 1.803e+2
-0.441, 2.400e-8, -5.331e-9, 1.807e+2
-0.442, 2.403e-8, -5.344e-9, 1.810e+2
-0.443, 2.407e-8, -5.346e-9, 1.813e+2
-0.444, 2.411e-8, -5.355e-9, 1.817e+2
-0.445, 2.415e-8, -5.368e-9, 1.820e+2
-0.446, 2.420e-8, -5.375e-9, 1.823e+2
-0.447, 2.424e-8, -5.394e-9, 1.827e+2
-0.448, 2.426e-8, -5.408e-9, 1.830e+2
-0.449, 2.432e-8, -5.414e-9, 1.833e+2
-0.450, 2.435e-8, -5.425e-9, 1.837e+2
-0.451, 2.438e-8, -5.444e-9, 1.840e+2
-0.452, 2.441e-8, -5.463e-9, 1.843e+2
-0.453, 2.446e-8, -5.480e-9, 1.847e+2
-0.454, 2.449e-8, -5.506e-9, 1.850e+2
-0.455, 2.453e-8, -5.506e-9, 1.853e+2
-0.456, 2.458e-8, -5.509e-9, 1.857e+2
-0.457, 2.465e-8, -5.521e-9, 1.860e+2
-0.458, 2.466e-8, -5.542e-9, 1.863e+2
-0.459, 2.473e-8, -5.563e-9, 1.867e+2
-0.460, 2.476e-8, -5.592e-9, 1.870e+2
-0.461, 2.481e-8, -5.593e-9, 1.873e+2
-0.462, 2.486e-8, -5.590e-9, 1.877e+2
-0.463, 2.491e-8, -5.598e-9, 1.880e+2
-0.464, 2.495e-8, -5.642e-9, 1.883e+2
-0.465, 2.499e-8, -5.663e-9, 1.887e+2
-0.466, 2.505e-8, -5.675e-9, 1.890e+2
-0.467, 2.511e-8, -5.697e-9, 1.893e+2
-0.468, 2.516e-8, -5.717e-9, 1.897e+2
-0.469, 2.520e-8, -5.742e-9, 1.900e+2
-0.470, 2.527e-8, -5.762e-9, 1.903e+2
-0.471, 2.532e-8, -5.779e-9, 1.907e+2
-0.472, 2.538e-8, -5.779e-9, 1.910e+2
-0.473, 2.542e-8, -5.794e-9, 1.913e+2
-0.474, 2.547e-8, -5.824e-9, 1.917e+2
-0.475, 2.553e-8, -5.843e-9, 1.920e+2
-0.476, 2.560e-8, -5.870e-9, 1.923e+2
-0.477, 2.564e-8, -5.904e-9, 1.927e+2
-0.478, 2.571e-8, -5.923e-9, 1.930e+2
-0.479, 2.578e-8, -5.938e-9, 1.933e+2
-0.480, 2.585e-8, -5.954e-9, 1.937e+2
-0.481, 2.592e-8, -5.998e-9, 1.940e+2
-0.482, 2.596e-8, -6.028e-9, 1.943e+2
-0.483, 2.603e-8, -6.058e-9, 1.947e+2
-0.484, 2.610e-8, -6.080e-9, 1.950e+2
-0.485, 2.616e-8, -6.087e-9, 1.953e+2
-0.486, 2.622e-8, -6.126e-9, 1.957e+2
-0.487, 2.628e-8, -6.169e-9, 1.960e+2
-0.488, 2.635e-8, -6.183e-9, 1.963e+2
-0.489, 2.643e-8, -6.210e-9, 1.967e+2
-0.490, 2.648e-8, -6.248e-9, 1.970e+2
-0.491, 2.656e-8, -6.282e-9, 1.973e+2
-0.492, 2.663e-8, -6.311e-9, 1.977e+2
-0.493, 2.670e-8, -6.331e-9, 1.980e+2
-0.494, 2.677e-8, -6.367e-9, 1.983e+2
-0.495, 2.684e-8, -6.397e-9, 1.987e+2
-0.496, 2.691e-8, -6.431e-9, 1.990e+2
-0.497, 2.700e-8, -6.475e-9, 1.993e+2
-0.498, 2.707e-8, -6.513e-9, 1.997e+2
-0.499, 2.715e-8, -6.548e-9, 2.000e+2
-0.500, 2.580e-8, -6.567e-9, 2.003e+2
-0.499, 2.213e-8, -6.551e-9, 2.007e+2
-0.498, 1.999e-8, -6.497e-9, 2.010e+2
-0.497, 1.847e-8, -6.436e-9, 2.013e+2
-0.496, 1.724e-8, -6.370e-9, 2.017e+2
-0.495, 1.614e-8, -6.311e-9, 2.020e+2
-0.494, 1.521e-8, -6.247e-9, 2.023e+2
-0.493, 1.434e-8, -6.170e-9, 2.027e+2
-0.492, 1.353e-8, -6.106e-9, 2.030e+2
-0.491, 1.281e-8, -6.061e-9, 2.033e+2
-0.490, 1.213e-8, -6.014e-9, 2.037e+2
-0.489, 1.149e-8, -5.956e-9, 2.040e+2
-0.488, 1.089e-8, -5.915e-9, 2.043e+2
-0.487, 1.032e-8, -5.877e-9, 2.047e+2
-0.486, 9.799e-9, -5.808e-9, 2.050e+2
-0.485, 9.281e-9, -5.765e-9, 2.053e+2
-0.484, 8.757e-9, -5.735e-9, 2.057e+2
-0.483, 8.285e-9, -5.688e-9, 2.060e+2
-0.482, 7.828e-9, -5.651e-9, 2.063e+2
-0.481, 7.382e-9, -5.599e-9, 2.067e+2
-0.480, 6.998e-9, -5.538e-9, 2.070e+2
-0.479, 6.589e-9, -5.490e-9, 2.073e+2
-0.478, 6.216e-9, -5.444e-9, 2.077e+2
-0.477, 5.855e-9, -5.407e-9, 2.080e+2
-0.476, 5.486e-9, -5.386e-9, 2.083e+2
-0.475, 5.146e-9, -5.375e-9, 2.087e+2
-0.474, 4.806e-9, -5.344e-9, 2.090e+2
-0.473, 4.466e-9, -5.307e-9, 2.093e+2
-0.472, 4.161e-9, -5.280e-9, 2.097e+2
-0.471, 3.835e-9, -5.252e-9, 2.100e+2
-0.470, 3.530e-9, -5.225e-9, 2.103e+2
-0.469, 3.234e-9, -5.182e-9, 2.107e+2
-0.468, 2.930e-9, -5.141e-9, 2.110e+2
-0.467, 2.670e-9, -5.121e-9, 2.113e+2
-0.466, 2.405e-9, -5.123e-9, 2.117e+2
-0.465, 2.158e-9, -5.099e-9, 2.120e+2
-0.464, 1.910e-9, -5.056e-9, 2.123e+2
-0.463, 1.646e-9, -5.025e-9, 2.127e+2
-0.462, 1.424e-9, -5.012e-9, 2.130e+2
-0.461, 1.184e-9, -5.009e-9, 2.133e+2
-0.460, 9.473e-10, -4.976e-9, 2.137e+2
-0.459, 7.418e-10, -4.963e-9, 2.140e+2
-0.458, 5.446e-10, -4.939e-9, 2.143e+2
-0.457, 3.155e-10, -4.934e-9, 2.147e+2
-0.456, 9.106e-11, -4.903e-9, 2.150e+2
-0.455, -1.121e-10, -4.866e-9, 2.153e+2
-0.454, -2.940e-10, -4.832e-9, 2.157e+2
-0.453, -4.782e-10, -4.829e-9, 2.160e+2
-0.452, -6.672e-10, -4.820e-9, 2.163e+2
-0.451, -8.160e-10, -4.798e-9, 2.167e+2
-0.450, -1.004e-9, -4.768e-9, 2.170e+2
-0.449, -1.193e-9, -4.749e-9, 2.173e+2
-0.448, -1.353e-9, -4.748e-9, 2.177e+2
-0.447, -1.538e-9, -4.736e-9, 2.180e+2
-0.446, -1.688e-9, -4.705e-9, 2.183e+2
-0.445, -1.851e-9, -4.682e-9, 2.187e+2
-0.444, -2.015e-9, -4.677e-9, 2.190e+2
-0.443, -2.154e-9, -4.664e-9, 2.193e+2
-0.442, -2.316e-9, -4.653e-9, 2.197e+2
-0.441, -2.456e-9, -4.636e-9, 2.200e+2
-0.440, -2.591e-9, -4.625e-9, 2.203e+2
-0.439, -2.738e-9, -4.601e-9, 2.207e+2
-0.438, -2.845e-9, -4.569e-9, 2.210e+2
-0.437, -3.017e-9, -4.577e-9, 2.213e+2
-0.436, -3.143e-9, -4.560e-9, 2.217e+2
-0.435, -3.257e-9, -4.554e-9, 2.220e+2
-0.434, -3.407e-9, -4.543e-9, 2.223e+2
-0.433, -3.536e-9, -4.520e-9, 2.227e+2
-0.432, -3.636e-9, -4.504e-9, 2.230e+2
-0.431, -3.759e-9, -4.473e-9, 2.233e+2
-0.430, -3.881e-9, -4.473e-9, 2.237e+2
-0.429, -3.980e-9, -4.469e-9, 2.240e+2
-0.428, -4.100e-9, -4.449e-9, 2.243e+2
-0.427, -4.209e-9, -4.442e-9, 2.247e+2
-0.426, -4.320e-9, -4.442e-9, 2.250e+2
-0.425, -4.437e-9, -4.434e-9, 2.253e+2
-0.424, -4.543e-9, -4.415e-9, 2.257e+2
-0.423, -4.660e-9, -4.400e-9, 2.260e+2
-0.422, -4.768e-9, -4.384e-9, 2.263e+2
-0.421, -4.863e-9, -4.391e-9, 2.267e+2
-0.420, -4.974e-9, -4.370e-9, 2.270e+2
-0.419, -5.054e-9, -4.335e-9, 2.273e+2
-0.418, -5.153e-9, -4.333e-9, 2.277e+2
-0.417, -5.238e-9, -4.348e-9, 2.280e+2
-0.416, -5.352e-9, -4.358e-9, 2.283e+2
-0.415, -5.450e-9, -4.336e-9, 2.287e+2
-0.414, -5.548e-9, -4.323e-9, 2.290e+2
-0.413, -5.628e-9, -4.313e-9, 2.293e+2
-0.412, -5.727e-9, -4.305e-9, 2.297e+2
-0.411, -5.803e-9, -4.298e-9, 2.300e+2
-0.410, -5.922e-9, -4.319e-9, 2.303e+2
-0.409, -6.008e-9, -4.303e-9, 2.307e+2
-0.408, -6.083e-9, -4.304e-9, 2.310e+2
-0.407, -6.174e-9, -4.292e-9, 2.313e+2
-0.406, -6.243e-9, -4.286e-9, 2.317e+2
-0.405, -6.329e-9, -4.276e-9, 2.320e+2
-0.404, -6.414e-9, -4.261e-9, 2.323e+2
-0.403, -6.480e-9, -4.259e-9, 2.327e+2
-0.402, -6.559e-9, -4.245e-9, 2.330e+2
-0.401, -6.637e-9, -4.233e-9, 2.333e+2
-0.400, -6.694e-9, -4.227e-9, 2.337e+2
-0.399, -6.767e-9, -4.220e-9, 2.340e+2
-0.398, -6.839e-9, -4.216e-9, 2.343e+2
-0.397, -6.909e-9, -4.202e-9, 2.347e+2
-0.396, -6.987e-9, -4.199e-9, 2.350e+2
-0.395, -7.042e-9, -4.203e-9, 2.353e+2
-0.394, -7.112e-9, -4.183e-9, 2.357e+2
-0.393, -7.195e-9, -4.174e-9, 2.360e+2
-0.392, -7.261e-9, -4.173e-9, 2.363e+2
-0.391, -7.319e-9, -4.150e-9, 2.367e+2
-0.390, -7.390e-9, -4.147e-9, 2.370e+2
-0.389, -7.457e-9, -4.154e-9, 2.373e+2
-0.388, -7.536e-9, -4.146e-9, 2.377e+2
-0.387, -7.592e-9, -4.154e-9, 2.380e+2
-0.386, -7.652e-9, -4.153e-9, 2.383e+2
-0.385, -7.705e-9, -4.146e-9, 2.387e+2
-0.384, -7.759e-9, -4.130e-9, 2.390e+2
-0.383, -7.830e-9, -4.117e-9, 2.393e+2
-0.382, -7.889e-9, -4.103e-9, 2.397e+2
-0.381, -7.966e-9, -4.104e-9, 2.400e+2
-0.380, -8.021e-9, -4.094e-9, 2.403e+2
-0.379, -8.071e-9, -4.094e-9, 2.407e+2
-0.378, -8.135e-9, -4.095e-9, 2.410e+2
-0.377, -8.187e-9, -4.081e-9, 2.413e+2
-0.376, -8.234e-9, -4.076e-9, 2.417e+2
-0.375, -8.300e-9, -4.069e-9, 2.420e+2
-0.374, -8.337e-9, -4.064e-9, 2.423e+2
-0.373, -8.401e-9, -4.052e-9, 2.427e+2
-0.372, -8.476e-9, -4.049e-9, 2.430e+2
-0.371, -8.515e-9, -4.039e-9, 2.433e+2
-0.370, -8.572e-9, -4.034e-9, 2.437e+2
-0.369, -8.620e-9, -4.027e-9, 2.440e+2
-0.368, -8.643e-9, -4.011e-9, 2.443e+2
-0.367, -8.729e-9, -4.013e-9, 2.447e+2
-0.366, -8.776e-9, -4.006e-9, 2.450e+2
-0.365, -8.822e-9, -4.000e-9, 2.453e+2
-0.364, -8.881e-9, -3.982e-9, 2.457e+2
-0.363, -8.925e-9, -3.990e-9, 2.460e+2
-0.362, -8.969e-9, -3.991e-9, 2.463e+2
-0.361, -9.017e-9, -3.990e-9, 2.467e+2
-0.360, -9.069e-9, -3.993e-9, 2.470e+2
-0.359, -9.099e-9, -3.993e-9, 2.473e+2
-0.358, -9.161e-9, -3.992e-9, 2.477e+2
-0.357, -9.206e-9, -3.982e-9, 2.480e+2
-0.356, -9.259e-9, -3.977e-9, 2.483e+2
-0.355, -9.277e-9, -3.960e-9, 2.487e+2
-0.354, -9.328e-9, -3.935e-9, 2.490e+2
-0.353, -9.394e-9, -3.920e-9, 2.493e+2
-0.352, -9.432e-9, -3.921e-9, 2.497e+2
-0.351, -9.462e-9, -3.941e-9, 2.500e+2
-0.350, -9.488e-9, -3.951e-9, 2.503e+2
-0.349, -9.534e-9, -3.943e-9, 2.507e+2
-0.348, -9.575e-9, -3.929e-9, 2.510e+2
-0.347, -9.606e-9, -3.912e-9, 2.513e+2
-0.346, -9.638e-9, -3.913e-9, 2.517e+2
-0.345, -9.687e-9, -3.920e-9, 2.520e+2
-0.344, -9.707e-9, -3.920e-9, 2.523e+2
-0.343, -9.772e-9, -3.917e-9, 2.527e+2
-0.342, -9.801e-9, -3.906e-9, 2.530e+2
-0.341, -9.832e-9, -3.906e-9, 2.533e+2
-0.340, -9.888e-9, -3.899e-9, 2.537e+2
-0.339, -9.921e-9, -3.888e-9, 2.540e+2
-0.338, -9.964e-9, -3.871e-9, 2.543e+2
-0.337, -1.000e-8, -3.870e-9, 2.547e+2
-0.336, -1.002e-8, -3.865e-9, 2.550e+2
-0.335, -1.007e-8, -3.871e-9, 2.553e+2
-0.334, -1.010e-8, -3.868e-9, 2.557e+2
-0.333, -1.012e-8, -3.861e-9, 2.560e+2
-0.332, -1.017e-8, -3.847e-9, 2.563e+2
-0.331, -1.021e-8, -3.849e-9, 2.567e+2
-0.330, -1.023e-8, -3.851e-9, 2.570e+2
-0.329, -1.027e-8, -3.847e-9, 2.573e+2
-0.328, -1.032e-8, -3.848e-9, 2.577e+2
-0.327, -1.036e-8, -3.841e-9, 2.580e+2
-0.326, -1.040e-8, -3.842e-9, 2.583e+2
-0.325, -1.044e-8, -3.831e-9, 2.587e+2
-0.324, -1.047e-8, -3.823e-9, 2.590e+2
-0.323, -1.049e-8, -3.809e-9, 2.593e+2
-0.322, -1.053e-8, -3.803e-9, 2.597e+2
-0.321, -1.055e-8, -3.780e-9, 2.600e+2
-0.320, -1.059e-8, -3.792e-9, 2.603e+2
-0.319, -1.064e-8, -3.795e-9, 2.607e+2
-0.318, -1.068e-8, -3.785e-9, 2.610e+2
-0.317, -1.071e-8, -3.796e-9, 2.613e+2
-0.316, -1.075e-8, -3.797e-9, 2.617e+2
-0.315, -1.077e-8, -3.783e-9, 2.620e+2
-0.314, -1.081e-8, -3.773e-9, 2.623e+2
-0.313, -1.085e-8, -3.780e-9, 2.627e+2
-0.312, -1.087e-8, -3.769e-9, 2.630e+2
-0.311, -1.091e-8, -3.767e-9, 2.633e+2
-0.310, -1.092e-8, -3.766e-9, 2.637e+2
-0.309, -1.096e-8, -3.767e-9, 2.640e+2
-0.308, -1.102e-8, -3.766e-9, 2.643e+2
-0.307, -1.107e-8, -3.777e-9, 2.647e+2
-0.306, -1.110e-8, -3.766e-9, 2.650e+2
-0.305, -1.113e-8, -3.752e-9, 2.653e+2
-0.304, -1.114e-8, -3.765e-9, 2.657e+2
-0.303, -1.118e-8, -3.771e-9, 2.660e+2
-0.302, -1.121e-8, -3.748e-9, 2.663e+2
-0.301, -1.124e-8, -3.735e-9, 2.667e+2
-0.300, -1.126e-8, -3.718e-9, 2.670e+2
-0.299, -1.129e-8, -3.722e-9, 2.673e+2
-0.298, -1.136e-8, -3.732e-9, 2.677e+2
-0.297, -1.135e-8, -3.717e-9, 2.680e+2
-0.296, -1.143e-8, -3.725e-9, 2.683e+2
-0.295, -1.146e-8, -3.711e-9, 2.687e+2
-0.294, -1.148e-8, -3.700e-9, 2.690e+2
-0.293, -1.152e-8, -3.707e-9, 2.693e+2
-0.292, -1.155e-8, -3.702e-9, 2.697e+2
-0.291, -1.159e-8, -3.709e-9, 2.700e+2
-0.290, -1.161e-8, -3.713e-9, 2.703e+2
-0.289, -1.163e-8, -3.709e-9, 2.707e+2
-0.288, -1.166e-8, -3.698e-9, 2.710e+2
-0.287, -1.171e-8, -3.679e-9, 2.713e+2
-0.286, -1.174e-8, -3.694e-9, 2.717e+2
-0.285, -1.178e-8, -3.695e-9, 2.720e+2
-0.284, -1.181e-8, -3.689e-9, 2.723e+2
-0.283, -1.181e-8, -3.691e-9, 2.727e+2
-0.282, -1.186e-8, -3.687e-9, 2.730e+2
-0.281, -1.190e-8, -3.674e-9, 2.733e+2
-0.280, -1.193e-8, -3.674e-9, 2.737e+2
-0.279, -1.196e-8, -3.663e-9, 2.740e+2
-0.278, -1.198e-8, -3.650e-9, 2.743e+2
-0.277, -1.201e-8, -3.647e-9, 2.747e+2
-0.276, -1.205e-8, -3.661e-9, 2.750e+2
-0.275, -1.208e-8, -3.660e-9, 2.753e+2
-0.274, -1.211e-8, -3.646e-9, 2.757e+2
-0.273, -1.214e-8, -3.624e-9, 2.760e+2
-0.272, -1.214e-8, -3.627e-9, 2.763e+2
-0.271, -1.221e-8, -3.618e-9, 2.767e+2
-0.270, -1.224e-8, -3.616e-9, 2.770e+2
-0.269, -1.226e-8, -3.618e-9, 2.773e+2
-0.268, -1.230e-8, -3.617e-9, 2.777e+2
-0.267, -1.229e-8, -3.617e-9, 2.780e+2
-0.266, -1.234e-8, -3.617e-9, 2.783e+2
-0.265, -1.239e-8, -3.605e-9, 2.787e+2
-0.264, -1.240e-8, -3.609e-9, 2.790e+2
-0.263, -1.243e-8, -3.613e-9, 2.793e+2
-0.262, -1.247e-8, -3.600e-9, 2.797e+2
-0.261, -1.250e-8, -3.587e-9, 2.800e+2
-0.260, -1.253e-8, -3.584e-9, 2.803e+2
-0.259, -1.254e-8, -3.590e-9, 2.807e+2
-0.258, -1.257e-8, -3.590e-9, 2.810e+2
-0.257, -1.259e-8, -3.591e-9, 2.813e+2
-0.256, -1.264e-8, -3.604e-9, 2.817e+2
-0.255, -1.268e-8, -3.605e-9, 2.820e+2
-0.254, -1.269e-8, -3.592e-9, 2.823e+2
-0.253, -1.271e-8, -3.585e-9, 2.827e+2
-0.252, -1.273e-8, -3.588e-9, 2.830e+2
-0.251, -1.274e-8, -3.563e-9, 2.833e+2
-0.250, -1.278e-8, -3.556e-9, 2.837e+2
-0.249, -1.282e-8, -3.562e-9, 2.840e+2
-0.248, -1.284e-8, -3.564e-9, 2.843e+2
-0.247, -1.287e-8, -3.565e-9, 2.847e+2
-0.246, -1.290e-8, -3.556e-9, 2.850e+2
-0.245, -1.291e-8, -3.550e-9, 2.853e+2
-0.244, -1.294e-8, -3.558e-9, 2.857e+2
-0.243, -1.295e-8, -3.561e-9, 2.860e+2
-0.242, -1.298e-8, -3.559e-9, 2.863e+2
-0.241, -1.301e-8, -3.550e-9, 2.867e+2
-0.240, -1.302e-8, -3.549e-9, 2.870e+2
-0.239, -1.306e-8, -3.548e-9, 2.873e+2
-0.238, -1.308e-8, -3.542e-9, 2.877e+2
-0.237, -1.310e-8, -3.530e-9, 2.880e+2
-0.236, -1.312e-8, -3.524e-9, 2.883e+2
-0.235, -1.314e-8, -3.529e-9, 2.887e+2
-0.234, -1.318e-8, -3.524e-9, 2.890e+2
-0.233, -1.318e-8, -3.517e-9, 2.893e+2
-0.232, -1.320e-8, -3.524e-9, 2.897e+2
-0.231, -1.323e-8, -3.532e-9, 2.900e+2
-0.230, -1.324e-8, -3.519e-9, 2.903e+2
-0.229, -1.327e-8, -3.514e-9, 2.907e+2
-0.228, -1.330e-8, -3.504e-9, 2.910e+2
-0.227, -1.328e-8, -3.505e-9, 2.913e+2
-0.226, -1.332e-8, -3.511e-9, 2.917e+2
-0.225, -1.334e-8, -3.510e-9, 2.920e+2
-0.224, -1.334e-8, -3.506e-9, 2.923e+2
-0.223, -1.336e-8, -3.496e-9, 2.927e+2
-0.222, -1.337e-8, -3.485e-9, 2.930e+2
-0.221, -1.339e-8, -3.484e-9, 2.933e+2
-0.220, -1.340e-8, -3.470e-9, 2.937e+2
-0.219, -1.342e-8, -3.473e-9, 2.940e+2
-0.218, -1.343e-8, -3.453e-9, 2.943e+2
-0.217, -1.344e-8, -3.457e-9, 2.947e+2
-0.216, -1.344e-8, -3.460e-9, 2.950e+2
-0.215, -1.348e-8, -3.471e-9, 2.953e+2
-0.214, -1.348e-8, -3.472e-9, 2.957e+2
-0.213, -1.349e-8, -3.455e-9, 2.960e+2
-0.212, -1.351e-8, -3.455e-9, 2.963e+2
-0.211, -1.351e-8, -3.467e-9, 2.967e+2
-0.210, -1.352e-8, -3.466e-9, 2.970e+2
-0.209, -1.354e-8, -3.464e-9, 2.973e+2
-0.208, -1.353e-8, -3.460e-9, 2.977e+2
-0.207, -1.356e-8, -3.455e-9, 2.980e+2
-0.206, -1.356e-8, -3.445e-9, 2.983e+2
-0.205, -1.359e-8, -3.452e-9, 2.987e+2
-0.204, -1.359e-8, -3.446e-9, 2.990e+2
-0.203, -1.359e-8, -3.454e-9, 2.993e+2
-0.202, -1.361e-8, -3.455e-9, 2.997e+2
-0.201, -1.361e-8, -3.441e-9, 3.000e+2
-0.200, -1.361e-8, -3.438e-9, 3.003e+2
-0.199, -1.363e-8, -3.440e-9, 3.007e+2
-0.198, -1.363e-8, -3.436e-9, 3.010e+2
-0.197, -1.363e-8, -3.426e-9, 3.013e+2
-0.196, -1.366e-8, -3.427e-9, 3.017e+2
-0.195, -1.364e-8, -3.426e-9, 3.020e+2
-0.194, -1.366e-8, -3.427e-9, 3.023e+2
-0.193, -1.366e-8, -3.420e-9, 3.027e+2
-0.192, -1.369e-8, -3.419e-9, 3.030e+2
-0.191, -1.371e-8, -3.400e-9, 3.033e+2
-0.190, -1.370e-8, -3.400e-9, 3.037e+2
-0.189, -1.370e-8, -3.403e-9, 3.040e+2
-0.188, -1.372e-8, -3.401e-9, 3.043e+2
-0.187, -1.372e-8, -3.401e-9, 3.047e+2
-0.186, -1.374e-8, -3.396e-9, 3.050e+2
-0.185, -1.374e-8, -3.407e-9, 3.053e+2
-0.184, -1.373e-8, -3.414e-9, 3.057e+2
-0.183, -1.374e-8, -3.415e-9, 3.060e+2
-0.182, -1.374e-8, -3.396e-9, 3.063e+2
-0.181, -1.375e-8, -3.393e-9, 3.067e+2
-0.180, -1.375e-8, -3.402e-9, 3.070e+2
-0.179, -1.374e-8, -3.393e-9, 3.073e+2
-0.178, -1.372e-8, -3.348e-9, 3.077e+2
-0.177, -1.383e-8, -3.379e-9, 3.080e+2
-0.176, -1.385e-8, -3.397e-9, 3.083e+2
-0.175, -1.382e-8, -3.373e-9, 3.087e+2
-0.174, -1.384e-8, -3.363e-9, 3.090e+2
-0.173, -1.384e-8, -3.367e-9, 3.093e+2
-0.172, -1.387e-8, -3.364e-9, 3.097e+2
-0.171, -1.386e-8, -3.356e-9, 3.100e+2
-0.170, -1.387e-8, -3.361e-9, 3.103e+2
-0.169, -1.387e-8, -3.350e-9, 3.107e+2
-0.168, -1.388e-8, -3.350e-9, 3.110e+2
-0.167, -1.390e-8, -3.362e-9, 3.113e+2
-0.166, -1.390e-8, -3.342e-9, 3.117e+2
-0.165, -1.391e-8, -3.332e-9, 3.120e+2
-0.164, -1.393e-8, -3.353e-9, 3.123e+2
-0.163, -1.393e-8, -3.370e-9, 3.127e+2
-0.162, -1.394e-8, -3.363e-9, 3.130e+2
-0.161, -1.396e-8, -3.348e-9, 3.133e+2
-0.160, -1.396e-8, -3.334e-9, 3.137e+2
-0.159, -1.398e-8, -3.335e-9, 3.140e+2
-0.158, -1.398e-8, -3.322e-9, 3.143e+2
-0.157, -1.399e-8, -3.323e-9, 3.147e+2
-0.156, -1.403e-8, -3.331e-9, 3.150e+2
-0.155, -1.403e-8, -3.331e-9, 3.153e+2
-0.154, -1.404e-8, -3.341e-9, 3.157e+2
-0.153, -1.405e-8, -3.332e-9, 3.160e+2
-0.152, -1.406e-8, -3.329e-9, 3.163e+2
-0.151, -1.409e-8, -3.305e-9, 3.167e+2
-0.150, -1.410e-8, -3.299e-9, 3.170e+2
-0.149, -1.413e-8, -3.324e-9, 3.173e+2
-0.148, -1.413e-8, -3.331e-9, 3.177e+2
-0.147, -1.416e-8, -3.330e-9, 3.180e+2
-0.146, -1.419e-8, -3.325e-9, 3.183e+2
-0.145, -1.421e-8, -3.312e-9, 3.187e+2
-0.144, -1.421e-8, -3.306e-9, 3.190e+2
-0.143, -1.424e-8, -3.308e-9, 3.193e+2
-0.142, -1.425e-8, -3.308e-9, 3.197e+2
-0.141, -1.426e-8, -3.309e-9, 3.200e+2
-0.140, -1.430e-8, -3.295e-9, 3.203e+2
-0.139, -1.431e-8, -3.279e-9, 3.207e+2
-0.138, -1.434e-8, -3.285e-9, 3.210e+2
-0.137, -1.436e-8, -3.301e-9, 3.213e+2
-0.136, -1.437e-8, -3.295e-9, 3.217e+2
-0.135, -1.442e-8, -3.289e-9, 3.220e+2
-0.134, -1.444e-8, -3.283e-9, 3.223e+2
-0.133, -1.448e-8, -3.280e-9, 3.227e+2
-0.132, -1.450e-8, -3.293e-9, 3.230e+2
-0.131, -1.452e-8, -3.280e-9, 3.233e+2
-0.130, -1.455e-8, -3.279e-9, 3.237e+2
-0.129, -1.457e-8, -3.290e-9, 3.240e+2
-0.128, -1.460e-8, -3.293e-9, 3.243e+2
-0.127, -1.463e-8, -3.277e-9, 3.247e+2
-0.126, -1.466e-8, -3.251e-9, 3.250e+2
-0.125, -1.469e-8, -3.241e-9, 3.253e+2
-0.124, -1.475e-8, -3.233e-9, 3.257e+2
-0.123, -1.478e-8, -3.234e-9, 3.260e+2
-0.122, -1.483e-8, -3.252e-9, 3.263e+2
-0.121, -1.486e-8, -3.258e-9, 3.267e+2
-0.120, -1.488e-8, -3.256e-9, 3.270e+2
-0.119, -1.493e-8, -3.254e-9, 3.273e+2
-0.118, -1.495e-8, -3.249e-9, 3.277e+2
-0.117, -1.499e-8, -3.247e-9, 3.280e+2
-0.116, -1.504e-8, -3.258e-9, 3.283e+2
-0.115, -1.505e-8, -3.270e-9, 3.287e+2
-0.114, -1.513e-8, -3.266e-9, 3.290e+2
-0.113, -1.517e-8, -3.260e-9, 3.293e+2
-0.112, -1.520e-8, -3.270e-9, 3.297e+2
-0.111, -1.526e-8, -3.245e-9, 3.300e+2
-0.110, -1.529e-8, -3.221e-9, 3.303e+2
-0.109, -1.533e-8, -3.223e-9, 3.307e+2
-0.108, -1.539e-8, -3.225e-9, 3.310e+2
-0.107, -1.543e-8, -3.224e-9, 3.313e+2
-0.106, -1.547e-8, -3.230e-9, 3.317e+2
-0.105, -1.552e-8, -3.251e-9, 3.320e+2
-0.104, -1.558e-8, -3.239e-9, 3.323e+2
-0.103, -1.563e-8, -3.231e-9, 3.327e+2
-0.102, -1.569e-8, -3.240e-9, 3.330e+2
-0.101, -1.574e-8, -3.231e-9, 3.333e+2
-0.100, -1.581e-8, -3.228e-9, 3.337e+2
-0.099, -1.584e-8, -3.230e-9, 3.340e+2
-0.098, -1.590e-8, -3.212e-9, 3.343e+2
-0.097, -1.595e-8, -3.213e-9, 3.347e+2
-0.096, -1.600e-8, -3.202e-9, 3.350e+2
-0.095, -1.606e-8, -3.205e-9, 3.353e+2
-0.094, -1.613e-8, -3.197e-9, 3.357e+2
-0.093, -1.619e-8, -3.198e-9, 3.360e+2
-0.092, -1.625e-8, -3.195e-9, 3.363e+2
-0.091, -1.630e-8, -3.181e-9, 3.367e+2
-0.090, -1.637e-8, -3.195e-9, 3.370e+2
-0.089, -1.644e-8, -3.197e-9, 3.373e+2
-0.088, -1.650e-8, -3.201e-9, 3.377e+2
-0.087, -1.657e-8, -3.181e-9, 3.380e+2
-0.086, -1.663e-8, -3.179e-9, 3.383e+2
-0.085, -1.669e-8, -3.187e-9, 3.387e+2
-0.084, -1.677e-8, -3.192e-9, 3.390e+2
-0.083, -1.682e-8, -3.191e-9, 3.393e+2
-0.082, -1.687e-8, -3.188e-9, 3.397e+2
-0.081, -1.693e-8, -3.179e-9, 3.400e+2
-0.080, -1.701e-8, -3.180e-9, 3.403e+2
-0.079, -1.708e-8, -3.185e-9, 3.407e+2
-0.078, -1.716e-8, -3.181e-9, 3.410e+2
-0.077, -1.721e-8, -3.180e-9, 3.413e+2
-0.076, -1.728e-8, -3.169e-9, 3.417e+2
-0.075, -1.734e-8, -3.175e-9, 3.420e+2
-0.074, -1.740e-8, -3.191e-9, 3.423e+2
-0.073, -1.747e-8, -3.182e-9, 3.427e+2
-0.072, -1.753e-8, -3.155e-9, 3.430e+2
-0.071, -1.761e-8, -3.159e-9, 3.433e+2
-0.070, -1.768e-8, -3.158e-9, 3.437e+2
-0.069, -1.773e-8, -3.168e-9, 3.440e+2
-0.068, -1.781e-8, -3.172e-9, 3.443e+2
-0.067, -1.786e-8, -3.169e-9, 3.447e+2
-0.066, -1.793e-8, -3.163e-9, 3.450e+2
-0.065, -1.800e-8, -3.152e-9, 3.453e+2
-0.064, -1.805e-8, -3.140e-9, 3.457e+2
-0.063, -1.810e-8, -3.129e-9, 3.460e+2
-0.062, -1.819e-8, -3.139e-9, 3.463e+2
-0.061, -1.823e-8, -3.142e-9, 3.467e+2
-0.060, -1.831e-8, -3.134e-9, 3.470e+2
-0.059, -1.837e-8, -3.128e-9, 3.473e+2
-0.058, -1.842e-8, -3.130e-9, 3.477e+2
-0.057, -1.849e-8, -3.140e-9, 3.480e+2
-0.056, -1.854e-8, -3.143e-9, 3.483e+2
-0.055, -1.860e-8, -3.149e-9, 3.487e+2
-0.054, -1.862e-8, -3.139e-9, 3.490e+2
-0.053, -1.868e-8, -3.111e-9, 3.493e+2
-0.052, -1.875e-8, -3.121e-9, 3.497e+2
-0.051, -1.877e-8, -3.122e-9, 3.500e+2
-0.050, -1.882e-8, -3.132e-9, 3.503e+2
-0.049, -1.888e-8, -3.129e-9, 3.507e+2
-0.048, -1.891e-8, -3.127e-9, 3.510e+2
-0.047, -1.895e-8, -3.121e-9, 3.513e+2
-0.046, -1.899e-8, -3.111e-9, 3.517e+2
-0.045, -1.903e-8, -3.114e-9, 3.520e+2
-0.044, -1.907e-8, -3.121e-9, 3.523e+2
-0.043, -1.908e-8, -3.121e-9, 3.527e+2
-0.042, -1.911e-8, -3.123e-9, 3.530e+2
-0.041, -1.914e-8, -3.111e-9, 3.533e+2
-0.040, -1.913e-8, -3.111e-9, 3.537e+2
-0.039, -1.916e-8, -3.114e-9, 3.540e+2
-0.038, -1.918e-8, -3.100e-9, 3.543e+2
-0.037, -1.921e-8, -3.119e-9, 3.547e+2
-0.036, -1.921e-8, -3.113e-9, 3.550e+2
-0.035, -1.921e-8, -3.101e-9, 3.553e+2
-0.034, -1.924e-8, -3.076e-9, 3.557e+2
-0.033, -1.925e-8, -3.082e-9, 3.560e+2
-0.032, -1.926e-8, -3.087e-9, 3.563e+2
-0.031, -1.926e-8, -3.081e-9, 3.567e+2
-0.030, -1.926e-8, -3.085e-9, 3.570e+2
-0.029, -1.926e-8, -3.088e-9, 3.573e+2
-0.028, -1.926e-8, -3.076e-9, 3.577e+2
-0.027, -1.926e-8, -3.078e-9, 3.580e+2
-0.026, -1.926e-8, -3.096e-9, 3.583e+2
-0.025, -1.925e-8, -3.100e-9, 3.587e+2
-0.024, -1.923e-8, -3.088e-9, 3.590e+2
-0.023, -1.924e-8, -3.091e-9, 3.593e+2
-0.022, -1.923e-8, -3.085e-9, 3.597e+2
-0.021, -1.928e-8, -3.115e-9, 3.600e+2
-0.020, -1.920e-8, -3.062e-9, 3.603e+2
-0.019, -1.922e-8, -3.068e-9, 3.607e+2
-0.018, -1.924e-8, -3.074e-9, 3.610e+2
-0.017, -1.923e-8, -3.068e-9, 3.613e+2
-0.016, -1.921e-8, -3.070e-9, 3.617e+2
-0.015, -1.922e-8, -3.063e-9, 3.620e+2
-0.014, -1.922e-8, -3.037e-9, 3.623e+2
-0.013, -1.921e-8, -3.042e-9, 3.627e+2
-0.012, -1.922e-8, -3.062e-9, 3.630e+2
-0.011, -1.922e-8, -3.070e-9, 3.633e+2
-0.010, -1.922e-8, -3.076e-9, 3.637e+2
-0.009, -1.923e-8, -3.080e-9, 3.640e+2
-0.008, -1.923e-8, -3.068e-9, 3.643e+2
-0.007, -1.926e-8, -3.052e-9, 3.647e+2
-0.006, -1.926e-8, -3.055e-9, 3.650e+2
-0.005, -1.926e-8, -3.037e-9, 3.653e+2
-0.004, -1.928e-8, -3.042e-9, 3.657e+2
-0.003, -1.929e-8, -3.039e-9, 3.660e+2
-0.002, -1.931e-8, -3.031e-9, 3.663e+2
-0.001, -1.934e-8, -3.042e-9, 3.667e+2
-0.000, -1.940e-8, -3.121e-9, 3.670e+2
0.001, -1.941e-8, -3.104e-9, 3.673e+2
0.002, -1.941e-8, -3.101e-9, 3.677e+2
0.003, -1.943e-8, -3.108e-9, 3.680e+2
0.004, -1.946e-8, -3.100e-9, 3.683e+2
0.005, -1.948e-8, -3.077e-9, 3.687e+2
0.006, -1.952e-8, -3.077e-9, 3.690e+2
0.007, -1.956e-8, -3.084e-9, 3.693e+2
0.008, -1.958e-8, -3.087e-9, 3.697e+2
0.009, -1.963e-8, -3.087e-9, 3.700e+2
0.010, -1.965e-8, -3.085e-9, 3.703e+2
0.011, -1.968e-8, -3.090e-9, 3.707e+2
0.012, -1.973e-8, -3.089e-9, 3.710e+2
0.013, -1.976e-8, -3.081e-9, 3.713e+2
0.014, -1.981e-8, -3.074e-9, 3.717e+2
0.015, -1.988e-8, -3.072e-9, 3.720e+2
0.016, -1.992e-8, -3.078e-9, 3.723e+2
0.017, -1.998e-8, -3.077e-9, 3.727e+2
0.018, -2.002e-8, -3.078e-9, 3.730e+2
0.019, -2.006e-8, -3.071e-9, 3.733e+2
0.020, -2.013e-8, -3.065e-9, 3.737e+2
0.021, -2.016e-8, -3.056e-9, 3.740e+2
0.022, -2.024e-8, -3.058e-9, 3.743e+2
0.023, -2.031e-8, -3.070e-9, 3.747e+2
0.024, -2.036e-8, -3.083e-9, 3.750e+2
0.025, -2.045e-8, -3.071e-9, 3.753e+2
0.026, -2.052e-8, -3.017e-9, 3.757e+2
0.027, -2.059e-8, -3.019e-9, 3.760e+2
0.028, -2.066e-8, -3.017e-9, 3.763e+2
0.029, -2.073e-8, -3.026e-9, 3.767e+2
0.030, -2.083e-8, -3.031e-9, 3.770e+2
0.031, -2.092e-8, -3.019e-9, 3.773e+2
0.032, -2.098e-8, -3.028e-9, 3.777e+2
0.033, -2.108e-8, -3.023e-9, 3.780e+2
0.034, -2.116e-8, -3.015e-9, 3.783e+2
0.035, -2.125e-8, -3.020e-9, 3.787e+2
0.036, -2.134e-8, -3.023e-9, 3.790e+2
0.037, -2.142e-8, -3.019e-9, 3.793e+2
0.038, -2.152e-8, -3.006e-9, 3.797e+2
0.039, -2.161e-8, -3.000e-9, 3.800e+2
0.040, -2.170e-8, -3.005e-9, 3.803e+2
0.041, -2.182e-8, -3.009e-9, 3.807e+2
0.042, -2.189e-8, -3.007e-9, 3.810e+2
0.043, -2.200e-8, -3.009e-9, 3.813e+2
0.044, -2.212e-8, -3.002e-9, 3.817e+2
0.045, -2.223e-8, -2.981e-9, 3.820e+2
0.046, -2.232e-8, -2.984e-9, 3.823e+2
0.047, -2.242e-8, -2.991e-9, 3.827e+2
0.048, -2.252e-8, -2.989e-9, 3.830e+2
0.049, -2.264e-8, -2.985e-9, 3.833e+2
0.050, -2.273e-8, -2.986e-9, 3.837e+2
0.051, -2.284e-8, -2.993e-9, 3.840e+2
0.052, -2.295e-8, -2.977e-9, 3.843e+2
0.053, -2.304e-8, -2.980e-9, 3.847e+2
0.054, -2.315e-8, -2.985e-9, 3.850e+2
0.055, -2.325e-8, -2.977e-9, 3.853e+2
0.056, -2.336e-8, -2.985e-9, 3.857e+2
0.057, -2.349e-8, -2.983e-9, 3.860e+2
0.058, -2.359e-8, -2.977e-9, 3.863e+2
0.059, -2.369e-8, -2.967e-9, 3.867e+2
0.060, -2.380e-8, -2.959e-9, 3.870e+2
0.061, -2.389e-8, -2.951e-9, 3.873e+2
0.062, -2.401e-8, -2.964e-9, 3.877e+2
0.063, -2.411e-8, -2.958e-9, 3.880e+2
0.064, -2.419e-8, -2.960e-9, 3.883e+2
0.065, -2.429e-8, -2.964e-9, 3.887e+2
0.066, -2.439e-8, -2.957e-9, 3.890e+2
0.067, -2.448e-8, -2.976e-9, 3.893e+2
0.068, -2.459e-8, -2.977e-9, 3.897e+2
0.069, -2.468e-8, -2.976e-9, 3.900e+2
0.070, -2.478e-8, -2.968e-9, 3.903e+2
0.071, -2.486e-8, -2.947e-9, 3.907e+2
0.072, -2.494e-8, -2.953e-9, 3.910e+2
0.073, -2.504e-8, -2.957e-9, 3.913e+2
0.074, -2.513e-8, -2.952e-9, 3.917e+2
0.075, -2.521e-8, -2.922e-9, 3.920e+2
0.076, -2.530e-8, -2.908e-9, 3.923e+2
0.077, -2.537e-8, -2.894e-9, 3.927e+2
0.078, -2.545e-8, -2.913e-9, 3.930e+2
0.079, -2.552e-8, -2.911e-9, 3.933e+2
0.080, -2.556e-8, -2.913e-9, 3.937e+2
0.081, -2.566e-8, -2.908e-9, 3.940e+2
0.082, -2.573e-8, -2.908e-9, 3.943e+2
0.083, -2.580e-8, -2.918e-9, 3.947e+2
0.084, -2.588e-8, -2.908e-9, 3.950e+2
0.085, -2.594e-8, -2.900e-9, 3.953e+2
0.086, -2.600e-8, -2.901e-9, 3.957e+2
0.087, -2.605e-8, -2.908e-9, 3.960e+2
0.088, -2.610e-8, -2.907e-9, 3.963e+2
0.089, -2.618e-8, -2.900e-9, 3.967e+2
0.090, -2.623e-8, -2.898e-9, 3.970e+2
0.091, -2.630e-8, -2.893e-9, 3.973e+2
0.092, -2.637e-8, -2.888e-9, 3.977e+2
0.093, -2.640e-8, -2.886e-9, 3.980e+2
0.094, -2.646e-8, -2.885e-9, 3.983e+2
0.095, -2.653e-8, -2.880e-9, 3.987e+2
0.096, -2.659e-8, -2.875e-9, 3.990e+2
0.097, -2.667e-8, -2.853e-9, 3.993e+2
0.098, -2.673e-8, -2.862e-9, 3.997e+2
0.099, -2.679e-8, -2.883e-9, 4.000e+2
