Nov. 26, 2005   00:52:31
Cyclic Voltammetry
File: d:\ida_biofilms\11_15_18_wt\wt_newmedia_postequil_gc.txt
Data Source:  Experiment
Instrument Model:  CHI760E
Header: 
Note: 

Init E (V) = 0.1
High E (V) = 0.1
Low E (V) = -0.5
Init P/N = N
Scan Rate (V/s) = 0.003
Segment = 2
Sample Interval (V) = 0.001
Quiet Time (sec) = 2
Sensitivity (A/V) = 1e-7
2nd E (V) = 0.1
Sens 2 (A/V) = 1e-7

Potential/V, i1/A, i2/A, Time/s

0.100, -5.3116878e-8, -4.9449831e-8, 3.3333334e-1
0.099, -4.8353002e-8, -4.5990337e-8, 6.6666669e-1
0.098, -4.4476124e-8, -4.3138098e-8, 1.0000000e+0
0.097, -4.1133735e-8, -4.0654189e-8, 1.3333334e+0
0.096, -3.8357303e-8, -3.8576559e-8, 1.6666667e+0
0.095, -3.5836251e-8, -3.6678742e-8, 2.0000000e+0
0.094, -3.3589988e-8, -3.5078401e-8, 2.3333333e+0
0.093, -3.1598951e-8, -3.3611222e-8, 2.6666665e+0
0.092, -2.9866008e-8, -3.2317462e-8, 2.9999998e+0
0.091, -2.8232435e-8, -3.1121640e-8, 3.3333330e+0
0.090, -2.6799846e-8, -3.0094530e-8, 3.6666663e+0
0.089, -2.5414145e-8, -2.9054556e-8, 3.9999995e+0
0.088, -2.4218803e-8, -2.8138077e-8, 4.3333330e+0
0.087, -2.3040954e-8, -2.7151865e-8, 4.6666665e+0
0.086, -2.2009447e-8, -2.6460651e-8, 5.0000000e+0
0.085, -2.0959249e-8, -2.5697068e-8, 5.3333335e+0
0.084, -2.0058906e-8, -2.5079427e-8, 5.6666670e+0
0.083, -1.9168549e-8, -2.4422162e-8, 6.0000005e+0
0.082, -1.8386674e-8, -2.3833119e-8, 6.3333340e+0
0.081, -1.7565256e-8, -2.3222666e-8, 6.6666675e+0
0.080, -1.6902959e-8, -2.2742899e-8, 7.0000010e+0
0.079, -1.6149199e-8, -2.2246917e-8, 7.3333344e+0
0.078, -1.5503998e-8, -2.1780091e-8, 7.6666679e+0
0.077, -1.4919028e-8, -2.1304238e-8, 8.0000010e+0
0.076, -1.4286609e-8, -2.0911461e-8, 8.3333340e+0
0.075, -1.3652751e-8, -2.0573964e-8, 8.6666670e+0
0.074, -1.3144946e-8, -2.0219531e-8, 9.0000000e+0
0.073, -1.2588972e-8, -1.9770997e-8, 9.3333330e+0
0.072, -1.2118153e-8, -1.9407379e-8, 9.6666660e+0
0.071, -1.1602039e-8, -1.9164938e-8, 9.9999990e+0
0.070, -1.1150152e-8, -1.8803476e-8, 1.0333332e+1
0.069, -1.0679012e-8, -1.8479957e-8, 1.0666665e+1
0.068, -1.0350540e-8, -1.8261083e-8, 1.0999998e+1
0.067, -9.9133510e-9, -1.7864473e-8, 1.1333331e+1
0.066, -9.5140242e-9, -1.7699037e-8, 1.1666664e+1
0.065, -9.1435348e-9, -1.7338774e-8, 1.1999997e+1
0.064, -8.7030703e-9, -1.7196424e-8, 1.2333330e+1
0.063, -8.3920124e-9, -1.6847743e-8, 1.2666663e+1
0.062, -8.0537950e-9, -1.6722650e-8, 1.2999996e+1
0.061, -7.6948892e-9, -1.6348006e-8, 1.3333329e+1
0.060, -7.3073054e-9, -1.6286018e-8, 1.3666662e+1
0.059, -7.0421793e-9, -1.5892443e-8, 1.3999995e+1
0.058, -6.7612365e-9, -1.5569803e-8, 1.4333328e+1
0.057, -6.2440058e-9, -1.5647288e-8, 1.4666661e+1
0.056, -6.5239893e-9, -1.5514605e-8, 1.4999994e+1
0.055, -5.9454894e-9, -1.5242769e-8, 1.5333327e+1
0.054, -5.6049561e-9, -1.5053770e-8, 1.5666660e+1
0.053, -5.4594120e-9, -1.4948567e-8, 1.5999993e+1
0.052, -5.1581801e-9, -1.4720587e-8, 1.6333326e+1
0.051, -4.8907376e-9, -1.4529189e-8, 1.6666660e+1
0.050, -4.6804902e-9, -1.4397466e-8, 1.6999994e+1
0.049, -4.2810844e-9, -1.4390516e-8, 1.7333328e+1
0.048, -4.2761314e-9, -1.4237784e-8, 1.7666662e+1
0.047, -3.9559676e-9, -1.3904519e-8, 1.7999996e+1
0.046, -3.7479571e-9, -1.3839655e-8, 1.8333330e+1
0.045, -3.5846797e-9, -1.3703537e-8, 1.8666664e+1
0.044, -3.3318555e-9, -1.3466211e-8, 1.8999998e+1
0.043, -3.2062821e-9, -1.3408856e-8, 1.9333332e+1
0.042, -2.9133576e-9, -1.3320028e-8, 1.9666666e+1
0.041, -2.7588671e-9, -1.3178238e-8, 2.0000000e+1
0.040, -2.6503086e-9, -1.2976858e-8, 2.0333334e+1
0.039, -2.3652924e-9, -1.2914550e-8, 2.0666668e+1
0.038, -2.2295741e-9, -1.2834350e-8, 2.1000002e+1
0.037, -2.0082231e-9, -1.2695835e-8, 2.1333336e+1
0.036, -1.8198631e-9, -1.2513786e-8, 2.1666670e+1
0.035, -1.7165769e-9, -1.2448204e-8, 2.2000004e+1
0.034, -1.4296434e-9, -1.2398119e-8, 2.2333338e+1
0.033, -1.3011944e-9, -1.2312007e-8, 2.2666672e+1
0.032, -1.2348930e-9, -1.2174452e-8, 2.3000006e+1
0.031, -9.5682640e-10, -1.2008698e-8, 2.3333340e+1
0.030, -8.2118801e-10, -1.1942237e-8, 2.3666674e+1
0.029, -7.7270007e-10, -1.1869944e-8, 2.4000008e+1
0.028, -5.7235794e-10, -1.1770891e-8, 2.4333342e+1
0.027, -3.8863110e-10, -1.1603699e-8, 2.4666676e+1
0.026, -2.9405173e-10, -1.1488191e-8, 2.5000010e+1
0.025, -2.1752548e-10, -1.1446892e-8, 2.5333344e+1
0.024, -6.6709700e-11, -1.1389858e-8, 2.5666677e+1
0.023, 1.3530994e-10, -1.1333062e-8, 2.6000011e+1
0.022, 2.0408771e-10, -1.1257574e-8, 2.6333345e+1
0.021, 2.9986533e-10, -1.1119060e-8, 2.6666679e+1
0.020, 4.9629328e-10, -1.1001475e-8, 2.7000013e+1
0.019, 6.4471262e-10, -1.0966168e-8, 2.7333347e+1
0.018, 7.1013534e-10, -1.0925029e-8, 2.7666681e+1
0.017, 7.8937756e-10, -1.0869591e-8, 2.8000015e+1
0.016, 9.2629399e-10, -1.0816950e-8, 2.8333349e+1
0.015, 1.1220829e-9, -1.0724767e-8, 2.8666683e+1
0.014, 1.1725678e-9, -1.0610377e-8, 2.9000017e+1
0.013, 1.2487745e-9, -1.0526501e-8, 2.9333351e+1
0.012, 1.4250725e-9, -1.0483046e-8, 2.9666685e+1
0.011, 1.5563173e-9, -1.0444543e-8, 3.0000019e+1
0.010, 1.6533731e-9, -1.0396375e-8, 3.0333353e+1
0.009, 1.6945119e-9, -1.0352121e-8, 3.0666687e+1
0.008, 1.7600146e-9, -1.0298201e-8, 3.1000021e+1
0.007, 1.9044397e-9, -1.0192278e-8, 3.1333355e+1
0.006, 2.0503030e-9, -1.0094344e-8, 3.1666689e+1
0.005, 2.1555864e-9, -1.0016220e-8, 3.2000023e+1
0.004, 2.1857816e-9, -9.9788355e-9, 3.2333355e+1
0.003, 2.2742899e-9, -9.9400932e-9, 3.2666687e+1
0.002, 2.4532238e-9, -9.8945607e-9, 3.3000019e+1
0.001, 2.5742439e-9, -9.8440758e-9, 3.3333351e+1
-0.000, 2.6335958e-9, -9.7474997e-9, 3.3666683e+1
-0.001, 2.7059681e-9, -9.6476480e-9, 3.4000015e+1
-0.002, 2.7479856e-9, -9.5675272e-9, 3.4333347e+1
-0.003, 2.8040623e-9, -9.5225534e-9, 3.4666679e+1
-0.004, 2.9927418e-9, -9.5013055e-9, 3.5000011e+1
-0.005, 3.0998626e-9, -9.4822941e-9, 3.5333344e+1
-0.006, 3.1374865e-9, -9.4455483e-9, 3.5666676e+1
-0.007, 3.1852554e-9, -9.4134363e-9, 3.6000008e+1
-0.008, 3.2374181e-9, -9.3766106e-9, 3.6333340e+1
-0.009, 3.3871952e-9, -9.3301997e-9, 3.6666672e+1
-0.010, 3.5066978e-9, -9.2713277e-9, 3.7000004e+1
-0.011, 3.6001586e-9, -9.1907273e-9, 3.7333336e+1
-0.012, 3.6295549e-9, -9.1032577e-9, 3.7666668e+1
-0.013, 3.6610284e-9, -9.0480592e-9, 3.8000000e+1
-0.014, 3.7349182e-9, -9.0237755e-9, 3.8333332e+1
-0.015, 3.7950687e-9, -9.0042844e-9, 3.8666664e+1
-0.016, 3.9357397e-9, -8.9775245e-9, 3.8999996e+1
-0.017, 4.0700998e-9, -8.9462908e-9, 3.9333328e+1
-0.018, 4.1161115e-9, -8.9141778e-9, 3.9666660e+1
-0.019, 4.1363220e-9, -8.8835836e-9, 3.9999992e+1
-0.020, 4.2007060e-9, -8.8447614e-9, 4.0333324e+1
-0.021, 4.2792290e-9, -8.7837329e-9, 4.0666656e+1
-0.022, 4.4361959e-9, -8.7086436e-9, 4.0999989e+1
-0.023, 4.5149586e-9, -8.6290024e-9, 4.1333321e+1
-0.024, 4.5661626e-9, -8.5808338e-9, 4.1666653e+1
-0.025, 4.6133724e-9, -8.5464853e-9, 4.1999985e+1
-0.026, 4.6549906e-9, -8.5292307e-9, 4.2333317e+1
-0.027, 4.6922151e-9, -8.5144531e-9, 4.2666649e+1
-0.028, 4.7462145e-9, -8.4947223e-9, 4.2999981e+1
-0.029, 4.8202651e-9, -8.4711571e-9, 4.3333313e+1
-0.030, 4.9463171e-9, -8.4434379e-9, 4.3666645e+1
-0.031, 5.0595892e-9, -8.4171567e-9, 4.3999977e+1
-0.032, 5.0778017e-9, -8.3981453e-9, 4.4333309e+1
-0.033, 5.1150266e-9, -8.3706659e-9, 4.4666641e+1
-0.034, 5.1359552e-9, -8.3340810e-9, 4.4999973e+1
-0.035, 5.1909934e-9, -8.2903062e-9, 4.5333305e+1
-0.036, 5.2816591e-9, -8.2061113e-9, 4.5666637e+1
-0.037, 5.3487592e-9, -8.1503542e-9, 4.5999969e+1
-0.038, 5.4491700e-9, -8.0936378e-9, 4.6333302e+1
-0.039, 5.5407137e-9, -8.0641618e-9, 4.6666634e+1
-0.040, 5.5694707e-9, -8.0436324e-9, 4.6999966e+1
-0.041, 5.5911187e-9, -8.0308515e-9, 4.7333298e+1
-0.042, 5.6233107e-9, -8.0139166e-9, 4.7666630e+1
-0.043, 5.6779497e-9, -7.9935472e-9, 4.7999962e+1
-0.044, 5.6966418e-9, -7.9716598e-9, 4.8333294e+1
-0.045, 5.7721294e-9, -7.9456974e-9, 4.8666626e+1
-0.046, 5.8625553e-9, -7.9161424e-9, 4.8999958e+1
-0.047, 5.9545782e-9, -7.8857871e-9, 4.9333290e+1
-0.048, 6.0085781e-9, -7.8531963e-9, 4.9666622e+1
-0.049, 6.0692877e-9, -7.7943225e-9, 4.9999954e+1
-0.050, 6.0824683e-9, -7.7420808e-9, 5.0333286e+1
-0.051, 6.1116250e-9, -7.6893594e-9, 5.0666618e+1
-0.052, 6.1758492e-9, -7.6420692e-9, 5.0999950e+1
-0.053, 6.2074026e-9, -7.5935818e-9, 5.1333282e+1
-0.054, 6.3041390e-9, -7.5687385e-9, 5.1666615e+1
-0.055, 6.3925669e-9, -7.5553981e-9, 5.1999947e+1
-0.056, 6.4614243e-9, -7.5434965e-9, 5.2333279e+1
-0.057, 6.5115104e-9, -7.5356681e-9, 5.2666611e+1
-0.058, 6.5564039e-9, -7.5245641e-9, 5.2999943e+1
-0.059, 6.5835635e-9, -7.5065110e-9, 5.3333275e+1
-0.060, 6.6175128e-9, -7.4929316e-9, 5.3666607e+1
-0.061, 6.6330097e-9, -7.4700051e-9, 5.3999939e+1
-0.062, 6.6747079e-9, -7.4533100e-9, 5.4333271e+1
-0.063, 6.6827761e-9, -7.4362152e-9, 5.4666603e+1
-0.064, 6.7360566e-9, -7.4112125e-9, 5.4999935e+1
-0.065, 6.7882984e-9, -7.4127304e-9, 5.5333267e+1
-0.066, 6.8354287e-9, -7.3894055e-9, 5.5666599e+1
-0.067, 6.8984556e-9, -7.3564941e-9, 5.5999931e+1
-0.068, 7.0127650e-9, -7.3248612e-9, 5.6333263e+1
-0.069, 7.0102089e-9, -7.2867579e-9, 5.6666595e+1
-0.070, 7.0514279e-9, -7.2362729e-9, 5.6999928e+1
-0.071, 7.0701995e-9, -7.2104718e-9, 5.7333260e+1
-0.072, 7.0839392e-9, -7.1542345e-9, 5.7666592e+1
-0.073, 7.1096609e-9, -7.1317880e-9, 5.7999924e+1
-0.074, 7.1480843e-9, -7.1026318e-9, 5.8333256e+1
-0.075, 7.2095925e-9, -7.0781878e-9, 5.8666588e+1
-0.076, 7.2567223e-9, -7.0666055e-9, 5.8999920e+1
-0.077, 7.3433140e-9, -7.0566997e-9, 5.9333252e+1
-0.078, 7.4156858e-9, -7.0475132e-9, 5.9666584e+1
-0.079, 7.4394904e-9, -7.0374484e-9, 5.9999916e+1
-0.080, 7.4798310e-9, -7.0237087e-9, 6.0333248e+1
-0.081, 7.5292776e-9, -7.0104487e-9, 6.0666580e+1
-0.082, 7.5382243e-9, -6.9968684e-9, 6.0999912e+1
-0.083, 7.5522033e-9, -6.9812915e-9, 6.1333244e+1
-0.084, 7.5763271e-9, -6.9658750e-9, 6.1666576e+1
-0.085, 7.6002111e-9, -6.9534938e-9, 6.1999908e+1
-0.086, 7.6340010e-9, -6.9423898e-9, 6.2333241e+1
-0.087, 7.6929538e-9, -6.9209816e-9, 6.2666573e+1
-0.088, 7.7337736e-9, -6.9079609e-9, 6.2999905e+1
-0.089, 7.7964000e-9, -6.8946204e-9, 6.3333237e+1
-0.090, 7.8841103e-9, -6.8759287e-9, 6.3666569e+1
-0.091, 7.9553635e-9, -6.8430976e-9, 6.3999901e+1
-0.092, 7.9929077e-9, -6.8225683e-9, 6.4333237e+1
-0.093, 8.0088043e-9, -6.7871802e-9, 6.4666573e+1
-0.094, 8.0409963e-9, -6.7493171e-9, 6.4999908e+1
-0.095, 8.0501827e-9, -6.7265504e-9, 6.5333244e+1
-0.096, 8.0616056e-9, -6.7071393e-9, 6.5666580e+1
-0.097, 8.1217566e-9, -6.6804589e-9, 6.5999916e+1
-0.098, 8.1465190e-9, -6.6597701e-9, 6.6333252e+1
-0.099, 8.1948475e-9, -6.6356458e-9, 6.6666588e+1
-0.100, 8.2701757e-9, -6.6196697e-9, 6.6999924e+1
-0.101, 8.3235365e-9, -6.6038526e-9, 6.7333260e+1
-0.102, 8.4479117e-9, -6.5933885e-9, 6.7666595e+1
-0.103, 8.4596534e-9, -6.5853207e-9, 6.7999931e+1
-0.104, 8.4851361e-9, -6.5775723e-9, 6.8333267e+1
-0.105, 8.5007130e-9, -6.5711014e-9, 6.8666603e+1
-0.106, 8.5192458e-9, -6.5608772e-9, 6.8999939e+1
-0.107, 8.5396952e-9, -6.5554446e-9, 6.9333275e+1
-0.108, 8.5550322e-9, -6.5483357e-9, 6.9666611e+1
-0.109, 8.5746832e-9, -6.5406676e-9, 6.9999947e+1
-0.110, 8.6262064e-9, -6.5300427e-9, 7.0333282e+1
-0.111, 8.6334762e-9, -6.5198176e-9, 7.0666618e+1
-0.112, 8.6822833e-9, -6.5126287e-9, 7.0999954e+1
-0.113, 8.7830934e-9, -6.5011254e-9, 7.1333290e+1
-0.114, 8.8330188e-9, -6.4898624e-9, 7.1666626e+1
-0.115, 8.8873380e-9, -6.4781198e-9, 7.1999962e+1
-0.116, 8.9663406e-9, -6.4622241e-9, 7.2333298e+1
-0.117, 8.9797609e-9, -6.4591879e-9, 7.2666634e+1
-0.118, 8.9935801e-9, -6.4440111e-9, 7.2999969e+1
-0.119, 9.0167456e-9, -6.4327472e-9, 7.3333305e+1
-0.120, 9.0301659e-9, -6.4211645e-9, 7.3666641e+1
-0.121, 9.0499768e-9, -6.4093419e-9, 7.3999977e+1
-0.122, 9.0797725e-9, -6.3941652e-9, 7.4333313e+1
-0.123, 9.1052543e-9, -6.3744343e-9, 7.4666649e+1
-0.124, 9.1471923e-9, -6.3560615e-9, 7.4999985e+1
-0.125, 9.2081418e-9, -6.3432011e-9, 7.5333321e+1
-0.126, 9.2932151e-9, -6.3225114e-9, 7.5666656e+1
-0.127, 9.3496908e-9, -6.3062950e-9, 7.5999992e+1
-0.128, 9.3904307e-9, -6.2777779e-9, 7.6333328e+1
-0.129, 9.4359622e-9, -6.2522956e-9, 7.6666664e+1
-0.130, 9.4731067e-9, -6.2267338e-9, 7.7000000e+1
-0.131, 9.4866870e-9, -6.2073227e-9, 7.7333336e+1
-0.132, 9.5100923e-9, -6.1919856e-9, 7.7666672e+1
-0.133, 9.5105719e-9, -6.1689795e-9, 7.8000008e+1
-0.134, 9.5391695e-9, -6.1534031e-9, 7.8333344e+1
-0.135, 9.5712815e-9, -6.1393437e-9, 7.8666679e+1
-0.136, 9.5888550e-9, -6.1315153e-9, 7.9000015e+1
-0.137, 9.6233634e-9, -6.1152994e-9, 7.9333351e+1
-0.138, 9.6743280e-9, -6.1037966e-9, 7.9666687e+1
-0.139, 9.7428670e-9, -6.0959682e-9, 8.0000023e+1
-0.140, 9.7820081e-9, -6.0906160e-9, 8.0333359e+1
-0.141, 9.8438360e-9, -6.0864624e-9, 8.0666695e+1
-0.142, 9.9253148e-9, -6.0797523e-9, 8.1000031e+1
-0.143, 9.9726041e-9, -6.0764771e-9, 8.1333366e+1
-0.144, 9.9880220e-9, -6.0706458e-9, 8.1666702e+1
-0.145, 1.0005995e-8, -6.0677698e-9, 8.2000038e+1
-0.146, 1.0028921e-8, -6.0616991e-9, 8.2333374e+1
-0.147, 1.0040025e-8, -6.0597021e-9, 8.2666710e+1
-0.148, 1.0100495e-8, -6.0540306e-9, 8.3000046e+1
-0.149, 1.0148503e-8, -6.0455632e-9, 8.3333382e+1
-0.150, 1.0212728e-8, -6.0427672e-9, 8.3666718e+1
-0.151, 1.0312978e-8, -6.0364567e-9, 8.4000053e+1
-0.152, 1.0339100e-8, -6.0305454e-9, 8.4333389e+1
-0.153, 1.0392620e-8, -6.0246341e-9, 8.4666725e+1
-0.154, 1.0438871e-8, -6.0185630e-9, 8.5000061e+1
-0.155, 1.0465872e-8, -6.0095369e-9, 8.5333397e+1
-0.156, 1.0486640e-8, -6.0063416e-9, 8.5666733e+1
-0.157, 1.0515717e-8, -5.9976344e-9, 8.6000069e+1
-0.158, 1.0560451e-8, -5.9914034e-9, 8.6333405e+1
-0.159, 1.0577625e-8, -5.9890075e-9, 8.6666740e+1
-0.160, 1.0598554e-8, -5.9797411e-9, 8.7000076e+1
-0.161, 1.0661581e-8, -5.9727912e-9, 8.7333412e+1
-0.162, 1.0701122e-8, -5.9673595e-9, 8.7666748e+1
-0.163, 1.0732674e-8, -5.9605698e-9, 8.8000084e+1
-0.164, 1.0848503e-8, -5.9548979e-9, 8.8333420e+1
-0.165, 1.0891079e-8, -5.9506640e-9, 8.8666756e+1
-0.166, 1.0937730e-8, -5.9432352e-9, 8.9000092e+1
-0.167, 1.0961375e-8, -5.9350076e-9, 8.9333427e+1
-0.168, 1.0976632e-8, -5.9259810e-9, 8.9666763e+1
-0.169, 1.1005708e-8, -5.9256613e-9, 9.0000099e+1
-0.170, 1.1018011e-8, -5.9095253e-9, 9.0333435e+1
-0.171, 1.1072490e-8, -5.9106435e-9, 9.0666771e+1
-0.172, 1.1134957e-8, -5.8964251e-9, 9.1000107e+1
-0.173, 1.1196225e-8, -5.8871588e-9, 9.1333443e+1
-0.174, 1.1331385e-8, -5.8805285e-9, 9.1666779e+1
-0.175, 1.1359183e-8, -5.8715020e-9, 9.2000114e+1
-0.176, 1.1388899e-8, -5.8548069e-9, 9.2333450e+1
-0.177, 1.1459434e-8, -5.8457799e-9, 9.2666786e+1
-0.178, 1.1478046e-8, -5.8510525e-9, 9.3000122e+1
-0.179, 1.1501451e-8, -5.8342771e-9, 9.3333458e+1
-0.180, 1.1578138e-8, -5.8303629e-9, 9.3666794e+1
-0.181, 1.1583809e-8, -5.8250906e-9, 9.4000130e+1
-0.182, 1.1679986e-8, -5.8063185e-9, 9.4333466e+1
-0.183, 1.1831042e-8, -5.7923395e-9, 9.4666801e+1
-0.184, 1.1883364e-8, -5.7859491e-9, 9.5000137e+1
-0.185, 1.1945911e-8, -5.7912213e-9, 9.5333473e+1
-0.186, 1.1959491e-8, -5.7845111e-9, 9.5666809e+1
-0.187, 1.2003026e-8, -5.7701328e-9, 9.6000145e+1
-0.188, 1.2069727e-8, -5.7793987e-9, 9.6333481e+1
-0.189, 1.2113661e-8, -5.7628631e-9, 9.6666817e+1
-0.190, 1.2317917e-8, -5.7643814e-9, 9.7000153e+1
-0.191, 1.2402352e-8, -5.7567124e-9, 9.7333488e+1
-0.192, 1.2416891e-8, -5.7629435e-9, 9.7666824e+1
-0.193, 1.2468814e-8, -5.7619847e-9, 9.8000160e+1
-0.194, 1.2504681e-8, -5.7635821e-9, 9.8333496e+1
-0.195, 1.2549973e-8, -5.7619047e-9, 9.8666832e+1
-0.196, 1.2658452e-8, -5.7686949e-9, 9.9000168e+1
-0.197, 1.2713570e-8, -5.7691740e-9, 9.9333504e+1
-0.198, 1.2885633e-8, -5.7667773e-9, 9.9666840e+1
-0.199, 1.2932444e-8, -5.7722098e-9, 1.0000018e+2
-0.200, 1.2952735e-8, -5.7799578e-9, 1.0033351e+2
-0.201, 1.3005137e-8, -5.7870677e-9, 1.0066685e+2
-0.202, 1.3142053e-8, -5.7944964e-9, 1.0100018e+2
-0.203, 1.3261555e-8, -5.8171028e-9, 1.0133352e+2
-0.204, 1.3205079e-8, -5.8298837e-9, 1.0166685e+2
-0.205, 1.3400228e-8, -5.8388303e-9, 1.0200019e+2
-0.206, 1.3458781e-8, -5.8468186e-9, 1.0233353e+2
-0.207, 1.3519251e-8, -5.8711023e-9, 1.0266686e+2
-0.208, 1.3635240e-8, -5.8859602e-9, 1.0300020e+2
-0.209, 1.3838298e-8, -5.9023360e-9, 1.0333353e+2
-0.210, 1.3895333e-8, -5.9129603e-9, 1.0366687e+2
-0.211, 1.3943182e-8, -5.9282974e-9, 1.0400021e+2
-0.212, 1.4066678e-8, -5.9463505e-9, 1.0433354e+2
-0.213, 1.4174756e-8, -5.9635248e-9, 1.0466688e+2
-0.214, 1.4363836e-8, -5.9700755e-9, 1.0500021e+2
-0.215, 1.4428540e-8, -5.9861316e-9, 1.0533355e+2
-0.216, 1.4516570e-8, -6.0011494e-9, 1.0566689e+2
-0.217, 1.4669143e-8, -6.0227969e-9, 1.0600022e+2
-0.218, 1.4848156e-8, -6.0350986e-9, 1.0633356e+2
-0.219, 1.4915337e-8, -6.0540306e-9, 1.0666689e+2
-0.220, 1.5025732e-8, -6.0696870e-9, 1.0700023e+2
-0.221, 1.5207462e-8, -6.0813496e-9, 1.0733356e+2
-0.222, 1.5391906e-8, -6.1085093e-9, 1.0766690e+2
-0.223, 1.5465158e-8, -6.1555596e-9, 1.0800024e+2
-0.224, 1.5626838e-8, -6.2157901e-9, 1.0833357e+2
-0.225, 1.5870077e-8, -6.3102896e-9, 1.0866691e+2
-0.226, 1.5933901e-8, -6.3747532e-9, 1.0900024e+2
-0.227, 1.6126416e-8, -6.4249992e-9, 1.0933358e+2
-0.228, 1.6363023e-8, -6.4672561e-9, 1.0966692e+2
-0.229, 1.6446020e-8, -6.5079959e-9, 1.1000025e+2
-0.230, 1.6731516e-8, -6.5484955e-9, 1.1033359e+2
-0.231, 1.6888004e-8, -6.5802879e-9, 1.1066692e+2
-0.232, 1.7079637e-8, -6.6322112e-9, 1.1100026e+2
-0.233, 1.7336697e-8, -6.7456427e-9, 1.1133360e+2
-0.234, 1.7453964e-8, -6.8661832e-9, 1.1166693e+2
-0.235, 1.7796573e-8, -6.9343216e-9, 1.1200027e+2
-0.236, 1.7918950e-8, -6.9957502e-9, 1.1233360e+2
-0.237, 1.8248381e-8, -7.0511876e-9, 1.1266694e+2
-0.238, 1.8458469e-8, -7.1342647e-9, 1.1300027e+2
-0.239, 1.8715685e-8, -7.3159145e-9, 1.1333361e+2
-0.240, 1.8866983e-8, -7.4244730e-9, 1.1366695e+2
-0.241, 1.9263911e-8, -7.5041147e-9, 1.1400028e+2
-0.242, 1.9392280e-8, -7.5594722e-9, 1.1433362e+2
-0.243, 1.9760613e-8, -7.7318560e-9, 1.1466695e+2
-0.244, 2.0040437e-8, -7.9253288e-9, 1.1500029e+2
-0.245, 2.0304922e-8, -8.0267775e-9, 1.1533363e+2
-0.246, 2.0636431e-8, -8.1834246e-9, 1.1566696e+2
-0.247, 2.0868805e-8, -8.3938314e-9, 1.1600030e+2
-0.248, 2.1238096e-8, -8.4973584e-9, 1.1633363e+2
-0.249, 2.1514804e-8, -8.6186178e-9, 1.1666697e+2
-0.250, 2.1785603e-8, -8.8782315e-9, 1.1700031e+2
-0.251, 2.2189322e-8, -9.0014884e-9, 1.1733364e+2
-0.252, 2.2392141e-8, -9.2105372e-9, 1.1766698e+2
-0.253, 2.2712703e-8, -9.4085637e-9, 1.1800031e+2
-0.254, 2.3121137e-8, -9.5358939e-9, 1.1833365e+2
-0.255, 2.3309097e-8, -9.8230668e-9, 1.1866698e+2
-0.256, 2.3700355e-8, -9.9962500e-9, 1.1900032e+2
-0.257, 2.4031223e-8, -1.0236931e-8, 1.1933366e+2
-0.258, 2.4253533e-8, -1.0447818e-8, 1.1966699e+2
-0.259, 2.4633447e-8, -1.0640971e-8, 1.2000033e+2
-0.260, 2.4951776e-8, -1.0889801e-8, 1.2033366e+2
-0.261, 2.5187266e-8, -1.1035025e-8, 1.2066700e+2
-0.262, 2.5509507e-8, -1.1331704e-8, 1.2100034e+2
-0.263, 2.5791488e-8, -1.1467741e-8, 1.2133367e+2
-0.264, 2.6130342e-8, -1.1781755e-8, 1.2166701e+2
-0.265, 2.6351854e-8, -1.1967718e-8, 1.2200034e+2
-0.266, 2.6648610e-8, -1.2274862e-8, 1.2233368e+2
-0.267, 2.6880986e-8, -1.2437660e-8, 1.2266702e+2
-0.268, 2.7139961e-8, -1.2670913e-8, 1.2300035e+2
-0.269, 2.7407724e-8, -1.2895939e-8, 1.2333369e+2
-0.270, 2.7655995e-8, -1.3095962e-8, 1.2366702e+2
-0.271, 2.7999324e-8, -1.3343832e-8, 1.2400036e+2
-0.272, 2.8218517e-8, -1.3467808e-8, 1.2433369e+2
-0.273, 2.8508088e-8, -1.3773753e-8, 1.2466703e+2
-0.274, 2.8709389e-8, -1.3907395e-8, 1.2500037e+2
-0.275, 2.8988094e-8, -1.4154947e-8, 1.2533370e+2
-0.276, 2.9143784e-8, -1.4373902e-8, 1.2566704e+2
-0.277, 2.9319441e-8, -1.4474232e-8, 1.2600037e+2
-0.278, 2.9568991e-8, -1.4761564e-8, 1.2633371e+2
-0.279, 2.9667484e-8, -1.4889374e-8, 1.2666705e+2
-0.280, 2.9918073e-8, -1.5087560e-8, 1.2700038e+2
-0.281, 3.0109387e-8, -1.5288702e-8, 1.2733372e+2
-0.282, 3.0218665e-8, -1.5386794e-8, 1.2766705e+2
-0.283, 3.0458470e-8, -1.5555903e-8, 1.2800038e+2
-0.284, 3.0558560e-8, -1.5768947e-8, 1.2833371e+2
-0.285, 3.0641637e-8, -1.5868160e-8, 1.2866704e+2
-0.286, 3.0851723e-8, -1.6004597e-8, 1.2900037e+2
-0.287, 3.0998386e-8, -1.6231459e-8, 1.2933369e+2
-0.288, 3.1058217e-8, -1.6336264e-8, 1.2966702e+2
-0.289, 3.1158390e-8, -1.6392740e-8, 1.3000035e+2
-0.290, 3.1220534e-8, -1.6581978e-8, 1.3033368e+2
-0.291, 3.1455947e-8, -1.6743419e-8, 1.3066701e+2
-0.292, 3.1538622e-8, -1.6830649e-8, 1.3100034e+2
-0.293, 3.1570494e-8, -1.6885847e-8, 1.3133366e+2
-0.294, 3.1615787e-8, -1.7060227e-8, 1.3166699e+2
-0.295, 3.1759015e-8, -1.7209286e-8, 1.3200032e+2
-0.296, 3.1880592e-8, -1.7286451e-8, 1.3233365e+2
-0.297, 3.1996979e-8, -1.7339971e-8, 1.3266698e+2
-0.298, 3.2043953e-8, -1.7394211e-8, 1.3300031e+2
-0.299, 3.2081093e-8, -1.7542071e-8, 1.3333363e+2
-0.300, 3.2146438e-8, -1.7679866e-8, 1.3366696e+2
-0.301, 3.2178470e-8, -1.7758149e-8, 1.3400029e+2
-0.302, 3.2351494e-8, -1.7811033e-8, 1.3433362e+2
-0.303, 3.2408209e-8, -1.7847137e-8, 1.3466695e+2
-0.304, 3.2474190e-8, -1.7920549e-8, 1.3500027e+2
-0.305, 3.2541212e-8, -1.8068009e-8, 1.3533360e+2
-0.306, 3.2550638e-8, -1.8171855e-8, 1.3566693e+2
-0.307, 3.2612625e-8, -1.8236879e-8, 1.3600026e+2
-0.308, 3.2715992e-8, -1.8290878e-8, 1.3633359e+2
-0.309, 3.2728853e-8, -1.8321552e-8, 1.3666692e+2
-0.310, 3.2798109e-8, -1.8346556e-8, 1.3700024e+2
-0.311, 3.2919530e-8, -1.8401993e-8, 1.3733357e+2
-0.312, 3.2964824e-8, -1.8509592e-8, 1.3766690e+2
-0.313, 3.3016825e-8, -1.8603613e-8, 1.3800023e+2
-0.314, 3.3029046e-8, -1.8673349e-8, 1.3833356e+2
-0.315, 3.3059798e-8, -1.8717603e-8, 1.3866689e+2
-0.316, 3.3080088e-8, -1.8752351e-8, 1.3900021e+2
-0.317, 3.3114439e-8, -1.8787819e-8, 1.3933354e+2
-0.318, 3.3199751e-8, -1.8811384e-8, 1.3966687e+2
-0.319, 3.3245126e-8, -1.8833751e-8, 1.4000020e+2
-0.320, 3.3271167e-8, -1.8874170e-8, 1.4033353e+2
-0.321, 3.3422623e-8, -1.8935680e-8, 1.4066685e+2
-0.322, 3.3453293e-8, -1.9025306e-8, 1.4100018e+2
-0.323, 3.3480376e-8, -1.9106865e-8, 1.4133351e+2
-0.324, 3.3525989e-8, -1.9151278e-8, 1.4166684e+2
-0.325, 3.3523271e-8, -1.9180835e-8, 1.4200017e+2
-0.326, 3.3573276e-8, -1.9210550e-8, 1.4233350e+2
-0.327, 3.3597718e-8, -1.9239627e-8, 1.4266682e+2
-0.328, 3.3627678e-8, -1.9267826e-8, 1.4300015e+2
-0.329, 3.3716827e-8, -1.9288116e-8, 1.4333348e+2
-0.330, 3.3762035e-8, -1.9302016e-8, 1.4366681e+2
-0.331, 3.3877544e-8, -1.9310800e-8, 1.4400014e+2
-0.332, 3.3949917e-8, -1.9332051e-8, 1.4433347e+2
-0.333, 3.3969965e-8, -1.9365441e-8, 1.4466679e+2
-0.334, 3.4000163e-8, -1.9410972e-8, 1.4500012e+2
-0.335, 3.4024925e-8, -1.9474959e-8, 1.4533345e+2
-0.336, 3.4049368e-8, -1.9526880e-8, 1.4566678e+2
-0.337, 3.4081403e-8, -1.9588787e-8, 1.4600011e+2
-0.338, 3.4097937e-8, -1.9632404e-8, 1.4633344e+2
-0.339, 3.4127972e-8, -1.9663318e-8, 1.4666676e+2
-0.340, 3.4189561e-8, -1.9687761e-8, 1.4700009e+2
-0.341, 3.4239729e-8, -1.9706931e-8, 1.4733342e+2
-0.342, 3.4299479e-8, -1.9730336e-8, 1.4766675e+2
-0.343, 3.4385749e-8, -1.9749669e-8, 1.4800008e+2
-0.344, 3.4431441e-8, -1.9769798e-8, 1.4833340e+2
-0.345, 3.4467948e-8, -1.9779625e-8, 1.4866673e+2
-0.346, 3.4493908e-8, -1.9792886e-8, 1.4900006e+2
-0.347, 3.4508766e-8, -1.9801192e-8, 1.4933339e+2
-0.348, 3.4526582e-8, -1.9819407e-8, 1.4966672e+2
-0.349, 3.4544634e-8, -1.9840574e-8, 1.5000005e+2
-0.350, 3.4596397e-8, -1.9866695e-8, 1.5033337e+2
-0.351, 3.4624197e-8, -1.9906157e-8, 1.5066670e+2
-0.352, 3.4700001e-8, -1.9969661e-8, 1.5100003e+2
-0.353, 3.4811677e-8, -2.0015433e-8, 1.5133336e+2
-0.354, 3.4856569e-8, -2.0051461e-8, 1.5166669e+2
-0.355, 3.4904499e-8, -2.0090763e-8, 1.5200002e+2
-0.356, 3.4966405e-8, -2.0123194e-8, 1.5233334e+2
-0.357, 3.4970800e-8, -2.0150752e-8, 1.5266667e+2
-0.358, 3.4992528e-8, -2.0170804e-8, 1.5300000e+2
-0.359, 3.5019287e-8, -2.0188775e-8, 1.5333333e+2
-0.360, 3.5040056e-8, -2.0207708e-8, 1.5366666e+2
-0.361, 3.5071370e-8, -2.0227279e-8, 1.5399998e+2
-0.362, 3.5120337e-8, -2.0243494e-8, 1.5433331e+2
-0.363, 3.5189515e-8, -2.0258433e-8, 1.5466664e+2
-0.364, 3.5264442e-8, -2.0269296e-8, 1.5499997e+2
-0.365, 3.5352709e-8, -2.0276405e-8, 1.5533330e+2
-0.366, 3.5429796e-8, -2.0283036e-8, 1.5566663e+2
-0.367, 3.5448888e-8, -2.0290626e-8, 1.5599995e+2
-0.368, 3.5471174e-8, -2.0296536e-8, 1.5633328e+2
-0.369, 3.5492825e-8, -2.0305722e-8, 1.5666661e+2
-0.370, 3.5508720e-8, -2.0318822e-8, 1.5699994e+2
-0.371, 3.5546584e-8, -2.0345343e-8, 1.5733327e+2
-0.372, 3.5634613e-8, -2.0370825e-8, 1.5766660e+2
-0.373, 3.5659856e-8, -2.0407651e-8, 1.5799992e+2
-0.374, 3.5750677e-8, -2.0446233e-8, 1.5833325e+2
-0.375, 3.5825131e-8, -2.0475071e-8, 1.5866658e+2
-0.376, 3.5889514e-8, -2.0521961e-8, 1.5899991e+2
-0.377, 3.5937443e-8, -2.0553195e-8, 1.5933324e+2
-0.378, 3.5955175e-8, -2.0589381e-8, 1.5966656e+2
-0.379, 3.5985209e-8, -2.0619336e-8, 1.5999989e+2
-0.380, 3.5997751e-8, -2.0635952e-8, 1.6033322e+2
-0.381, 3.6019962e-8, -2.0652646e-8, 1.6066655e+2
-0.382, 3.6085222e-8, -2.0668622e-8, 1.6099988e+2
-0.383, 3.6126441e-8, -2.0687315e-8, 1.6133321e+2
-0.384, 3.6186272e-8, -2.0704169e-8, 1.6166653e+2
-0.385, 3.6308649e-8, -2.0720785e-8, 1.6199986e+2
-0.386, 3.6346993e-8, -2.0735083e-8, 1.6233319e+2
-0.387, 3.6400035e-8, -2.0744670e-8, 1.6266652e+2
-0.388, 3.6454516e-8, -2.0753935e-8, 1.6299985e+2
-0.389, 3.6463700e-8, -2.0763121e-8, 1.6333318e+2
-0.390, 3.6478077e-8, -2.0771111e-8, 1.6366650e+2
-0.391, 3.6530160e-8, -2.0778220e-8, 1.6399983e+2
-0.392, 3.6572018e-8, -2.0786128e-8, 1.6433316e+2
-0.393, 3.6644952e-8, -2.0795314e-8, 1.6466649e+2
-0.394, 3.6706137e-8, -2.0816483e-8, 1.6499982e+2
-0.395, 3.6796884e-8, -2.0834856e-8, 1.6533315e+2
-0.396, 3.6871572e-8, -2.0856664e-8, 1.6566647e+2
-0.397, 3.6909757e-8, -2.0889095e-8, 1.6599980e+2
-0.398, 3.6947540e-8, -2.0923764e-8, 1.6633313e+2
-0.399, 3.6958326e-8, -2.0957474e-8, 1.6666646e+2
-0.400, 3.6983650e-8, -2.0992221e-8, 1.6699979e+2
-0.401, 3.7041161e-8, -2.1040709e-8, 1.6733311e+2
-0.402, 3.7106506e-8, -2.1067869e-8, 1.6766644e+2
-0.403, 3.7177518e-8, -2.1092074e-8, 1.6799977e+2
-0.404, 3.7303014e-8, -2.1113960e-8, 1.6833310e+2
-0.405, 3.7324341e-8, -2.1133932e-8, 1.6866643e+2
-0.406, 3.7402064e-8, -2.1148550e-8, 1.6899976e+2
-0.407, 3.7439289e-8, -2.1158614e-8, 1.6933308e+2
-0.408, 3.7450551e-8, -2.1170916e-8, 1.6966641e+2
-0.409, 3.7551843e-8, -2.1191285e-8, 1.6999974e+2
-0.410, 3.7574129e-8, -2.1209660e-8, 1.7033307e+2
-0.411, 3.7654090e-8, -2.1220602e-8, 1.7066640e+2
-0.412, 3.7751786e-8, -2.1236819e-8, 1.7099973e+2
-0.413, 3.7841172e-8, -2.1245047e-8, 1.7133305e+2
-0.414, 3.7907714e-8, -2.1253912e-8, 1.7166638e+2
-0.415, 3.7935752e-8, -2.1260703e-8, 1.7199971e+2
-0.416, 3.7957399e-8, -2.1266693e-8, 1.7233304e+2
-0.417, 3.8005727e-8, -2.1276039e-8, 1.7266637e+2
-0.418, 3.8022904e-8, -2.1284349e-8, 1.7299969e+2
-0.419, 3.8084810e-8, -2.1303519e-8, 1.7333302e+2
-0.420, 3.8201836e-8, -2.1324208e-8, 1.7366635e+2
-0.421, 3.8249045e-8, -2.1361911e-8, 1.7399968e+2
-0.422, 3.8280678e-8, -2.1394584e-8, 1.7433301e+2
-0.423, 3.8386123e-8, -2.1433006e-8, 1.7466634e+2
-0.424, 3.8416317e-8, -2.1480696e-8, 1.7499966e+2
-0.425, 3.8442117e-8, -2.1517760e-8, 1.7533299e+2
-0.426, 3.8472553e-8, -2.1560338e-8, 1.7566632e+2
-0.427, 3.8549640e-8, -2.1581107e-8, 1.7599965e+2
-0.428, 3.8649411e-8, -2.1609784e-8, 1.7633298e+2
-0.429, 3.8732807e-8, -2.1626638e-8, 1.7666631e+2
-0.430, 3.8824432e-8, -2.1642775e-8, 1.7699963e+2
-0.431, 3.8870123e-8, -2.1657232e-8, 1.7733296e+2
-0.432, 3.8895841e-8, -2.1673928e-8, 1.7766629e+2
-0.433, 3.8941536e-8, -2.1689985e-8, 1.7799962e+2
-0.434, 3.8958468e-8, -2.1708757e-8, 1.7833295e+2
-0.435, 3.9028848e-8, -2.1724414e-8, 1.7866628e+2
-0.436, 3.9139721e-8, -2.1734159e-8, 1.7899960e+2
-0.437, 3.9260183e-8, -2.1747420e-8, 1.7933293e+2
-0.438, 3.9316500e-8, -2.1759481e-8, 1.7966626e+2
-0.439, 3.9378964e-8, -2.1776815e-8, 1.7999959e+2
-0.440, 3.9411077e-8, -2.1792632e-8, 1.8033292e+2
-0.441, 3.9448224e-8, -2.1823706e-8, 1.8066624e+2
-0.442, 3.9511331e-8, -2.1855259e-8, 1.8099957e+2
-0.443, 3.9625320e-8, -2.1900071e-8, 1.8133290e+2
-0.444, 3.9742904e-8, -2.1938094e-8, 1.8166623e+2
-0.445, 3.9799460e-8, -2.1982268e-8, 1.8199956e+2
-0.446, 3.9864165e-8, -2.2021093e-8, 1.8233289e+2
-0.447, 3.9883176e-8, -2.2061192e-8, 1.8266621e+2
-0.448, 3.9909857e-8, -2.2084917e-8, 1.8299954e+2
-0.449, 4.0002757e-8, -2.2109200e-8, 1.8333287e+2
-0.450, 4.0044537e-8, -2.2124299e-8, 1.8366620e+2
-0.451, 4.0164757e-8, -2.2121023e-8, 1.8399953e+2
-0.452, 4.0311900e-8, -2.2170790e-8, 1.8433286e+2
-0.453, 4.0340577e-8, -2.2176380e-8, 1.8466618e+2
-0.454, 4.0368533e-8, -2.2126375e-8, 1.8499951e+2
-0.455, 4.0533649e-8, -2.2245798e-8, 1.8533284e+2
-0.456, 4.0425970e-8, -2.2249392e-8, 1.8566617e+2
-0.457, 4.0558891e-8, -2.2241325e-8, 1.8599950e+2
-0.458, 4.0781998e-8, -2.2265768e-8, 1.8633282e+2
-0.459, 4.0696047e-8, -2.2275433e-8, 1.8666615e+2
-0.460, 4.0876099e-8, -2.2289573e-8, 1.8699948e+2
-0.461, 4.0856527e-8, -2.2370493e-8, 1.8733281e+2
-0.462, 4.0959577e-8, -2.2307626e-8, 1.8766614e+2
-0.463, 4.1256413e-8, -2.2438313e-8, 1.8799947e+2
-0.464, 4.0883450e-8, -2.2591125e-8, 1.8833279e+2
-0.465, 4.1208803e-8, -2.2503414e-8, 1.8866612e+2
-0.466, 4.1313051e-8, -2.2570514e-8, 1.8899945e+2
-0.467, 4.1346123e-8, -2.2580741e-8, 1.8933278e+2
-0.468, 4.1414818e-8, -2.2601270e-8, 1.8966611e+2
-0.469, 4.1521858e-8, -2.2598552e-8, 1.8999944e+2
-0.470, 4.1699593e-8, -2.2697286e-8, 1.9033276e+2
-0.471, 4.1706944e-8, -2.2680831e-8, 1.9066609e+2
-0.472, 4.1811028e-8, -2.2692333e-8, 1.9099942e+2
-0.473, 4.1849216e-8, -2.2715021e-8, 1.9133275e+2
-0.474, 4.1919510e-8, -2.2728521e-8, 1.9166608e+2
-0.475, 4.1986528e-8, -2.2742979e-8, 1.9199940e+2
-0.476, 4.2087819e-8, -2.2759435e-8, 1.9233273e+2
-0.477, 4.2201091e-8, -2.2798497e-8, 1.9266606e+2
-0.478, 4.2315563e-8, -2.2839634e-8, 1.9299939e+2
-0.479, 4.2339526e-8, -2.2910490e-8, 1.9333272e+2
-0.480, 4.2395840e-8, -2.2968882e-8, 1.9366605e+2
-0.481, 4.2503839e-8, -2.3024800e-8, 1.9399937e+2
-0.482, 4.2600817e-8, -2.3064342e-8, 1.9433270e+2
-0.483, 4.2713769e-8, -2.3092699e-8, 1.9466603e+2
-0.484, 4.2808985e-8, -2.3118101e-8, 1.9499936e+2
-0.485, 4.2836543e-8, -2.3140228e-8, 1.9533269e+2
-0.486, 4.2913314e-8, -2.3169465e-8, 1.9566602e+2
-0.487, 4.3051905e-8, -2.3197423e-8, 1.9599934e+2
-0.488, 4.3202402e-8, -2.3215236e-8, 1.9633267e+2
-0.489, 4.3296740e-8, -2.3230973e-8, 1.9666600e+2
-0.490, 4.3327415e-8, -2.3253181e-8, 1.9699933e+2
-0.491, 4.3468166e-8, -2.3301988e-8, 1.9733266e+2
-0.492, 4.3624254e-8, -2.3367331e-8, 1.9766599e+2
-0.493, 4.3724185e-8, -2.3455680e-8, 1.9799931e+2
-0.494, 4.3803269e-8, -2.3532046e-8, 1.9833264e+2
-0.495, 4.3846963e-8, -2.3577657e-8, 1.9866597e+2
-0.496, 4.3930680e-8, -2.3613286e-8, 1.9899930e+2
-0.497, 4.4123432e-8, -2.3656421e-8, 1.9933263e+2
-0.498, 4.4235666e-8, -2.3683819e-8, 1.9966595e+2
-0.499, 4.4128942e-8, -2.3703391e-8, 1.9999928e+2
-0.500, 4.1130441e-8, -2.3685498e-8, 2.0033261e+2
-0.499, 3.9444867e-8, -2.3649712e-8, 2.0066594e+2
-0.498, 3.8156543e-8, -2.3611129e-8, 2.0099927e+2
-0.497, 3.7152120e-8, -2.3561761e-8, 2.0133260e+2
-0.496, 3.6316877e-8, -2.3480442e-8, 2.0166592e+2
-0.495, 3.5490665e-8, -2.3387381e-8, 2.0199925e+2
-0.494, 3.4836358e-8, -2.3279862e-8, 2.0233258e+2
-0.493, 3.4167034e-8, -2.3238403e-8, 2.0266591e+2
-0.492, 3.3555544e-8, -2.3216755e-8, 2.0299924e+2
-0.491, 3.3044223e-8, -2.3186798e-8, 2.0333257e+2
-0.490, 3.2539376e-8, -2.3155966e-8, 2.0366589e+2
-0.489, 3.2052501e-8, -2.3120737e-8, 2.0399922e+2
-0.488, 3.1555238e-8, -2.3089184e-8, 2.0433255e+2
-0.487, 3.1089609e-8, -2.3050681e-8, 2.0466588e+2
-0.486, 3.0655293e-8, -2.2984699e-8, 2.0499921e+2
-0.485, 3.0242710e-8, -2.2903301e-8, 2.0533253e+2
-0.484, 2.9905848e-8, -2.2835881e-8, 2.0566586e+2
-0.483, 2.9530648e-8, -2.2774930e-8, 2.0599919e+2
-0.482, 2.9119660e-8, -2.2737787e-8, 2.0633252e+2
-0.481, 2.8756117e-8, -2.2718694e-8, 2.0666585e+2
-0.480, 2.8351840e-8, -2.2708869e-8, 2.0699918e+2
-0.479, 2.8107562e-8, -2.2615808e-8, 2.0733250e+2
-0.478, 2.7681557e-8, -2.2634978e-8, 2.0766583e+2
-0.477, 2.7334154e-8, -2.2545033e-8, 2.0799916e+2
-0.476, 2.6992501e-8, -2.2389584e-8, 2.0833249e+2
-0.475, 2.6714673e-8, -2.2661819e-8, 2.0866582e+2
-0.474, 2.6358325e-8, -2.2542476e-8, 2.0899915e+2
-0.473, 2.6183542e-8, -2.2354197e-8, 2.0933247e+2
-0.472, 2.5915382e-8, -2.2491911e-8, 2.0966580e+2
-0.471, 2.5751785e-8, -2.2301474e-8, 2.0999913e+2
-0.470, 2.5368834e-8, -2.2294365e-8, 2.1033246e+2
-0.469, 2.5164820e-8, -2.2290612e-8, 2.1066579e+2
-0.468, 2.4903526e-8, -2.2242123e-8, 2.1099911e+2
-0.467, 2.4783784e-8, -2.2250591e-8, 2.1133244e+2
-0.466, 2.4375511e-8, -2.2219837e-8, 2.1166577e+2
-0.465, 2.4206884e-8, -2.2182451e-8, 2.1199910e+2
-0.464, 2.3962047e-8, -2.2189562e-8, 2.1233243e+2
-0.463, 2.3758030e-8, -2.2154973e-8, 2.1266576e+2
-0.462, 2.3640046e-8, -2.2135403e-8, 2.1299908e+2
-0.461, 2.3337535e-8, -2.2098337e-8, 2.1333241e+2
-0.460, 2.3204452e-8, -2.2066624e-8, 2.1366574e+2
-0.459, 2.3037421e-8, -2.2019655e-8, 2.1399907e+2
-0.458, 2.2780283e-8, -2.1971646e-8, 2.1433240e+2
-0.457, 2.2675080e-8, -2.1905583e-8, 2.1466573e+2
-0.456, 2.2390783e-8, -2.1861888e-8, 2.1499905e+2
-0.455, 2.2274795e-8, -2.1814040e-8, 2.1533238e+2
-0.454, 2.2166317e-8, -2.1783684e-8, 2.1566571e+2
-0.453, 2.1846711e-8, -2.1765313e-8, 2.1599904e+2
-0.452, 2.1760998e-8, -2.1750134e-8, 2.1633237e+2
-0.451, 2.1609065e-8, -2.1739272e-8, 2.1666570e+2
-0.450, 2.1358478e-8, -2.1722096e-8, 2.1699902e+2
-0.449, 2.1270688e-8, -2.1702766e-8, 2.1733235e+2
-0.448, 2.1149747e-8, -2.1681515e-8, 2.1766568e+2
-0.447, 2.0871282e-8, -2.1662265e-8, 2.1799901e+2
-0.446, 2.0784050e-8, -2.1646210e-8, 2.1833234e+2
-0.445, 2.0678927e-8, -2.1624322e-8, 2.1866566e+2
-0.444, 2.0436328e-8, -2.1604910e-8, 2.1899899e+2
-0.443, 2.0316426e-8, -2.1568244e-8, 2.1933232e+2
-0.442, 2.0255637e-8, -2.1531420e-8, 2.1966565e+2
-0.441, 2.0034445e-8, -2.1488605e-8, 2.1999898e+2
-0.440, 1.9870289e-8, -2.1436042e-8, 2.2033231e+2
-0.439, 1.9790967e-8, -2.1379487e-8, 2.2066563e+2
-0.438, 1.9663558e-8, -2.1341862e-8, 2.2099896e+2
-0.437, 1.9411852e-8, -2.1314863e-8, 2.2133229e+2
-0.436, 1.9326697e-8, -2.1290738e-8, 2.2166562e+2
-0.435, 1.9292589e-8, -2.1276279e-8, 2.2199895e+2
-0.434, 1.9082261e-8, -2.1266453e-8, 2.2233228e+2
-0.433, 1.8944068e-8, -2.1259185e-8, 2.2266560e+2
-0.432, 1.8838783e-8, -2.1248241e-8, 2.2299893e+2
-0.431, 1.8781028e-8, -2.1236419e-8, 2.2333226e+2
-0.430, 1.8613598e-8, -2.1219323e-8, 2.2366559e+2
-0.429, 1.8451439e-8, -2.1203988e-8, 2.2399892e+2
-0.428, 1.8363249e-8, -2.1186812e-8, 2.2433224e+2
-0.427, 1.8322432e-8, -2.1168759e-8, 2.2466557e+2
-0.426, 1.8205885e-8, -2.1153262e-8, 2.2499890e+2
-0.425, 1.8013850e-8, -2.1138565e-8, 2.2533223e+2
-0.424, 1.7877651e-8, -2.1123387e-8, 2.2566556e+2
-0.423, 1.7830201e-8, -2.1101021e-8, 2.2599889e+2
-0.422, 1.7731869e-8, -2.1075138e-8, 2.2633221e+2
-0.421, 1.7543508e-8, -2.1039511e-8, 2.2666554e+2
-0.420, 1.7429757e-8, -2.0997494e-8, 2.2699887e+2
-0.419, 1.7366412e-8, -2.0951562e-8, 2.2733220e+2
-0.418, 1.7315687e-8, -2.0920488e-8, 2.2766553e+2
-0.417, 1.7225183e-8, -2.0876554e-8, 2.2799886e+2
-0.416, 1.7041614e-8, -2.0846757e-8, 2.2833218e+2
-0.415, 1.6928583e-8, -2.0822874e-8, 2.2866551e+2
-0.414, 1.6869471e-8, -2.0799547e-8, 2.2899884e+2
-0.413, 1.6837758e-8, -2.0788685e-8, 2.2933217e+2
-0.412, 1.6700042e-8, -2.0779897e-8, 2.2966550e+2
-0.411, 1.6547389e-8, -2.0769033e-8, 2.2999883e+2
-0.410, 1.6446100e-8, -2.0763121e-8, 2.3033215e+2
-0.409, 1.6388427e-8, -2.0754095e-8, 2.3066548e+2
-0.408, 1.6359269e-8, -2.0743313e-8, 2.3099881e+2
-0.407, 1.6279868e-8, -2.0730850e-8, 2.3133214e+2
-0.406, 1.6144389e-8, -2.0716232e-8, 2.3166547e+2
-0.405, 1.5983668e-8, -2.0704089e-8, 2.3199879e+2
-0.404, 1.5920481e-8, -2.0686596e-8, 2.3233212e+2
-0.403, 1.5882138e-8, -2.0672218e-8, 2.3266545e+2
-0.402, 1.5821827e-8, -2.0658398e-8, 2.3299878e+2
-0.401, 1.5744664e-8, -2.0641222e-8, 2.3333211e+2
-0.400, 1.5593209e-8, -2.0625727e-8, 2.3366544e+2
-0.399, 1.5489363e-8, -2.0604638e-8, 2.3399876e+2
-0.398, 1.5432967e-8, -2.0590500e-8, 2.3433209e+2
-0.397, 1.5388633e-8, -2.0557508e-8, 2.3466542e+2
-0.396, 1.5345337e-8, -2.0516769e-8, 2.3499875e+2
-0.395, 1.5278317e-8, -2.0489610e-8, 2.3533208e+2
-0.394, 1.5174631e-8, -2.0449749e-8, 2.3566541e+2
-0.393, 1.5038035e-8, -2.0418994e-8, 2.3599873e+2
-0.392, 1.4944334e-8, -2.0388001e-8, 2.3633206e+2
-0.391, 1.4904312e-8, -2.0358364e-8, 2.3666539e+2
-0.390, 1.4884183e-8, -2.0339591e-8, 2.3699872e+2
-0.389, 1.4768435e-8, -2.0316268e-8, 2.3733205e+2
-0.388, 1.4697980e-8, -2.0305484e-8, 2.3766537e+2
-0.387, 1.4580634e-8, -2.0296376e-8, 2.3799870e+2
-0.386, 1.4501712e-8, -2.0290305e-8, 2.3833203e+2
-0.385, 1.4469439e-8, -2.0287189e-8, 2.3866536e+2
-0.384, 1.4419992e-8, -2.0282078e-8, 2.3899869e+2
-0.383, 1.4384287e-8, -2.0275847e-8, 2.3933202e+2
-0.382, 1.4334041e-8, -2.0268896e-8, 2.3966534e+2
-0.381, 1.4218053e-8, -2.0260190e-8, 2.3999867e+2
-0.380, 1.4071870e-8, -2.0254278e-8, 2.4033200e+2
-0.379, 1.3990630e-8, -2.0238543e-8, 2.4066533e+2
-0.378, 1.3938148e-8, -2.0225361e-8, 2.4099866e+2
-0.377, 1.3913945e-8, -2.0208507e-8, 2.4133199e+2
-0.376, 1.3880874e-8, -2.0195246e-8, 2.4166531e+2
-0.375, 1.3828072e-8, -2.0183185e-8, 2.4199864e+2
-0.374, 1.3701780e-8, -2.0166329e-8, 2.4233197e+2
-0.373, 1.3616947e-8, -2.0154348e-8, 2.4266530e+2
-0.372, 1.3528918e-8, -2.0136774e-8, 2.4299863e+2
-0.371, 1.3488338e-8, -2.0114486e-8, 2.4333195e+2
-0.370, 1.3427548e-8, -2.0098430e-8, 2.4366528e+2
-0.369, 1.3419001e-8, -2.0074227e-8, 2.4399861e+2
-0.368, 1.3391282e-8, -2.0038041e-8, 2.4433194e+2
-0.367, 1.3296223e-8, -2.0012159e-8, 2.4466527e+2
-0.366, 1.3206517e-8, -1.9973417e-8, 2.4499860e+2
-0.365, 1.3096601e-8, -1.9942423e-8, 2.4533192e+2
-0.364, 1.3011366e-8, -1.9903281e-8, 2.4566525e+2
-0.363, 1.2965435e-8, -1.9871248e-8, 2.4599858e+2
-0.362, 1.2942030e-8, -1.9854074e-8, 2.4633191e+2
-0.361, 1.2904964e-8, -1.9832665e-8, 2.4666524e+2
-0.360, 1.2856797e-8, -1.9817488e-8, 2.4699857e+2
-0.359, 1.2759182e-8, -1.9808940e-8, 2.4733189e+2
-0.358, 1.2679140e-8, -1.9800952e-8, 2.4766522e+2
-0.357, 1.2572261e-8, -1.9792006e-8, 2.4799855e+2
-0.356, 1.2528964e-8, -1.9782341e-8, 2.4833188e+2
-0.355, 1.2485350e-8, -1.9777547e-8, 2.4866521e+2
-0.354, 1.2446367e-8, -1.9763089e-8, 2.4899854e+2
-0.353, 1.2433027e-8, -1.9754063e-8, 2.4933186e+2
-0.352, 1.2394524e-8, -1.9738485e-8, 2.4966519e+2
-0.351, 1.2265197e-8, -1.9731695e-8, 2.4999852e+2
-0.350, 1.2159673e-8, -1.9712443e-8, 2.5033185e+2
-0.349, 1.2074999e-8, -1.9698545e-8, 2.5066518e+2
-0.348, 1.2011813e-8, -1.9686324e-8, 2.5099850e+2
-0.347, 1.1970434e-8, -1.9670347e-8, 2.5133183e+2
-0.346, 1.1938322e-8, -1.9650457e-8, 2.5166516e+2
-0.345, 1.1910204e-8, -1.9635998e-8, 2.5199849e+2
-0.344, 1.1812908e-8, -1.9603007e-8, 2.5233182e+2
-0.343, 1.1752199e-8, -1.9568898e-8, 2.5266515e+2
-0.342, 1.1644359e-8, -1.9537104e-8, 2.5299847e+2
-0.341, 1.1512316e-8, -1.9504753e-8, 2.5333180e+2
-0.340, 1.1481880e-8, -1.9459380e-8, 2.5366513e+2
-0.339, 1.1465345e-8, -1.9419439e-8, 2.5399846e+2
-0.338, 1.1415021e-8, -1.9389324e-8, 2.5433179e+2
-0.337, 1.1382908e-8, -1.9361845e-8, 2.5466512e+2
-0.336, 1.1303905e-8, -1.9342435e-8, 2.5499844e+2
-0.335, 1.1142546e-8, -1.9323583e-8, 2.5533177e+2
-0.334, 1.1076963e-8, -1.9313198e-8, 2.5566510e+2
-0.333, 1.1025119e-8, -1.9304570e-8, 2.5599843e+2
-0.332, 1.0983901e-8, -1.9297381e-8, 2.5633176e+2
-0.331, 1.0959697e-8, -1.9288834e-8, 2.5666510e+2
-0.330, 1.0906096e-8, -1.9275813e-8, 2.5699844e+2
-0.329, 1.0846426e-8, -1.9263352e-8, 2.5733179e+2
-0.328, 1.0730598e-8, -1.9247615e-8, 2.5766513e+2
-0.327, 1.0657827e-8, -1.9222533e-8, 2.5799847e+2
-0.326, 1.0592323e-8, -1.9207834e-8, 2.5833182e+2
-0.325, 1.0529138e-8, -1.9190262e-8, 2.5866516e+2
-0.324, 1.0497424e-8, -1.9169011e-8, 2.5899850e+2
-0.323, 1.0458203e-8, -1.9140655e-8, 2.5933185e+2
-0.322, 1.0389665e-8, -1.9109102e-8, 2.5966519e+2
-0.321, 1.0277192e-8, -1.9079865e-8, 2.5999854e+2
-0.320, 1.0155532e-8, -1.9012845e-8, 2.6033188e+2
-0.319, 1.0032915e-8, -1.8952614e-8, 2.6066522e+2
-0.318, 9.9946522e-9, -1.8897575e-8, 2.6099857e+2
-0.317, 9.9654152e-9, -1.8868580e-8, 2.6133191e+2
-0.316, 9.8491082e-9, -1.8832951e-8, 2.6166525e+2
-0.315, 9.7338395e-9, -1.8814500e-8, 2.6199860e+2
-0.314, 9.6119415e-9, -1.8801479e-8, 2.6233194e+2
-0.313, 9.5405275e-9, -1.8781268e-8, 2.6266528e+2
-0.312, 9.5005861e-9, -1.8755708e-8, 2.6299863e+2
-0.311, 9.4411545e-9, -1.8723833e-8, 2.6333197e+2
-0.310, 9.3454569e-9, -1.8692202e-8, 2.6366531e+2
-0.309, 9.1627692e-9, -1.8659369e-8, 2.6399866e+2
-0.308, 9.0391126e-9, -1.8592111e-8, 2.6433200e+2
-0.307, 9.0066008e-9, -1.8506316e-8, 2.6466534e+2
-0.306, 8.9018766e-9, -1.8417650e-8, 2.6499869e+2
-0.305, 8.7769418e-9, -1.8365967e-8, 2.6533203e+2
-0.304, 8.6236502e-9, -1.8334013e-8, 2.6566537e+2
-0.303, 8.5280325e-9, -1.8315561e-8, 2.6599872e+2
-0.302, 8.4952809e-9, -1.8283050e-8, 2.6633206e+2
-0.301, 8.3479801e-9, -1.8234562e-8, 2.6666541e+2
-0.300, 8.1493159e-9, -1.8182797e-8, 2.6699875e+2
-0.299, 8.0623250e-9, -1.8086462e-8, 2.6733209e+2
-0.298, 7.9760527e-9, -1.7946270e-8, 2.6766544e+2
-0.297, 7.7441573e-9, -1.7860557e-8, 2.6799878e+2
-0.296, 7.5950997e-9, -1.7825410e-8, 2.6833212e+2
-0.295, 7.5279987e-9, -1.7773727e-8, 2.6866547e+2
-0.294, 7.3976332e-9, -1.7718289e-8, 2.6899881e+2
-0.293, 7.1176491e-9, -1.7626585e-8, 2.6933215e+2
-0.292, 7.0439987e-9, -1.7458914e-8, 2.6966550e+2
-0.291, 6.8750503e-9, -1.7357467e-8, 2.6999884e+2
-0.290, 6.6596098e-9, -1.7316486e-8, 2.7033218e+2
-0.289, 6.5617556e-9, -1.7242595e-8, 2.7066553e+2
-0.288, 6.3401648e-9, -1.7134118e-8, 2.7099887e+2
-0.287, 6.0799921e-9, -1.6940724e-8, 2.7133221e+2
-0.286, 5.9552971e-9, -1.6850219e-8, 2.7166556e+2
-0.285, 5.6490324e-9, -1.6776809e-8, 2.7199890e+2
-0.284, 5.4923857e-9, -1.6655310e-8, 2.7233224e+2
-0.283, 5.2020970e-9, -1.6424613e-8, 2.7266559e+2
-0.282, 5.0188493e-9, -1.6351681e-8, 2.7299893e+2
-0.281, 4.7192148e-9, -1.6249912e-8, 2.7333228e+2
-0.280, 4.5734319e-9, -1.6043499e-8, 2.7366562e+2
-0.279, 4.2082946e-9, -1.5871514e-8, 2.7399896e+2
-0.278, 4.0581178e-9, -1.5769587e-8, 2.7433231e+2
-0.277, 3.6783625e-9, -1.5544961e-8, 2.7466565e+2
-0.276, 3.4847305e-9, -1.5380405e-8, 2.7499899e+2
-0.275, 3.1652052e-9, -1.5267533e-8, 2.7533234e+2
-0.274, 2.7787399e-9, -1.5003923e-8, 2.7566568e+2
-0.273, 2.6324773e-9, -1.4855425e-8, 2.7599902e+2
-0.272, 2.2198909e-9, -1.4664908e-8, 2.7633237e+2
-0.271, 1.8741646e-9, -1.4414161e-8, 2.7666571e+2
-0.270, 1.6643966e-9, -1.4287949e-8, 2.7699905e+2
-0.269, 1.2797684e-9, -1.3962193e-8, 2.7733240e+2
-0.268, 9.7054820e-10, -1.3830149e-8, 2.7766574e+2
-0.267, 6.8409406e-10, -1.3536667e-8, 2.7799908e+2
-0.266, 2.9323516e-10, -1.3383932e-8, 2.7833243e+2
-0.265, -2.1417038e-11, -1.3152996e-8, 2.7866577e+2
-0.264, -3.2552494e-10, -1.2909518e-8, 2.7899911e+2
-0.263, -7.2557016e-10, -1.2695517e-8, 2.7933246e+2
-0.262, -1.0417401e-9, -1.2438378e-8, 2.7966580e+2
-0.261, -1.3591881e-9, -1.2246744e-8, 2.7999915e+2
-0.260, -1.7750498e-9, -1.1941517e-8, 2.8033249e+2
-0.259, -2.1532078e-9, -1.1713616e-8, 2.8066583e+2
-0.258, -2.5338418e-9, -1.1439384e-8, 2.8099918e+2
-0.257, -2.7858671e-9, -1.1261888e-8, 2.8133252e+2
-0.256, -3.2054830e-9, -1.0968005e-8, 2.8166586e+2
-0.255, -3.5090320e-9, -1.0809202e-8, 2.8199921e+2
-0.254, -3.7513916e-9, -1.0507889e-8, 2.8233255e+2
-0.253, -4.1498391e-9, -1.0351322e-8, 2.8266589e+2
-0.252, -4.4748760e-9, -1.0050888e-8, 2.8299924e+2
-0.251, -4.7182742e-9, -9.8786650e-9, 2.8333258e+2
-0.250, -5.0656777e-9, -9.5569828e-9, 2.8366592e+2
-0.249, -5.3204192e-9, -9.4226218e-9, 2.8399927e+2
-0.248, -5.6326748e-9, -9.2102175e-9, 2.8433261e+2
-0.247, -5.8013043e-9, -8.9847934e-9, 2.8466595e+2
-0.246, -6.1368848e-9, -8.8428447e-9, 2.8499930e+2
-0.245, -6.4024106e-9, -8.5451273e-9, 2.8533264e+2
-0.244, -6.6580306e-9, -8.4482314e-9, 2.8566599e+2
-0.243, -6.7777726e-9, -8.2772056e-9, 2.8599933e+2
-0.242, -7.1523356e-9, -8.0367624e-9, 2.8633267e+2
-0.241, -7.2661663e-9, -7.9193372e-9, 2.8666602e+2
-0.240, -7.5259399e-9, -7.6828890e-9, 2.8699936e+2
-0.239, -7.6916136e-9, -7.5282385e-9, 2.8733270e+2
-0.238, -7.8555304e-9, -7.4388522e-9, 2.8766605e+2
-0.237, -8.1083540e-9, -7.2846809e-9, 2.8799939e+2
-0.236, -8.2574916e-9, -7.0833006e-9, 2.8833273e+2
-0.235, -8.3933704e-9, -6.9911974e-9, 2.8866608e+2
-0.234, -8.6097689e-9, -6.9182660e-9, 2.8899942e+2
-0.233, -8.6696001e-9, -6.7591421e-9, 2.8933276e+2
-0.232, -8.8049186e-9, -6.5959447e-9, 2.8966611e+2
-0.231, -9.0250714e-9, -6.5286048e-9, 2.8999945e+2
-0.230, -9.1011980e-9, -6.4564722e-9, 2.9033279e+2
-0.229, -9.2118331e-9, -6.3360908e-9, 2.9066614e+2
-0.228, -9.2667918e-9, -6.1641070e-9, 2.9099948e+2
-0.227, -9.4108179e-9, -6.0660130e-9, 2.9133282e+2
-0.226, -9.5952633e-9, -6.0241550e-9, 2.9166617e+2
-0.225, -9.6058077e-9, -5.9540191e-9, 2.9199951e+2
-0.224, -9.6685948e-9, -5.8622356e-9, 2.9233286e+2
-0.223, -9.7590203e-9, -5.7124581e-9, 2.9266620e+2
-0.222, -9.7948067e-9, -5.6155622e-9, 2.9299954e+2
-0.221, -9.9428270e-9, -5.5783378e-9, 2.9333289e+2
-0.220, -1.0070238e-8, -5.5538942e-9, 2.9366623e+2
-0.219, -1.0086054e-8, -5.5019709e-9, 2.9399957e+2
-0.218, -1.0117527e-8, -5.4564393e-9, 2.9433292e+2
-0.217, -1.0163379e-8, -5.3957292e-9, 2.9466626e+2
-0.216, -1.0252446e-8, -5.3084990e-9, 2.9499960e+2
-0.215, -1.0279367e-8, -5.1977036e-9, 2.9533295e+2
-0.214, -1.0333845e-8, -5.1326805e-9, 2.9566629e+2
-0.213, -1.0445120e-8, -5.0942575e-9, 2.9599963e+2
-0.212, -1.0479948e-8, -5.0821951e-9, 2.9633298e+2
-0.211, -1.0529474e-8, -5.0544764e-9, 2.9666632e+2
-0.210, -1.0579400e-8, -5.0251598e-9, 2.9699966e+2
-0.209, -1.0562386e-8, -4.9913704e-9, 2.9733301e+2
-0.208, -1.0591222e-8, -4.9637316e-9, 2.9766635e+2
-0.207, -1.0604243e-8, -4.9202757e-9, 2.9799969e+2
-0.206, -1.0607199e-8, -4.8744244e-9, 2.9833304e+2
-0.205, -1.0597134e-8, -4.7927058e-9, 2.9866638e+2
-0.204, -1.0626770e-8, -4.7374278e-9, 2.9899973e+2
-0.203, -1.0632122e-8, -4.6835082e-9, 2.9933307e+2
-0.202, -1.0678932e-8, -4.6496385e-9, 2.9966641e+2
-0.201, -1.0702417e-8, -4.6195230e-9, 2.9999976e+2
-0.200, -1.0765045e-8, -4.6081801e-9, 3.0033310e+2
-0.199, -1.0779982e-8, -4.5954791e-9, 3.0066644e+2
-0.198, -1.0724145e-8, -4.5893280e-9, 3.0099979e+2
-0.197, -1.0868731e-8, -4.5729527e-9, 3.0133313e+2
-0.196, -1.0827113e-8, -4.5604112e-9, 3.0166647e+2
-0.195, -1.0850917e-8, -4.5331716e-9, 3.0199982e+2
-0.194, -1.0944298e-8, -4.5190327e-9, 3.0233316e+2
-0.193, -1.0838056e-8, -4.4994617e-9, 3.0266650e+2
-0.192, -1.0843168e-8, -4.4819677e-9, 3.0299985e+2
-0.191, -1.0969061e-8, -4.4611186e-9, 3.0333319e+2
-0.190, -1.0951167e-8, -4.4404294e-9, 3.0366653e+2
-0.189, -1.0910348e-8, -4.4099946e-9, 3.0399988e+2
-0.188, -1.0968502e-8, -4.3786010e-9, 3.0433322e+2
-0.187, -1.0934073e-8, -4.3497641e-9, 3.0466656e+2
-0.186, -1.0997019e-8, -4.2963237e-9, 3.0499991e+2
-0.185, -1.0930878e-8, -4.2614157e-9, 3.0533325e+2
-0.184, -1.0925765e-8, -4.2301820e-9, 3.0566660e+2
-0.183, -1.0941902e-8, -4.1880051e-9, 3.0599994e+2
-0.182, -1.0945017e-8, -4.1736259e-9, 3.0633328e+2
-0.181, -1.0944537e-8, -4.1441499e-9, 3.0666663e+2
-0.180, -1.0937588e-8, -4.1388777e-9, 3.0699997e+2
-0.179, -1.0904517e-8, -4.1218633e-9, 3.0733331e+2
-0.178, -1.0935351e-8, -4.1189874e-9, 3.0766666e+2
-0.177, -1.0887742e-8, -4.1087622e-9, 3.0800000e+2
-0.176, -1.0886304e-8, -4.1044488e-9, 3.0833334e+2
-0.175, -1.0978407e-8, -4.0944634e-9, 3.0866669e+2
-0.174, -1.0894851e-8, -4.0912687e-9, 3.0900003e+2
-0.173, -1.0891656e-8, -4.0775290e-9, 3.0933337e+2
-0.172, -1.0907312e-8, -4.0711385e-9, 3.0966672e+2
-0.171, -1.0892055e-8, -4.0563606e-9, 3.1000006e+2
-0.170, -1.0851156e-8, -4.0520467e-9, 3.1033340e+2
-0.169, -1.0848280e-8, -4.0342334e-9, 3.1066675e+2
-0.168, -1.0829429e-8, -4.0292010e-9, 3.1100009e+2
-0.167, -1.0815929e-8, -4.0188164e-9, 3.1133344e+2
-0.166, -1.0786213e-8, -4.0063548e-9, 3.1166678e+2
-0.165, -1.0812094e-8, -3.9912571e-9, 3.1200012e+2
-0.164, -1.0796597e-8, -3.9873429e-9, 3.1233347e+2
-0.163, -1.0806183e-8, -3.9689705e-9, 3.1266681e+2
-0.162, -1.0823997e-8, -3.9552308e-9, 3.1300015e+2
-0.161, -1.0806902e-8, -3.9360595e-9, 3.1333350e+2
-0.160, -1.0769518e-8, -3.9312664e-9, 3.1366684e+2
-0.159, -1.0816567e-8, -3.9086601e-9, 3.1400018e+2
-0.158, -1.0787891e-8, -3.8909262e-9, 3.1433353e+2
-0.157, -1.0754739e-8, -3.8700776e-9, 3.1466687e+2
-0.156, -1.0821680e-8, -3.8420391e-9, 3.1500021e+2
-0.155, -1.0784376e-8, -3.8162375e-9, 3.1533356e+2
-0.154, -1.0789088e-8, -3.7969863e-9, 3.1566690e+2
-0.153, -1.0806024e-8, -3.7660723e-9, 3.1600024e+2
-0.152, -1.0846044e-8, -3.7530516e-9, 3.1633359e+2
-0.151, -1.0804666e-8, -3.7331613e-9, 3.1666693e+2
-0.150, -1.0791724e-8, -3.7167851e-9, 3.1700027e+2
-0.149, -1.0865056e-8, -3.6939394e-9, 3.1733362e+2
-0.148, -1.0839094e-8, -3.6864303e-9, 3.1766696e+2
-0.147, -1.0836778e-8, -3.6669392e-9, 3.1800031e+2
-0.146, -1.0927842e-8, -3.6611081e-9, 3.1833365e+2
-0.145, -1.0877118e-8, -3.6481671e-9, 3.1866699e+2
-0.144, -1.0893334e-8, -3.6456111e-9, 3.1900034e+2
-0.143, -1.0964188e-8, -3.6337886e-9, 3.1933368e+2
-0.142, -1.0955801e-8, -3.6346675e-9, 3.1966702e+2
-0.141, -1.0942381e-8, -3.6242829e-9, 3.2000037e+2
-0.140, -1.1009401e-8, -3.6257208e-9, 3.2033371e+2
-0.139, -1.0999496e-8, -3.6173333e-9, 3.2066705e+2
-0.138, -1.1019625e-8, -3.6172532e-9, 3.2100040e+2
-0.137, -1.1010040e-8, -3.6121410e-9, 3.2133374e+2
-0.136, -1.1044309e-8, -3.6133390e-9, 3.2166708e+2
-0.135, -1.1056851e-8, -3.6020760e-9, 3.2200043e+2
-0.134, -1.1059806e-8, -3.5992000e-9, 3.2233377e+2
-0.133, -1.1076820e-8, -3.5908125e-9, 3.2266711e+2
-0.132, -1.1080655e-8, -3.5845020e-9, 3.2300046e+2
-0.131, -1.1087285e-8, -3.5783512e-9, 3.2333380e+2
-0.130, -1.1133377e-8, -3.5761942e-9, 3.2366714e+2
-0.129, -1.1120676e-8, -3.5659693e-9, 3.2400049e+2
-0.128, -1.1136173e-8, -3.5601382e-9, 3.2433383e+2
-0.127, -1.1157501e-8, -3.5523098e-9, 3.2466718e+2
-0.126, -1.1174995e-8, -3.5432033e-9, 3.2500052e+2
-0.125, -1.1179228e-8, -3.5364933e-9, 3.2533386e+2
-0.124, -1.1202475e-8, -3.5321799e-9, 3.2566721e+2
-0.123, -1.1214935e-8, -3.5228338e-9, 3.2600055e+2
-0.122, -1.1231391e-8, -3.5191592e-9, 3.2633389e+2
-0.121, -1.1289624e-8, -3.5099728e-9, 3.2666724e+2
-0.120, -1.1317822e-8, -3.5055794e-9, 3.2700058e+2
-0.119, -1.1349536e-8, -3.5007865e-9, 3.2733392e+2
-0.118, -1.1423984e-8, -3.4951146e-9, 3.2766727e+2
-0.117, -1.1467680e-8, -3.4864878e-9, 3.2800061e+2
-0.116, -1.1505703e-8, -3.4813754e-9, 3.2833395e+2
-0.115, -1.1513132e-8, -3.4689140e-9, 3.2866730e+2
-0.114, -1.1559224e-8, -3.4623635e-9, 3.2900064e+2
-0.113, -1.1544046e-8, -3.4526979e-9, 3.2933398e+2
-0.112, -1.1578555e-8, -3.4416743e-9, 3.2966733e+2
-0.111, -1.1593892e-8, -3.4233816e-9, 3.3000067e+2
-0.110, -1.1609469e-8, -3.4177901e-9, 3.3033401e+2
-0.109, -1.1633513e-8, -3.3965413e-9, 3.3066736e+2
-0.108, -1.1677447e-8, -3.3904706e-9, 3.3100070e+2
-0.107, -1.1693824e-8, -3.3685830e-9, 3.3133405e+2
-0.106, -1.1721543e-8, -3.3546039e-9, 3.3166739e+2
-0.105, -1.1791358e-8, -3.3336749e-9, 3.3200073e+2
-0.104, -1.1897521e-8, -3.3267253e-9, 3.3233408e+2
-0.103, -1.1993778e-8, -3.2987670e-9, 3.3266742e+2
-0.102, -1.1978201e-8, -3.2906988e-9, 3.3300076e+2
-0.101, -1.2034676e-8, -3.2688112e-9, 3.3333411e+2
-0.100, -1.2046979e-8, -3.2523557e-9, 3.3366745e+2
-0.099, -1.2050094e-8, -3.2352612e-9, 3.3400079e+2
-0.098, -1.2080529e-8, -3.2279124e-9, 3.3433414e+2
-0.097, -1.2092910e-8, -3.2065037e-9, 3.3466748e+2
-0.096, -1.2121029e-8, -3.2082614e-9, 3.3500082e+2
-0.095, -1.2186052e-8, -3.1906076e-9, 3.3533417e+2
-0.094, -1.2210895e-8, -3.1783858e-9, 3.3566751e+2
-0.093, -1.2253711e-8, -3.1699185e-9, 3.3600085e+2
-0.092, -1.2337267e-8, -3.1656047e-9, 3.3633420e+2
-0.091, -1.2370498e-8, -3.1553000e-9, 3.3666754e+2
-0.090, -1.2428491e-8, -3.1552203e-9, 3.3700089e+2
-0.089, -1.2493355e-8, -3.1473919e-9, 3.3733423e+2
-0.088, -1.2502381e-8, -3.1453948e-9, 3.3766757e+2
-0.087, -1.2520595e-8, -3.1383653e-9, 3.3800092e+2
-0.086, -1.2542881e-8, -3.1394836e-9, 3.3833426e+2
-0.085, -1.2556061e-8, -3.1312559e-9, 3.3866760e+2
-0.084, -1.2588813e-8, -3.1329335e-9, 3.3900095e+2
-0.083, -1.2591608e-8, -3.1227085e-9, 3.3933429e+2
-0.082, -1.2668374e-8, -3.1243861e-9, 3.3966763e+2
-0.081, -1.2687146e-8, -3.1188743e-9, 3.4000098e+2
-0.080, -1.2695613e-8, -3.1183149e-9, 3.4033432e+2
-0.079, -1.2869676e-8, -3.1110459e-9, 3.4066766e+2
-0.078, -1.2871912e-8, -3.1109659e-9, 3.4100101e+2
-0.077, -1.2936296e-8, -3.1020193e-9, 3.4133435e+2
-0.076, -1.3017775e-8, -3.1028182e-9, 3.4166769e+2
-0.075, -1.3026322e-8, -3.0917147e-9, 3.4200104e+2
-0.074, -1.3057876e-8, -3.0932323e-9, 3.4233438e+2
-0.073, -1.3079522e-8, -3.0834868e-9, 3.4266772e+2
-0.072, -1.3110838e-8, -3.0834071e-9, 3.4300107e+2
-0.071, -1.3129050e-8, -3.0731822e-9, 3.4333441e+2
-0.070, -1.3150617e-8, -3.0733420e-9, 3.4366776e+2
-0.069, -1.3187362e-8, -3.0619989e-9, 3.4400110e+2
-0.068, -1.3227942e-8, -3.0598419e-9, 3.4433444e+2
-0.067, -1.3275792e-8, -3.0552090e-9, 3.4466779e+2
-0.066, -1.3366297e-8, -3.0492178e-9, 3.4500113e+2
-0.065, -1.3425569e-8, -3.0453835e-9, 3.4533447e+2
-0.064, -1.3446577e-8, -3.0420284e-9, 3.4566782e+2
-0.063, -1.3504891e-8, -3.0300462e-9, 3.4600116e+2
-0.062, -1.3518870e-8, -3.0307652e-9, 3.4633450e+2
-0.061, -1.3531731e-8, -3.0251737e-9, 3.4666785e+2
-0.060, -1.3564882e-8, -3.0207004e-9, 3.4700119e+2
-0.059, -1.3573509e-8, -3.0147091e-9, 3.4733453e+2
-0.058, -1.3607219e-8, -3.0117535e-9, 3.4766788e+2
-0.057, -1.3640289e-8, -3.0022476e-9, 3.4800122e+2
-0.056, -1.3689657e-8, -3.0059222e-9, 3.4833456e+2
-0.055, -1.3716575e-8, -2.9948186e-9, 3.4866791e+2
-0.054, -1.3792624e-8, -2.9894667e-9, 3.4900125e+2
-0.053, -1.3901740e-8, -2.9841145e-9, 3.4933459e+2
-0.052, -1.3943838e-8, -2.9778040e-9, 3.4966794e+2
-0.051, -1.3969001e-8, -2.9734903e-9, 3.5000128e+2
-0.050, -1.4005347e-8, -2.9686975e-9, 3.5033463e+2
-0.049, -1.4006944e-8, -2.9587923e-9, 3.5066797e+2
-0.048, -1.4030670e-8, -2.9536800e-9, 3.5100131e+2
-0.047, -1.4064379e-8, -2.9440941e-9, 3.5133466e+2
-0.046, -1.4075082e-8, -2.9394611e-9, 3.5166800e+2
-0.045, -1.4110231e-8, -2.9233249e-9, 3.5200134e+2
-0.044, -1.4149213e-8, -2.9201297e-9, 3.5233469e+2
-0.043, -1.4175174e-8, -2.9047127e-9, 3.5266803e+2
-0.042, -1.4224940e-8, -2.8962452e-9, 3.5300137e+2
-0.041, -1.4269833e-8, -2.8887364e-9, 3.5333472e+2
-0.040, -1.4335495e-8, -2.8710028e-9, 3.5366806e+2
-0.039, -1.4363374e-8, -2.8722809e-9, 3.5400140e+2
-0.038, -1.4433351e-8, -2.8550267e-9, 3.5433475e+2
-0.037, -1.4476647e-8, -2.8396894e-9, 3.5466809e+2
-0.036, -1.4481919e-8, -2.8360148e-9, 3.5500143e+2
-0.035, -1.4487031e-8, -2.8142073e-9, 3.5533478e+2
-0.034, -1.4514031e-8, -2.8075771e-9, 3.5566812e+2
-0.033, -1.4512992e-8, -2.7965534e-9, 3.5600146e+2
-0.032, -1.4539433e-8, -2.7880860e-9, 3.5633481e+2
-0.031, -1.4554290e-8, -2.7726690e-9, 3.5666815e+2
-0.030, -1.4576498e-8, -2.7657192e-9, 3.5700150e+2
-0.029, -1.4598705e-8, -2.7513407e-9, 3.5733484e+2
-0.028, -1.4651027e-8, -2.7435123e-9, 3.5766818e+2
-0.027, -1.4656378e-8, -2.7345657e-9, 3.5800153e+2
-0.026, -1.4675551e-8, -2.7379206e-9, 3.5833487e+2
-0.025, -1.4715570e-8, -2.7245806e-9, 3.5866821e+2
-0.024, -1.4788902e-8, -2.7182698e-9, 3.5900156e+2
-0.023, -1.4813265e-8, -2.7067668e-9, 3.5933490e+2
-0.022, -1.4844179e-8, -2.7052491e-9, 3.5966824e+2
-0.021, -1.4924220e-8, -2.6951843e-9, 3.6000159e+2
-0.020, -1.4943152e-8, -2.6927078e-9, 3.6033493e+2
-0.019, -1.4946988e-8, -2.6826428e-9, 3.6066827e+2
-0.018, -1.4990922e-8, -2.6794476e-9, 3.6100162e+2
-0.017, -1.4983332e-8, -2.6740956e-9, 3.6133496e+2
-0.016, -1.4994596e-8, -2.6720186e-9, 3.6166830e+2
-0.015, -1.5003064e-8, -2.6650691e-9, 3.6200165e+2
-0.014, -1.5019280e-8, -2.6635512e-9, 3.6233499e+2
-0.013, -1.5013928e-8, -2.6575602e-9, 3.6266833e+2
-0.012, -1.5075436e-8, -2.6577198e-9, 3.6300168e+2
-0.011, -1.5051871e-8, -2.6492526e-9, 3.6333502e+2
-0.010, -1.5084941e-8, -2.6528471e-9, 3.6366837e+2
-0.009, -1.5086540e-8, -2.6466962e-9, 3.6400171e+2
-0.008, -1.5122406e-8, -2.6459772e-9, 3.6433505e+2
-0.007, -1.5124483e-8, -2.6411047e-9, 3.6466840e+2
-0.006, -1.5147490e-8, -2.6418236e-9, 3.6500174e+2
-0.005, -1.5200930e-8, -2.6339153e-9, 3.6533508e+2
-0.004, -1.5229766e-8, -2.6388678e-9, 3.6566843e+2
-0.003, -1.5248220e-8, -2.6312792e-9, 3.6600177e+2
-0.002, -1.5368679e-8, -2.6301608e-9, 3.6633511e+2
-0.001, -1.5316198e-8, -2.6253679e-9, 3.6666846e+2
-0.000, -1.5384975e-8, -2.6240099e-9, 3.6700180e+2
0.001, -1.5449279e-8, -2.6177793e-9, 3.6733514e+2
0.002, -1.5465497e-8, -2.6181786e-9, 3.6766849e+2
0.003, -1.5464936e-8, -2.6101108e-9, 3.6800183e+2
0.004, -1.5494573e-8, -2.6085130e-9, 3.6833517e+2
0.005, -1.5493775e-8, -2.6004450e-9, 3.6866852e+2
0.006, -1.5528842e-8, -2.6005247e-9, 3.6900186e+2
0.007, -1.5545858e-8, -2.5970901e-9, 3.6933521e+2
0.008, -1.5569741e-8, -2.5934954e-9, 3.6966855e+2
0.009, -1.5595862e-8, -2.5883828e-9, 3.7000189e+2
0.010, -1.5639957e-8, -2.5871847e-9, 3.7033524e+2
0.011, -1.5747078e-8, -2.5804747e-9, 3.7066858e+2
0.012, -1.5797962e-8, -2.5764806e-9, 3.7100192e+2
0.013, -1.5837184e-8, -2.5693712e-9, 3.7133527e+2
0.014, -1.5941350e-8, -2.5668949e-9, 3.7166861e+2
0.015, -1.5955568e-8, -2.5589866e-9, 3.7200195e+2
0.016, -1.5975617e-8, -2.5559512e-9, 3.7233530e+2
0.017, -1.5992233e-8, -2.5502795e-9, 3.7266864e+2
0.018, -1.6024904e-8, -2.5470044e-9, 3.7300198e+2
0.019, -1.6066762e-8, -2.5394955e-9, 3.7333533e+2
0.020, -1.6137376e-8, -2.5365399e-9, 3.7366867e+2
0.021, -1.6184826e-8, -2.5355815e-9, 3.7400201e+2
0.022, -1.6256399e-8, -2.5296703e-9, 3.7433536e+2
0.023, -1.6331487e-8, -2.5241584e-9, 3.7466870e+2
0.024, -1.6413766e-8, -2.5166496e-9, 3.7500204e+2
0.025, -1.6442364e-8, -2.5152118e-9, 3.7533539e+2
0.026, -1.6466647e-8, -2.5102591e-9, 3.7566873e+2
0.027, -1.6484542e-8, -2.5036289e-9, 3.7600208e+2
0.028, -1.6526478e-8, -2.4945224e-9, 3.7633542e+2
0.029, -1.6560508e-8, -2.4944427e-9, 3.7666876e+2
0.030, -1.6694790e-8, -2.4888509e-9, 3.7700211e+2
0.031, -1.6788489e-8, -2.4798243e-9, 3.7733545e+2
0.032, -1.6885146e-8, -2.4749516e-9, 3.7766879e+2
0.033, -1.6940422e-8, -2.4729545e-9, 3.7800214e+2
0.034, -1.6971976e-8, -2.4584161e-9, 3.7833548e+2
0.035, -1.7002012e-8, -2.4622504e-9, 3.7866882e+2
0.036, -1.7057371e-8, -2.4508273e-9, 3.7900217e+2
0.037, -1.7089482e-8, -2.4405229e-9, 3.7933551e+2
0.038, -1.7170960e-8, -2.4306974e-9, 3.7966885e+2
0.039, -1.7286869e-8, -2.4229490e-9, 3.8000220e+2
0.040, -1.7396225e-8, -2.4179163e-9, 3.8033554e+2
0.041, -1.7423945e-8, -2.4118454e-9, 3.8066888e+2
0.042, -1.7457015e-8, -2.3958691e-9, 3.8100223e+2
0.043, -1.7498394e-8, -2.3886000e-9, 3.8133557e+2
0.044, -1.7569967e-8, -2.3802924e-9, 3.8166891e+2
0.045, -1.7623169e-8, -2.3731828e-9, 3.8200226e+2
0.046, -1.7797708e-8, -2.3664728e-9, 3.8233560e+2
0.047, -1.7879426e-8, -2.3532127e-9, 3.8266895e+2
0.048, -1.7933745e-8, -2.3405113e-9, 3.8300229e+2
0.049, -1.7969933e-8, -2.3273310e-9, 3.8333563e+2
0.050, -1.8017221e-8, -2.3318842e-9, 3.8366898e+2
0.051, -1.8050132e-8, -2.3113547e-9, 3.8400232e+2
0.052, -1.8211015e-8, -2.2952189e-9, 3.8433566e+2
0.053, -1.8297206e-8, -2.2960973e-9, 3.8466901e+2
0.054, -1.8395060e-8, -2.2925828e-9, 3.8500235e+2
0.055, -1.8421822e-8, -2.2701361e-9, 3.8533569e+2
0.056, -1.8474941e-8, -2.2605504e-9, 3.8566904e+2
0.057, -1.8526226e-8, -2.2574349e-9, 3.8600238e+2
0.058, -1.8574234e-8, -2.2440947e-9, 3.8633572e+2
0.059, -1.8699808e-8, -2.2444142e-9, 3.8666907e+2
0.060, -1.8835285e-8, -2.2308344e-9, 3.8700241e+2
0.061, -1.8898472e-8, -2.2235653e-9, 3.8733575e+2
0.062, -1.8984345e-8, -2.2262812e-9, 3.8766910e+2
0.063, -1.9008549e-8, -2.2146187e-9, 3.8800244e+2
0.064, -1.9054001e-8, -2.2118227e-9, 3.8833578e+2
0.065, -1.9165995e-8, -2.1996009e-9, 3.8866913e+2
0.066, -1.9272237e-8, -2.2037547e-9, 3.8900247e+2
0.067, -1.9361064e-8, -2.1905744e-9, 3.8933582e+2
0.068, -1.9412747e-8, -2.1921720e-9, 3.8966916e+2
0.069, -1.9439907e-8, -2.1820270e-9, 3.9000250e+2
0.070, -1.9532889e-8, -2.1801898e-9, 3.9033585e+2
0.071, -1.9600309e-8, -2.1730804e-9, 3.9066919e+2
0.072, -1.9769177e-8, -2.1749975e-9, 3.9100253e+2
0.073, -1.9835719e-8, -2.1712430e-9, 3.9133588e+2
0.074, -1.9896987e-8, -2.1667697e-9, 3.9166922e+2
0.075, -1.9933813e-8, -2.1640538e-9, 3.9200256e+2
0.076, -2.0013056e-8, -2.1632551e-9, 3.9233591e+2
0.077, -2.0071049e-8, -2.1572639e-9, 3.9266925e+2
0.078, -2.0203172e-8, -2.1581426e-9, 3.9300259e+2
0.079, -2.0284013e-8, -2.1523912e-9, 3.9333594e+2
0.080, -2.0356945e-8, -2.1516722e-9, 3.9366928e+2
0.081, -2.0387779e-8, -2.1474384e-9, 3.9400262e+2
0.082, -2.0418932e-8, -2.1491160e-9, 3.9433597e+2
0.083, -2.0453440e-8, -2.1425657e-9, 3.9466931e+2
0.084, -2.0517744e-8, -2.1441633e-9, 3.9500266e+2
0.085, -2.0576536e-8, -2.1375333e-9, 3.9533600e+2
0.086, -2.0673832e-8, -2.1399298e-9, 3.9566934e+2
0.087, -2.0760025e-8, -2.1344178e-9, 3.9600269e+2
0.088, -2.0853326e-8, -2.1376132e-9, 3.9633603e+2
0.089, -2.0875772e-8, -2.1277877e-9, 3.9666937e+2
0.090, -2.0922743e-8, -2.1292257e-9, 3.9700272e+2
0.091, -2.0961885e-8, -2.1263500e-9, 3.9733606e+2
0.092, -2.0998151e-8, -2.1235540e-9, 3.9766940e+2
0.093, -2.0993678e-8, -2.1192403e-9, 3.9800275e+2
0.094, -2.1098401e-8, -2.1174031e-9, 3.9833609e+2
0.095, -2.1161108e-8, -2.1109328e-9, 3.9866943e+2
0.096, -2.1236437e-8, -2.1075779e-9, 3.9900278e+2
0.097, -2.1298822e-8, -2.1016664e-9, 3.9933612e+2
0.098, -2.1345235e-8, -2.1013471e-9, 3.9966946e+2
0.099, -2.1176445e-8, -2.0948765e-9, 4.0000281e+2
