Feb. 2, 2006   22:50:21
Square Wave Voltammetry
File: z:\users\scottsaunders\git\labwork\ida\01_23_19_psoralen_nonequil_3\data\control\0um_control_transfer_0_swv_1.txt
Data Source:  Experiment
Instrument Model:  CHI760E
Header: 
Note: 

Init E (V) = 0.1
Final E (V) = -0.5
Incr E (V) = 0.001
Amplitude (V) = 0.025
Frequency (Hz) = 300
Quiet Time (sec) = 2
Sensitivity (A/V) = 1e-6
Sens 2 (A/V) = 1e-6

Potential/V, i1/A, i2/A

0.099, 1.0129886e-6, 6.1755861e-7
0.098, 1.0550009e-6, 6.4643967e-7
0.097, 1.0612102e-6, 6.4577705e-7
0.096, 1.0649962e-6, 6.4700021e-7
0.095, 1.0662375e-6, 6.4686230e-7
0.094, 1.0614431e-6, 6.4713481e-7
0.093, 1.0545107e-6, 6.4270898e-7
0.092, 1.0589110e-6, 6.4613670e-7
0.091, 1.0626127e-6, 6.4404594e-7
0.090, 1.0644625e-6, 6.4452774e-7
0.089, 1.0609434e-6, 6.4881863e-7
0.088, 1.0519564e-6, 6.4008907e-7
0.087, 1.0554133e-6, 6.4126232e-7
0.086, 1.0598699e-6, 6.4172485e-7
0.085, 1.0609101e-6, 6.4098055e-7
0.084, 1.0582849e-6, 6.4809518e-7
0.083, 1.0474090e-6, 6.3726270e-7
0.082, 1.0516555e-6, 6.3821329e-7
0.081, 1.0571167e-6, 6.4027608e-7
0.080, 1.0601124e-6, 6.4011658e-7
0.079, 1.0547391e-6, 6.4371176e-7
0.078, 1.0463622e-6, 6.3896789e-7
0.077, 1.0532361e-6, 6.3780504e-7
0.076, 1.0557246e-6, 6.3959982e-7
0.075, 1.0576490e-6, 6.3687821e-7
0.074, 1.0553454e-6, 6.4258177e-7
0.073, 1.0447949e-6, 6.3870777e-7
0.072, 1.0484255e-6, 6.3606456e-7
0.071, 1.0549239e-6, 6.3920066e-7
0.070, 1.0560558e-6, 6.3782034e-7
0.069, 1.0529729e-6, 6.4028450e-7
0.068, 1.0414059e-6, 6.3379355e-7
0.067, 1.0501628e-6, 6.3774701e-7
0.066, 1.0518507e-6, 6.3601567e-7
0.065, 1.0550571e-6, 6.3830112e-7
0.064, 1.0507550e-6, 6.3873472e-7
0.063, 1.0432120e-6, 6.3409209e-7
0.062, 1.0471369e-6, 6.3413643e-7
0.061, 1.0521405e-6, 6.3570837e-7
0.060, 1.0518255e-6, 6.3521395e-7
0.059, 1.0521443e-6, 6.4242585e-7
0.058, 1.0424860e-6, 6.3308818e-7
0.057, 1.0446233e-6, 6.3049947e-7
0.056, 1.0506094e-6, 6.3422186e-7
0.055, 1.0516378e-6, 6.3385460e-7
0.054, 1.0485617e-6, 6.3935289e-7
0.053, 1.0365279e-6, 6.3042631e-7
0.052, 1.0460509e-6, 6.3211775e-7
0.051, 1.0503684e-6, 6.3489597e-7
0.050, 1.0509310e-6, 6.3291924e-7
0.049, 1.0468020e-6, 6.3692272e-7
0.048, 1.0381433e-6, 6.3280140e-7
0.047, 1.0468686e-6, 6.3288093e-7
0.046, 1.0487140e-6, 6.3429957e-7
0.045, 1.0504905e-6, 6.3228600e-7
0.044, 1.0475620e-6, 6.3636253e-7
0.043, 1.0391724e-6, 6.3433254e-7
0.042, 1.0408107e-6, 6.2928615e-7
0.041, 1.0484100e-6, 6.3394151e-7
0.040, 1.0466756e-6, 6.3081194e-7
0.039, 1.0457692e-6, 6.3472868e-7
0.038, 1.0342671e-6, 6.2897573e-7
0.037, 1.0419876e-6, 6.2904564e-7
0.036, 1.0481505e-6, 6.3181670e-7
0.035, 1.0487353e-6, 6.3269204e-7
0.034, 1.0438537e-6, 6.3252708e-7
0.033, 1.0358324e-6, 6.2862944e-7
0.032, 1.0421414e-6, 6.3250263e-7
0.031, 1.0465900e-6, 6.3125833e-7
0.030, 1.0477712e-6, 6.3152635e-7
0.029, 1.0448207e-6, 6.3581473e-7
0.028, 1.0371223e-6, 6.2898135e-7
0.027, 1.0375140e-6, 6.2879928e-7
0.026, 1.0449560e-6, 6.3002182e-7
0.025, 1.0469239e-6, 6.3030689e-7
0.024, 1.0447557e-6, 6.3712446e-7
0.023, 1.0334960e-6, 6.2656159e-7
0.022, 1.0422139e-6, 6.3017774e-7
0.021, 1.0453959e-6, 6.3130955e-7
0.020, 1.0474379e-6, 6.3037174e-7
0.019, 1.0426627e-6, 6.3438972e-7
0.018, 1.0351152e-6, 6.3081052e-7
0.017, 1.0406612e-6, 6.2737718e-7
0.016, 1.0442641e-6, 6.2922828e-7
0.015, 1.0464183e-6, 6.2868952e-7
0.014, 1.0417467e-6, 6.3208779e-7
0.013, 1.0331257e-6, 6.2931110e-7
0.012, 1.0378942e-6, 6.2843810e-7
0.011, 1.0449123e-6, 6.3002250e-7
0.010, 1.0460147e-6, 6.3036930e-7
0.009, 1.0434286e-6, 6.3315883e-7
0.008, 1.0310298e-6, 6.2657824e-7
0.007, 1.0395073e-6, 6.3021014e-7
0.006, 1.0427041e-6, 6.2919173e-7
0.005, 1.0451977e-6, 6.3067000e-7
0.004, 1.0415345e-6, 6.3254765e-7
0.003, 1.0331752e-6, 6.2674729e-7
0.002, 1.0400308e-6, 6.3014295e-7
0.001, 1.0411790e-6, 6.2928058e-7
-0.000, 1.0441183e-6, 6.2953626e-7
-0.001, 1.0405682e-6, 6.3351996e-7
-0.002, 1.0320803e-6, 6.2682483e-7
-0.003, 1.0341164e-6, 6.2398510e-7
-0.004, 1.0419226e-6, 6.2818464e-7
-0.005, 1.0420528e-6, 6.2737843e-7
-0.006, 1.0393853e-6, 6.3271204e-7
-0.007, 1.0298439e-6, 6.2442632e-7
-0.008, 1.0368769e-6, 6.2605568e-7
-0.009, 1.0407930e-6, 6.3009605e-7
-0.010, 1.0432844e-6, 6.2777781e-7
-0.011, 1.0394947e-6, 6.3201776e-7
-0.012, 1.0304753e-6, 6.2739912e-7
-0.013, 1.0385049e-6, 6.2659819e-7
-0.014, 1.0410739e-6, 6.2929314e-7
-0.015, 1.0428379e-6, 6.2817628e-7
-0.016, 1.0392073e-6, 6.3145944e-7
-0.017, 1.0298559e-6, 6.2838848e-7
-0.018, 1.0339589e-6, 6.2333714e-7
-0.019, 1.0391341e-6, 6.2784801e-7
-0.020, 1.0416078e-6, 6.2824529e-7
-0.021, 1.0388228e-6, 6.3062794e-7
-0.022, 1.0289989e-6, 6.2717106e-7
-0.023, 1.0377781e-6, 6.2968712e-7
-0.024, 1.0417305e-6, 6.2772364e-7
-0.025, 1.0412382e-6, 6.2817355e-7
-0.026, 1.0377893e-6, 6.3038203e-7
-0.027, 1.0283135e-6, 6.2507229e-7
-0.028, 1.0368807e-6, 6.2969957e-7
-0.029, 1.0399584e-6, 6.2980314e-7
-0.030, 1.0414716e-6, 6.2885186e-7
-0.031, 1.0385522e-6, 6.3255970e-7
-0.032, 1.0296349e-6, 6.2587702e-7
-0.033, 1.0318438e-6, 6.2438193e-7
-0.034, 1.0402896e-6, 6.3085037e-7
-0.035, 1.0404264e-6, 6.2740713e-7
-0.036, 1.0373057e-6, 6.3239889e-7
-0.037, 1.0280785e-6, 6.2500226e-7
-0.038, 1.0362374e-6, 6.2649241e-7
-0.039, 1.0382122e-6, 6.2774143e-7
-0.040, 1.0417689e-6, 6.2845601e-7
-0.041, 1.0366167e-6, 6.3195932e-7
-0.042, 1.0280002e-6, 6.2780327e-7
-0.043, 1.0351617e-6, 6.2636258e-7
-0.044, 1.0384583e-6, 6.2658307e-7
-0.045, 1.0412446e-6, 6.2844998e-7
-0.046, 1.0375651e-6, 6.3193272e-7
-0.047, 1.0270087e-6, 6.2662866e-7
-0.048, 1.0317794e-6, 6.2385624e-7
-0.049, 1.0396951e-6, 6.2818845e-7
-0.050, 1.0405290e-6, 6.2912045e-7
-0.051, 1.0382157e-6, 6.3249627e-7
-0.052, 1.0266317e-6, 6.2594961e-7
-0.053, 1.0336706e-6, 6.2826194e-7
-0.054, 1.0404773e-6, 6.2837273e-7
-0.055, 1.0391436e-6, 6.2892104e-7
-0.056, 1.0374928e-6, 6.3237655e-7
-0.057, 1.0267913e-6, 6.2558604e-7
-0.058, 1.0362256e-6, 6.3162202e-7
-0.059, 1.0387820e-6, 6.2775621e-7
-0.060, 1.0398873e-6, 6.2944741e-7
-0.061, 1.0371963e-6, 6.3331021e-7
-0.062, 1.0289627e-6, 6.2762189e-7
-0.063, 1.0330422e-6, 6.2834994e-7
-0.064, 1.0404559e-6, 6.3066642e-7
-0.065, 1.0422619e-6, 6.2910874e-7
-0.066, 1.0366034e-6, 6.3318328e-7
-0.067, 1.0275492e-6, 6.2647933e-7
-0.068, 1.0345149e-6, 6.2783607e-7
-0.069, 1.0385965e-6, 6.3187798e-7
-0.070, 1.0390351e-6, 6.2968576e-7
-0.071, 1.0365310e-6, 6.3365070e-7
-0.072, 1.0262495e-6, 6.2712832e-7
-0.073, 1.0359757e-6, 6.2851484e-7
-0.074, 1.0372148e-6, 6.2886443e-7
-0.075, 1.0413224e-6, 6.3218516e-7
-0.076, 1.0380190e-6, 6.3445913e-7
-0.077, 1.0271582e-6, 6.2906190e-7
-0.078, 1.0345349e-6, 6.2787859e-7
-0.079, 1.0404706e-6, 6.3062123e-7
-0.080, 1.0391474e-6, 6.2987510e-7
-0.081, 1.0382579e-6, 6.3449863e-7
-0.082, 1.0272468e-6, 6.2884828e-7
-0.083, 1.0367505e-6, 6.3314860e-7
-0.084, 1.0391724e-6, 6.2971753e-7
-0.085, 1.0398793e-6, 6.2882367e-7
-0.086, 1.0376813e-6, 6.3360488e-7
-0.087, 1.0263270e-6, 6.2743203e-7
-0.088, 1.0347838e-6, 6.3105244e-7
-0.089, 1.0376835e-6, 6.2909976e-7
-0.090, 1.0421644e-6, 6.3108445e-7
-0.091, 1.0389838e-6, 6.3617910e-7
-0.092, 1.0271010e-6, 6.2792043e-7
-0.093, 1.0346679e-6, 6.3024015e-7
-0.094, 1.0389197e-6, 6.3314252e-7
-0.095, 1.0420416e-6, 6.3068399e-7
-0.096, 1.0381374e-6, 6.3668710e-7
-0.097, 1.0283129e-6, 6.2968809e-7
-0.098, 1.0355579e-6, 6.3047992e-7
-0.099, 1.0411626e-6, 6.3556274e-7
-0.100, 1.0391450e-6, 6.2934686e-7
-0.101, 1.0385772e-6, 6.3723405e-7
-0.102, 1.0269392e-6, 6.2966694e-7
-0.103, 1.0357259e-6, 6.3103715e-7
-0.104, 1.0393995e-6, 6.3344947e-7
-0.105, 1.0420940e-6, 6.3333823e-7
-0.106, 1.0407766e-6, 6.3800343e-7
-0.107, 1.0269763e-6, 6.2986396e-7
-0.108, 1.0363475e-6, 6.3110201e-7
-0.109, 1.0404307e-6, 6.3289730e-7
-0.110, 1.0422915e-6, 6.3630608e-7
-0.111, 1.0374522e-6, 6.3581228e-7
-0.112, 1.0275623e-6, 6.3023185e-7
-0.113, 1.0371267e-6, 6.3346044e-7
-0.114, 1.0432437e-6, 6.3496833e-7
-0.115, 1.0390688e-6, 6.3155738e-7
-0.116, 1.0410132e-6, 6.3985453e-7
-0.117, 1.0292222e-6, 6.3094018e-7
-0.118, 1.0373707e-6, 6.3553057e-7
-0.119, 1.0428230e-6, 6.3424329e-7
-0.120, 1.0439786e-6, 6.3416974e-7
-0.121, 1.0403161e-6, 6.3865861e-7
-0.122, 1.0304901e-6, 6.3238525e-7
-0.123, 1.0372421e-6, 6.3496861e-7
-0.124, 1.0447224e-6, 6.3926609e-7
-0.125, 1.0435283e-6, 6.3398204e-7
-0.126, 1.0399872e-6, 6.3723144e-7
-0.127, 1.0309033e-6, 6.3267464e-7
-0.128, 1.0373656e-6, 6.3402069e-7
-0.129, 1.0427950e-6, 6.3772092e-7
-0.130, 1.0411494e-6, 6.3414609e-7
-0.131, 1.0445679e-6, 6.4113857e-7
-0.132, 1.0303194e-6, 6.3324114e-7
-0.133, 1.0398674e-6, 6.3565471e-7
-0.134, 1.0434049e-6, 6.3723485e-7
-0.135, 1.0456968e-6, 6.3918088e-7
-0.136, 1.0451528e-6, 6.4289344e-7
-0.137, 1.0318282e-6, 6.3549749e-7
-0.138, 1.0406770e-6, 6.3670160e-7
-0.139, 1.0455541e-6, 6.3791174e-7
-0.140, 1.0469099e-6, 6.4147360e-7
-0.141, 1.0423589e-6, 6.4100755e-7
-0.142, 1.0316346e-6, 6.3531780e-7
-0.143, 1.0406104e-6, 6.3852968e-7
-0.144, 1.0464900e-6, 6.3933669e-7
-0.145, 1.0432173e-6, 6.3743028e-7
-0.146, 1.0445997e-6, 6.4325081e-7
-0.147, 1.0351278e-6, 6.3643654e-7
-0.148, 1.0401698e-6, 6.3822432e-7
-0.149, 1.0461093e-6, 6.3818914e-7
-0.150, 1.0480499e-6, 6.3901365e-7
-0.151, 1.0452702e-6, 6.4680535e-7
-0.152, 1.0337756e-6, 6.3609042e-7
-0.153, 1.0432105e-6, 6.4066870e-7
-0.154, 1.0490257e-6, 6.4315361e-7
-0.155, 1.0493053e-6, 6.3993934e-7
-0.156, 1.0421741e-6, 6.4355612e-7
-0.157, 1.0355262e-6, 6.3777310e-7
-0.158, 1.0428600e-6, 6.3978109e-7
-0.159, 1.0496047e-6, 6.4472908e-7
-0.160, 1.0491877e-6, 6.4022004e-7
-0.161, 1.0490377e-6, 6.4761230e-7
-0.162, 1.0356437e-6, 6.3877934e-7
-0.163, 1.0446572e-6, 6.4114363e-7
-0.164, 1.0511344e-6, 6.4537329e-7
-0.165, 1.0536369e-6, 6.4738856e-7
-0.166, 1.0513221e-6, 6.4766107e-7
-0.167, 1.0360312e-6, 6.3885142e-7
-0.168, 1.0458011e-6, 6.4202487e-7
-0.169, 1.0524452e-6, 6.4547726e-7
-0.170, 1.0509392e-6, 6.4501342e-7
-0.171, 1.0483000e-6, 6.4927241e-7
-0.172, 1.0403331e-6, 6.4198565e-7
-0.173, 1.0462845e-6, 6.4365304e-7
-0.174, 1.0525619e-6, 6.4501751e-7
-0.175, 1.0509702e-6, 6.4394305e-7
-0.176, 1.0509834e-6, 6.5163829e-7
-0.177, 1.0392049e-6, 6.4180989e-7
-0.178, 1.0479494e-6, 6.4657496e-7
-0.179, 1.0556611e-6, 6.4804487e-7
-0.180, 1.0552337e-6, 6.4659162e-7
-0.181, 1.0532133e-6, 6.5393101e-7
-0.182, 1.0396552e-6, 6.4452558e-7
-0.183, 1.0481283e-6, 6.4646753e-7
-0.184, 1.0570960e-6, 6.5196360e-7
-0.185, 1.0548929e-6, 6.4666017e-7
-0.186, 1.0499477e-6, 6.4937774e-7
-0.187, 1.0430049e-6, 6.4506082e-7
-0.188, 1.0487028e-6, 6.4577415e-7
-0.189, 1.0570873e-6, 6.5192552e-7
-0.190, 1.0557172e-6, 6.4687634e-7
-0.191, 1.0552920e-6, 6.5314526e-7
-0.192, 1.0451408e-6, 6.4965207e-7
-0.193, 1.0513206e-6, 6.4766198e-7
-0.194, 1.0593161e-6, 6.5313094e-7
-0.195, 1.0591993e-6, 6.5268523e-7
-0.196, 1.0577082e-6, 6.5451866e-7
-0.197, 1.0445191e-6, 6.5010852e-7
-0.198, 1.0533205e-6, 6.4946130e-7
-0.199, 1.0607215e-6, 6.5329351e-7
-0.200, 1.0610114e-6, 6.5588932e-7
-0.201, 1.0560653e-6, 6.5451320e-7
-0.202, 1.0483012e-6, 6.5137755e-7
-0.203, 1.0546557e-6, 6.5212748e-7
-0.204, 1.0614048e-6, 6.5407664e-7
-0.205, 1.0608539e-6, 6.5426451e-7
-0.206, 1.0592496e-6, 6.5961939e-7
-0.207, 1.0512423e-6, 6.5180330e-7
-0.208, 1.0545463e-6, 6.5234894e-7
-0.209, 1.0643242e-6, 6.5605548e-7
-0.210, 1.0619532e-6, 6.5459233e-7
-0.211, 1.0605130e-6, 6.6132930e-7
-0.212, 1.0486613e-6, 6.5318551e-7
-0.213, 1.0583698e-6, 6.5551387e-7
-0.214, 1.0664282e-6, 6.5979901e-7
-0.215, 1.0660150e-6, 6.5709645e-7
-0.216, 1.0592821e-6, 6.5900934e-7
-0.217, 1.0542639e-6, 6.5840828e-7
-0.218, 1.0592274e-6, 6.5580156e-7
-0.219, 1.0675135e-6, 6.6210225e-7
-0.220, 1.0675972e-6, 6.5883808e-7
-0.221, 1.0672984e-6, 6.6431556e-7
-0.222, 1.0540813e-6, 6.5699248e-7
-0.223, 1.0620789e-6, 6.5833024e-7
-0.224, 1.0690868e-6, 6.6334940e-7
-0.225, 1.0685345e-6, 6.6256456e-7
-0.226, 1.0665805e-6, 6.6413753e-7
-0.227, 1.0524192e-6, 6.5424661e-7
-0.228, 1.0634443e-6, 6.5971108e-7
-0.229, 1.0723013e-6, 6.6514599e-7
-0.230, 1.0698823e-6, 6.6329153e-7
-0.231, 1.0676281e-6, 6.6516429e-7
-0.232, 1.0606254e-6, 6.6113796e-7
-0.233, 1.0664556e-6, 6.6328505e-7
-0.234, 1.0733031e-6, 6.6588910e-7
-0.235, 1.0726695e-6, 6.6509625e-7
-0.236, 1.0709484e-6, 6.7073631e-7
-0.237, 1.0631975e-6, 6.6339862e-7
-0.238, 1.0661755e-6, 6.6484188e-7
-0.239, 1.0763001e-6, 6.6829261e-7
-0.240, 1.0747667e-6, 6.6647510e-7
-0.241, 1.0751238e-6, 6.7568811e-7
-0.242, 1.0614046e-6, 6.6269217e-7
-0.243, 1.0693544e-6, 6.6641672e-7
-0.244, 1.0774874e-6, 6.7069124e-7
-0.245, 1.0783147e-6, 6.6932250e-7
-0.246, 1.0738678e-6, 6.7357712e-7
-0.247, 1.0674138e-6, 6.6955920e-7
-0.248, 1.0751935e-6, 6.6911724e-7
-0.249, 1.0813687e-6, 6.7493204e-7
-0.250, 1.0784515e-6, 6.6904943e-7
-0.251, 1.0781830e-6, 6.7539889e-7
-0.252, 1.0684258e-6, 6.7272754e-7
-0.253, 1.0746294e-6, 6.7079918e-7
-0.254, 1.0823187e-6, 6.7547865e-7
-0.255, 1.0818063e-6, 6.7422832e-7
-0.256, 1.0823032e-6, 6.7887777e-7
-0.257, 1.0673523e-6, 6.7022279e-7
-0.258, 1.0794777e-6, 6.7484871e-7
-0.259, 1.0864226e-6, 6.7853921e-7
-0.260, 1.0849507e-6, 6.7811504e-7
-0.261, 1.0841811e-6, 6.8006648e-7
-0.262, 1.0751415e-6, 6.7520614e-7
-0.263, 1.0799160e-6, 6.7577196e-7
-0.264, 1.0871648e-6, 6.7985195e-7
-0.265, 1.0883492e-6, 6.8148131e-7
-0.266, 1.0882678e-6, 6.8708573e-7
-0.267, 1.0772642e-6, 6.7680713e-7
-0.268, 1.0819808e-6, 6.7616344e-7
-0.269, 1.0928716e-6, 6.8376596e-7
-0.270, 1.0904117e-6, 6.8141537e-7
-0.271, 1.0907409e-6, 6.8923896e-7
-0.272, 1.0762262e-6, 6.7934803e-7
-0.273, 1.0893000e-6, 6.8300699e-7
-0.274, 1.0953238e-6, 6.8702542e-7
-0.275, 1.0941645e-6, 6.8401465e-7
-0.276, 1.0932190e-6, 6.8987953e-7
-0.277, 1.0827403e-6, 6.8561292e-7
-0.278, 1.0932353e-6, 6.8699632e-7
-0.279, 1.1000909e-6, 6.9215696e-7
-0.280, 1.0987430e-6, 6.8865722e-7
-0.281, 1.0965208e-6, 6.9203060e-7
-0.282, 1.0870775e-6, 6.9092209e-7
-0.283, 1.0901547e-6, 6.8591055e-7
-0.284, 1.1042968e-6, 6.9598138e-7
-0.285, 1.1010468e-6, 6.9287830e-7
-0.286, 1.1007976e-6, 6.9577163e-7
-0.287, 1.0881112e-6, 6.9017028e-7
-0.288, 1.0980060e-6, 6.9141640e-7
-0.289, 1.1088048e-6, 6.9799097e-7
-0.290, 1.1050790e-6, 6.9670364e-7
-0.291, 1.1026436e-6, 6.9766594e-7
-0.292, 1.0944062e-6, 6.9399505e-7
-0.293, 1.1011339e-6, 6.9788859e-7
-0.294, 1.1103050e-6, 7.0031672e-7
-0.295, 1.1076249e-6, 6.9846772e-7
-0.296, 1.1081795e-6, 7.0470770e-7
-0.297, 1.1001869e-6, 6.9820425e-7
-0.298, 1.1009751e-6, 6.9783681e-7
-0.299, 1.1156205e-6, 7.0452154e-7
-0.300, 1.1119780e-6, 7.0155141e-7
-0.301, 1.1122131e-6, 7.1003723e-7
-0.302, 1.0996022e-6, 6.9863290e-7
-0.303, 1.1102384e-6, 7.0375802e-7
-0.304, 1.1189088e-6, 7.0941218e-7
-0.305, 1.1175559e-6, 7.0678539e-7
-0.306, 1.1148323e-6, 7.1109514e-7
-0.307, 1.1074226e-6, 7.0832971e-7
-0.308, 1.1139283e-6, 7.0509873e-7
-0.309, 1.1218942e-6, 7.1097941e-7
-0.310, 1.1200867e-6, 7.0832419e-7
-0.311, 1.1207499e-6, 7.1464763e-7
-0.312, 1.1110020e-6, 7.1217363e-7
-0.313, 1.1150410e-6, 7.0988312e-7
-0.314, 1.1281651e-6, 7.1746581e-7
-0.315, 1.1261969e-6, 7.1530962e-7
-0.316, 1.1251257e-6, 7.1802435e-7
-0.317, 1.1137574e-6, 7.1267948e-7
-0.318, 1.1229255e-6, 7.1706506e-7
-0.319, 1.1328463e-6, 7.2089392e-7
-0.320, 1.1296125e-6, 7.1949870e-7
-0.321, 1.1302927e-6, 7.2292636e-7
-0.322, 1.1225943e-6, 7.1939951e-7
-0.323, 1.1269282e-6, 7.1914025e-7
-0.324, 1.1384412e-6, 7.2560960e-7
-0.325, 1.1359513e-6, 7.2494572e-7
-0.326, 1.1367069e-6, 7.3090769e-7
-0.327, 1.1259410e-6, 7.2257160e-7
-0.328, 1.1276690e-6, 7.1850133e-7
-0.329, 1.1448539e-6, 7.3112375e-7
-0.330, 1.1421918e-6, 7.2963803e-7
-0.331, 1.1410481e-6, 7.3441367e-7
-0.332, 1.1299499e-6, 7.2668962e-7
-0.333, 1.1412839e-6, 7.2999876e-7
-0.334, 1.1525508e-6, 7.3908780e-7
-0.335, 1.1481068e-6, 7.3422871e-7
-0.336, 1.1473743e-6, 7.3844865e-7
-0.337, 1.1383282e-6, 7.3619037e-7
-0.338, 1.1468287e-6, 7.3401031e-7
-0.339, 1.1580756e-6, 7.4474940e-7
-0.340, 1.1547199e-6, 7.3987792e-7
-0.341, 1.1553979e-6, 7.4536632e-7
-0.342, 1.1469995e-6, 7.4486650e-7
-0.343, 1.1495493e-6, 7.3796184e-7
-0.344, 1.1639130e-6, 7.4972604e-7
-0.345, 1.1626962e-6, 7.4842359e-7
-0.346, 1.1643205e-6, 7.5245606e-7
-0.347, 1.1505028e-6, 7.4686864e-7
-0.348, 1.1594514e-6, 7.4733589e-7
-0.349, 1.1749812e-6, 7.5622489e-7
-0.350, 1.1702193e-6, 7.5527942e-7
-0.351, 1.1705063e-6, 7.5790513e-7
-0.352, 1.1609063e-6, 7.5442057e-7
-0.353, 1.1672348e-6, 7.5721675e-7
-0.354, 1.1776951e-6, 7.6035224e-7
-0.355, 1.1773720e-6, 7.6089646e-7
-0.356, 1.1784670e-6, 7.6624553e-7
-0.357, 1.1707724e-6, 7.6199831e-7
-0.358, 1.1710925e-6, 7.5810561e-7
-0.359, 1.1916584e-6, 7.7334704e-7
-0.360, 1.1860492e-6, 7.6813490e-7
-0.361, 1.1883559e-6, 7.7612827e-7
-0.362, 1.1795767e-6, 7.6974231e-7
-0.363, 1.1876491e-6, 7.7073020e-7
-0.364, 1.1982507e-6, 7.7834773e-7
-0.365, 1.1965095e-6, 7.7697109e-7
-0.366, 1.1961073e-6, 7.8218363e-7
-0.367, 1.1900385e-6, 7.8242351e-7
-0.368, 1.1956890e-6, 7.7784136e-7
-0.369, 1.2091176e-6, 7.8601295e-7
-0.370, 1.2054313e-6, 7.8497669e-7
-0.371, 1.2088959e-6, 7.9139687e-7
-0.372, 1.1982455e-6, 7.8908408e-7
-0.373, 1.2019169e-6, 7.8521691e-7
-0.374, 1.2227783e-6, 7.9819307e-7
-0.375, 1.2173424e-6, 7.9601591e-7
-0.376, 1.2199225e-6, 8.0093952e-7
-0.377, 1.2083140e-6, 7.9677471e-7
-0.378, 1.2169551e-6, 7.9912968e-7
-0.379, 1.2323405e-6, 8.0666069e-7
-0.380, 1.2279779e-6, 8.0626290e-7
-0.381, 1.2313956e-6, 8.1102473e-7
-0.382, 1.2201340e-6, 8.0637949e-7
-0.383, 1.2281170e-6, 8.0979538e-7
-0.384, 1.2394673e-6, 8.1417363e-7
-0.385, 1.2388368e-6, 8.1590969e-7
-0.386, 1.2428210e-6, 8.2275642e-7
-0.387, 1.2321682e-6, 8.1686085e-7
-0.388, 1.2357532e-6, 8.1590770e-7
-0.389, 1.2532000e-6, 8.2567010e-7
-0.390, 1.2532774e-6, 8.2554124e-7
-0.391, 1.2540435e-6, 8.3273017e-7
-0.392, 1.2433118e-6, 8.2652406e-7
-0.393, 1.2500542e-6, 8.2621102e-7
-0.394, 1.2659787e-6, 8.4028420e-7
-0.395, 1.2622697e-6, 8.3562901e-7
-0.396, 1.2660445e-6, 8.4222125e-7
-0.397, 1.2558667e-6, 8.3984298e-7
-0.398, 1.2631930e-6, 8.3704828e-7
-0.399, 1.2735402e-6, 8.4537857e-7
-0.400, 1.2746077e-6, 8.4664032e-7
-0.401, 1.2780005e-6, 8.5302429e-7
-0.402, 1.2676355e-6, 8.5147997e-7
-0.403, 1.2741324e-6, 8.4730067e-7
-0.404, 1.2912755e-6, 8.5964871e-7
-0.405, 1.2867124e-6, 8.5844977e-7
-0.406, 1.2871161e-6, 8.6175970e-7
-0.407, 1.2791641e-6, 8.6114409e-7
-0.408, 1.2870539e-6, 8.6225180e-7
-0.409, 1.2999370e-6, 8.6712959e-7
-0.410, 1.2959412e-6, 8.6567775e-7
-0.411, 1.3008085e-6, 8.7332671e-7
-0.412, 1.2905286e-6, 8.7025103e-7
-0.413, 1.2964808e-6, 8.7103138e-7
-0.414, 1.3089741e-6, 8.7876003e-7
-0.415, 1.3096906e-6, 8.7814237e-7
-0.416, 1.3110923e-6, 8.8447132e-7
-0.417, 1.3012796e-6, 8.8057243e-7
-0.418, 1.3077824e-6, 8.8004549e-7
-0.419, 1.3228530e-6, 8.9195913e-7
-0.420, 1.3221152e-6, 8.9041282e-7
-0.421, 1.3239827e-6, 8.9726461e-7
-0.422, 1.3118745e-6, 8.9066975e-7
-0.423, 1.3206568e-6, 8.9174307e-7
-0.424, 1.3347092e-6, 9.0377318e-7
-0.425, 1.3303024e-6, 8.9914471e-7
-0.426, 1.3338124e-6, 9.0637832e-7
-0.427, 1.3241779e-6, 9.0407724e-7
-0.428, 1.3277414e-6, 8.9832446e-7
-0.429, 1.3411145e-6, 9.0939955e-7
-0.430, 1.3398637e-6, 9.0853763e-7
-0.431, 1.3455696e-6, 9.1508844e-7
-0.432, 1.3322333e-6, 9.1240156e-7
-0.433, 1.3380583e-6, 9.0842457e-7
-0.434, 1.3526403e-6, 9.1862267e-7
-0.435, 1.3505962e-6, 9.2297728e-7
-0.436, 1.3536176e-6, 9.2461090e-7
-0.437, 1.3417983e-6, 9.2165328e-7
-0.438, 1.3473262e-6, 9.1993661e-7
-0.439, 1.3638117e-6, 9.2847529e-7
-0.440, 1.3568920e-6, 9.2801815e-7
-0.441, 1.3621387e-6, 9.3333153e-7
-0.442, 1.3519639e-6, 9.3065273e-7
-0.443, 1.3580830e-6, 9.3169331e-7
-0.444, 1.3711019e-6, 9.3690363e-7
-0.445, 1.3718147e-6, 9.3981208e-7
-0.446, 1.3718820e-6, 9.4378504e-7
-0.447, 1.3584888e-6, 9.3853350e-7
-0.448, 1.3665642e-6, 9.3958994e-7
-0.449, 1.3829501e-6, 9.5153337e-7
-0.450, 1.3793963e-6, 9.4742552e-7
-0.451, 1.3808695e-6, 9.5151381e-7
-0.452, 1.3692337e-6, 9.4814754e-7
-0.453, 1.3753034e-6, 9.4718462e-7
-0.454, 1.3886774e-6, 9.5758230e-7
-0.455, 1.3837514e-6, 9.5523365e-7
-0.456, 1.3908297e-6, 9.6117628e-7
-0.457, 1.3795160e-6, 9.5971996e-7
-0.458, 1.3856197e-6, 9.5642929e-7
-0.459, 1.3983224e-6, 9.6598671e-7
-0.460, 1.3981723e-6, 9.6978067e-7
-0.461, 1.4020351e-6, 9.7285272e-7
-0.462, 1.3901841e-6, 9.7112400e-7
-0.463, 1.3962516e-6, 9.6733606e-7
-0.464, 1.4100453e-6, 9.7667851e-7
-0.465, 1.4083679e-6, 9.8122416e-7
-0.466, 1.4086688e-6, 9.8089060e-7
-0.467, 1.3997063e-6, 9.8098792e-7
-0.468, 1.4054676e-6, 9.7874658e-7
-0.469, 1.4214365e-6, 9.8778241e-7
-0.470, 1.4152309e-6, 9.8706198e-7
-0.471, 1.4194109e-6, 9.9090437e-7
-0.472, 1.4128223e-6, 9.9078261e-7
-0.473, 1.4154039e-6, 9.8835767e-7
-0.474, 1.4297123e-6, 9.9605109e-7
-0.475, 1.4307479e-6, 9.9974341e-7
-0.476, 1.4312375e-6, 1.0063588e-6
-0.477, 1.4242430e-6, 1.0037528e-6
-0.478, 1.4283320e-6, 1.0007254e-6
-0.479, 1.4425317e-6, 1.0105213e-6
-0.480, 1.4429954e-6, 1.0113043e-6
-0.481, 1.4415766e-6, 1.0149574e-6
-0.482, 1.4377027e-6, 1.0166397e-6
-0.483, 1.4426774e-6, 1.0138183e-6
-0.484, 1.4563936e-6, 1.0250918e-6
-0.485, 1.4558266e-6, 1.0241698e-6
-0.486, 1.4585398e-6, 1.0286585e-6
-0.487, 1.4499108e-6, 1.0295796e-6
-0.488, 1.4567108e-6, 1.0270558e-6
-0.489, 1.4699930e-6, 1.0379663e-6
-0.490, 1.4709551e-6, 1.0418996e-6
-0.491, 1.4722821e-6, 1.0421410e-6
-0.492, 1.4634288e-6, 1.0413575e-6
-0.493, 1.4725806e-6, 1.0420182e-6
-0.494, 1.4858590e-6, 1.0515470e-6
-0.495, 1.4857475e-6, 1.0569263e-6
-0.496, 1.4849454e-6, 1.0567968e-6
-0.497, 1.4823142e-6, 1.0607364e-6
-0.498, 1.4862201e-6, 1.0561916e-6
-0.499, 1.5029104e-6, 1.0674768e-6
-0.500, 1.4999835e-6, 1.0684752e-6
