Feb. 2, 2006   22:54:41
Cyclic Voltammetry
File: z:\users\scottsaunders\git\labwork\ida\01_23_19_psoralen_nonequil_3\data\control\0um_control_transfer_0_gc_1.txt
Data Source:  Experiment
Instrument Model:  CHI760E
Header: 
Note: 

Init E (V) = 0
High E (V) = 0
Low E (V) = -0.4
Init P/N = N
Scan Rate (V/s) = 0.003
Segment = 1
Sample Interval (V) = 0.001
Quiet Time (sec) = 2
Sensitivity (A/V) = 1e-7
2nd E (V) = 0
Sens 2 (A/V) = 1e-7

Potential/V, i1/A, i2/A, Time/s

0.000, -1.6443069e-8, -1.8999275e-8, 3.3333334e-1
-0.001, -1.1420835e-8, -1.6492130e-8, 6.6666669e-1
-0.002, -9.0768344e-9, -1.4635112e-8, 1.0000000e+0
-0.003, -7.5149158e-9, -1.3215255e-8, 1.3333334e+0
-0.004, -6.2903003e-9, -1.2091684e-8, 1.6666667e+0
-0.005, -5.2965774e-9, -1.1175406e-8, 2.0000000e+0
-0.006, -4.4155248e-9, -1.0411941e-8, 2.3333333e+0
-0.007, -3.6882435e-9, -9.7627577e-9, 2.6666665e+0
-0.008, -3.0454061e-9, -9.2016217e-9, 2.9999998e+0
-0.009, -2.4508728e-9, -8.7165972e-9, 3.3333330e+0
-0.010, -1.9625146e-9, -8.2821545e-9, 3.6666663e+0
-0.011, -1.4820696e-9, -7.8995948e-9, 3.9999995e+0
-0.012, -1.0436694e-9, -7.5570981e-9, 4.3333330e+0
-0.013, -6.8038286e-10, -7.2472206e-9, 4.6666665e+0
-0.014, -3.0493172e-10, -6.9609807e-9, 5.0000000e+0
-0.015, 2.9537452e-11, -6.6981398e-9, 5.3333335e+0
-0.016, 3.2562297e-10, -6.4553909e-9, 5.6666670e+0
-0.017, 6.3529043e-10, -6.2361605e-9, 6.0000005e+0
-0.018, 8.8413454e-10, -6.0367848e-9, 6.3333340e+0
-0.019, 1.1406555e-9, -5.8460370e-9, 6.6666675e+0
-0.020, 1.3879642e-9, -5.6738432e-9, 7.0000010e+0
-0.021, 1.5926376e-9, -5.5101594e-9, 7.3333344e+0
-0.022, 1.8060508e-9, -5.3580571e-9, 7.6666679e+0
-0.023, 1.9856861e-9, -5.2118638e-9, 8.0000010e+0
-0.024, 2.1917768e-9, -5.0745346e-9, 8.3333340e+0
-0.025, 2.3762545e-9, -4.9478421e-9, 8.6666670e+0
-0.026, 2.5048692e-9, -4.8252855e-9, 9.0000000e+0
-0.027, 2.6823788e-9, -4.7156106e-9, 9.3333330e+0
-0.028, 2.8535110e-9, -4.6021547e-9, 9.6666660e+0
-0.029, 2.9692524e-9, -4.4985078e-9, 9.9999990e+0
-0.030, 3.1168816e-9, -4.4073882e-9, 1.0333332e+1
-0.031, 3.2581338e-9, -4.3087049e-9, 1.0666665e+1
-0.032, 3.3679699e-9, -4.2265671e-9, 1.0999998e+1
-0.033, 3.5095760e-9, -4.1470298e-9, 1.1333331e+1
-0.034, 3.5800838e-9, -4.0711559e-9, 1.1666664e+1
-0.035, 3.7018486e-9, -3.9935100e-9, 1.1999997e+1
-0.036, 3.8226684e-9, -3.9130263e-9, 1.2333330e+1
-0.037, 3.9215213e-9, -3.8377435e-9, 1.2666663e+1
-0.038, 4.0230899e-9, -3.7727426e-9, 1.2999996e+1
-0.039, 4.1148565e-9, -3.7072689e-9, 1.3333329e+1
-0.040, 4.2112291e-9, -3.6395498e-9, 1.3666662e+1
-0.041, 4.3041766e-9, -3.5893217e-9, 1.3999995e+1
-0.042, 4.3637010e-9, -3.5284571e-9, 1.4333328e+1
-0.043, 4.4760169e-9, -3.4683016e-9, 1.4666661e+1
-0.044, 4.5686099e-9, -3.4075551e-9, 1.4999994e+1
-0.045, 4.6545892e-9, -3.3430272e-9, 1.5333327e+1
-0.046, 4.6854147e-9, -3.3154901e-9, 1.5666660e+1
-0.047, 4.7866293e-9, -3.2435168e-9, 1.5999993e+1
-0.048, 4.8467443e-9, -3.2027434e-9, 1.6333326e+1
-0.049, 4.9297704e-9, -3.1600793e-9, 1.6666660e+1
-0.050, 4.9507936e-9, -3.1564151e-9, 1.6999994e+1
-0.051, 5.0352371e-9, -3.1048875e-9, 1.7333328e+1
-0.052, 5.1157838e-9, -3.0509957e-9, 1.7666662e+1
-0.053, 5.1601905e-9, -3.0062042e-9, 1.7999996e+1
-0.054, 5.2293996e-9, -2.9634215e-9, 1.8333330e+1
-0.055, 5.2713260e-9, -2.9297391e-9, 1.8666664e+1
-0.056, 5.3280158e-9, -2.8992477e-9, 1.8999998e+1
-0.057, 5.4021849e-9, -2.8645017e-9, 1.9333332e+1
-0.058, 5.4365530e-9, -2.8317650e-9, 1.9666666e+1
-0.059, 5.4973763e-9, -2.7940645e-9, 2.0000000e+1
-0.060, 5.5526490e-9, -2.7608549e-9, 2.0333334e+1
-0.061, 5.5800489e-9, -2.7301272e-9, 2.0666668e+1
-0.062, 5.6513834e-9, -2.6965632e-9, 2.1000002e+1
-0.063, 5.7019318e-9, -2.6615807e-9, 2.1333336e+1
-0.064, 5.7313394e-9, -2.6340441e-9, 2.1666670e+1
-0.065, 5.7978320e-9, -2.6018980e-9, 2.2000004e+1
-0.066, 5.8167284e-9, -2.5763707e-9, 2.2333338e+1
-0.067, 5.8704654e-9, -2.5467064e-9, 2.2666672e+1
-0.068, 5.9191239e-9, -2.5139695e-9, 2.3000006e+1
-0.069, 5.9552638e-9, -2.4845417e-9, 2.3333340e+1
-0.070, 6.0066387e-9, -2.4577140e-9, 2.3666674e+1
-0.071, 6.0419518e-9, -2.4325411e-9, 2.4000008e+1
-0.072, 6.0772649e-9, -2.4079587e-9, 2.4333342e+1
-0.073, 6.1360801e-9, -2.3816038e-9, 2.4666676e+1
-0.074, 6.1292300e-9, -2.3570217e-9, 2.5000010e+1
-0.075, 6.1909984e-9, -2.3349214e-9, 2.5333344e+1
-0.076, 6.2285554e-9, -2.3129392e-9, 2.5666677e+1
-0.077, 6.2351693e-9, -2.2890663e-9, 2.6000011e+1
-0.078, 6.2893788e-9, -2.2667295e-9, 2.6333345e+1
-0.079, 6.3105197e-9, -2.2442748e-9, 2.6666679e+1
-0.080, 6.3341394e-9, -2.2237108e-9, 2.7000013e+1
-0.081, 6.3884675e-9, -2.2035012e-9, 2.7333347e+1
-0.082, 6.3987420e-9, -2.1873101e-9, 2.7666681e+1
-0.083, 6.4436212e-9, -2.1667461e-9, 2.8000015e+1
-0.084, 6.4759820e-9, -2.1497277e-9, 2.8333349e+1
-0.085, 6.4947607e-9, -2.1301092e-9, 2.8666683e+1
-0.086, 6.5336163e-9, -2.1116726e-9, 2.9000017e+1
-0.087, 6.5482619e-9, -2.0902815e-9, 2.9333351e+1
-0.088, 6.5869994e-9, -2.0739721e-9, 2.9666685e+1
-0.089, 6.6304611e-9, -2.0573083e-9, 3.0000019e+1
-0.090, 6.6284538e-9, -2.0385171e-9, 3.0333353e+1
-0.091, 6.6667192e-9, -2.0205531e-9, 3.0666687e+1
-0.092, 6.7048669e-9, -2.0031803e-9, 3.1000021e+1
-0.093, 6.7099455e-9, -1.9886437e-9, 3.1333355e+1
-0.094, 6.7532890e-9, -1.9756434e-9, 3.1666689e+1
-0.095, 6.7784454e-9, -1.9596886e-9, 3.2000023e+1
-0.096, 6.8046644e-9, -1.9412520e-9, 3.2333355e+1
-0.097, 6.8417489e-9, -1.9257700e-9, 3.2666687e+1
-0.098, 6.8422215e-9, -1.9145425e-9, 3.3000019e+1
-0.099, 6.8669044e-9, -1.9040240e-9, 3.3333351e+1
-0.100, 6.9012733e-9, -1.8937421e-9, 3.3666683e+1
-0.101, 6.9135555e-9, -1.8812145e-9, 3.4000015e+1
-0.102, 6.9636314e-9, -1.8679782e-9, 3.4333347e+1
-0.103, 6.9945747e-9, -1.8559234e-9, 3.4666679e+1
-0.104, 7.0004798e-9, -1.8386687e-9, 3.5000011e+1
-0.105, 7.0274071e-9, -1.8281505e-9, 3.5333344e+1
-0.106, 7.0226833e-9, -1.8165683e-9, 3.5666676e+1
-0.107, 7.0660273e-9, -1.8013226e-9, 3.6000008e+1
-0.108, 7.0962622e-9, -1.7892680e-9, 3.6333340e+1
-0.109, 7.1137416e-9, -1.7753221e-9, 3.6666672e+1
-0.110, 7.1427944e-9, -1.7596040e-9, 3.7000004e+1
-0.111, 7.1625181e-9, -1.7503854e-9, 3.7333336e+1
-0.112, 7.1762183e-9, -1.7423490e-9, 3.7666668e+1
-0.113, 7.2143651e-9, -1.7324215e-9, 3.8000000e+1
-0.114, 7.2236954e-9, -1.7196579e-9, 3.8333332e+1
-0.115, 7.2490880e-9, -1.7139851e-9, 3.8666664e+1
-0.116, 7.2800308e-9, -1.7011030e-9, 3.8999996e+1
-0.117, 7.2864088e-9, -1.6907029e-9, 3.9333328e+1
-0.118, 7.3199495e-9, -1.6792391e-9, 3.9666660e+1
-0.119, 7.3349491e-9, -1.6721480e-9, 3.9999992e+1
-0.120, 7.3648292e-9, -1.6608024e-9, 4.0333324e+1
-0.121, 7.4065203e-9, -1.6512296e-9, 4.0666656e+1
-0.122, 7.4119524e-9, -1.6417747e-9, 4.0999989e+1
-0.123, 7.4428961e-9, -1.6332656e-9, 4.1333321e+1
-0.124, 7.4756104e-9, -1.6246382e-9, 4.1666653e+1
-0.125, 7.4732487e-9, -1.6200291e-9, 4.1999985e+1
-0.126, 7.5266309e-9, -1.6116380e-9, 4.2333317e+1
-0.127, 7.5439921e-9, -1.6059652e-9, 4.2666649e+1
-0.128, 7.5634796e-9, -1.5971015e-9, 4.2999981e+1
-0.129, 7.6102484e-9, -1.5917833e-9, 4.3333313e+1
-0.130, 7.6161530e-9, -1.5822104e-9, 4.3666645e+1
-0.131, 7.6461522e-9, -1.5786648e-9, 4.3999977e+1
-0.132, 7.6744966e-9, -1.5705102e-9, 4.4333309e+1
-0.133, 7.6887865e-9, -1.5649555e-9, 4.4666641e+1
-0.134, 7.7342568e-9, -1.5562099e-9, 4.4999973e+1
-0.135, 7.7571691e-9, -1.5491189e-9, 4.5333305e+1
-0.136, 7.7799633e-9, -1.5421462e-9, 4.5666637e+1
-0.137, 7.8293310e-9, -1.5311551e-9, 4.5999969e+1
-0.138, 7.8292128e-9, -1.5228822e-9, 4.6333302e+1
-0.139, 7.8797608e-9, -1.5118911e-9, 4.6666634e+1
-0.140, 7.9186169e-9, -1.5003091e-9, 4.6999966e+1
-0.141, 7.9278291e-9, -1.4965272e-9, 4.7333298e+1
-0.142, 7.9761326e-9, -1.4903817e-9, 4.7666630e+1
-0.143, 8.0027061e-9, -1.4877817e-9, 4.7999962e+1
-0.144, 8.0242009e-9, -1.4774997e-9, 4.8333294e+1
-0.145, 8.0800646e-9, -1.4649723e-9, 4.8666626e+1
-0.146, 8.0981346e-9, -1.4597722e-9, 4.8999958e+1
-0.147, 8.1395877e-9, -1.4551630e-9, 4.9333290e+1
-0.148, 8.1786808e-9, -1.4493721e-9, 4.9666622e+1
-0.149, 8.2000566e-9, -1.4413356e-9, 4.9999954e+1
-0.150, 8.2398586e-9, -1.4382628e-9, 5.0333286e+1
-0.151, 8.2653688e-9, -1.4321172e-9, 5.0666618e+1
-0.152, 8.3113116e-9, -1.4219534e-9, 5.0999950e+1
-0.153, 8.3633944e-9, -1.4160443e-9, 5.1333282e+1
-0.154, 8.3837080e-9, -1.4057623e-9, 5.1666615e+1
-0.155, 8.4277616e-9, -1.4037532e-9, 5.1999947e+1
-0.156, 8.4695699e-9, -1.3978440e-9, 5.2333279e+1
-0.157, 8.4875218e-9, -1.3907530e-9, 5.2666611e+1
-0.158, 8.5485814e-9, -1.3866165e-9, 5.2999943e+1
-0.159, 8.5894447e-9, -1.3746800e-9, 5.3333275e+1
-0.160, 8.6383398e-9, -1.3654616e-9, 5.3666607e+1
-0.161, 8.6937302e-9, -1.3608525e-9, 5.3999939e+1
-0.162, 8.7185317e-9, -1.3549434e-9, 5.4333271e+1
-0.163, 8.7616403e-9, -1.3459613e-9, 5.4666603e+1
-0.164, 8.8147862e-9, -1.3422976e-9, 5.4999935e+1
-0.165, 8.8587209e-9, -1.3362704e-9, 5.5333267e+1
-0.166, 8.9115133e-9, -1.3335522e-9, 5.5666599e+1
-0.167, 8.9542667e-9, -1.3272884e-9, 5.5999931e+1
-0.168, 9.0005630e-9, -1.3214974e-9, 5.6333263e+1
-0.169, 9.0636298e-9, -1.3159428e-9, 5.6666595e+1
-0.170, 9.0910302e-9, -1.3080244e-9, 5.6999928e+1
-0.171, 9.1569330e-9, -1.3044790e-9, 5.7333260e+1
-0.172, 9.2163388e-9, -1.3031789e-9, 5.7666592e+1
-0.173, 9.2542489e-9, -1.2998699e-9, 5.7999924e+1
-0.174, 9.3212140e-9, -1.2973880e-9, 5.8333256e+1
-0.175, 9.3656212e-9, -1.2952607e-9, 5.8666588e+1
-0.176, 9.4129806e-9, -1.2895879e-9, 5.8999920e+1
-0.177, 9.4884482e-9, -1.2873425e-9, 5.9333252e+1
-0.178, 9.5325010e-9, -1.2839151e-9, 5.9666584e+1
-0.179, 9.5886001e-9, -1.2790695e-9, 5.9999916e+1
-0.180, 9.6532036e-9, -1.2748148e-9, 6.0333248e+1
-0.181, 9.7050501e-9, -1.2702057e-9, 6.0666580e+1
-0.182, 9.7773301e-9, -1.2635875e-9, 6.0999912e+1
-0.183, 9.8225632e-9, -1.2577964e-9, 6.1333244e+1
-0.184, 9.8917727e-9, -1.2542509e-9, 6.1666576e+1
-0.185, 9.9723181e-9, -1.2464508e-9, 6.1999908e+1
-0.186, 1.0022041e-8, -1.2397144e-9, 6.2333241e+1
-0.187, 1.0094438e-8, -1.2333324e-9, 6.2666573e+1
-0.188, 1.0162229e-8, -1.2276596e-9, 6.2999905e+1
-0.189, 1.0207581e-8, -1.2230505e-9, 6.3333237e+1
-0.190, 1.0297222e-8, -1.2183231e-9, 6.3666569e+1
-0.191, 1.0358163e-8, -1.2134777e-9, 6.3999901e+1
-0.192, 1.0415916e-8, -1.2106413e-9, 6.4333237e+1
-0.193, 1.0510163e-8, -1.2094594e-9, 6.4666573e+1
-0.194, 1.0564253e-8, -1.2026048e-9, 6.4999908e+1
-0.195, 1.0635352e-8, -1.1994138e-9, 6.5333244e+1
-0.196, 1.0721922e-8, -1.1957502e-9, 6.5666580e+1
-0.197, 1.0783218e-8, -1.1926773e-9, 6.5999916e+1
-0.198, 1.0874866e-8, -1.1879500e-9, 6.6333252e+1
-0.199, 1.0944075e-8, -1.1827499e-9, 6.6666588e+1
-0.200, 1.1017535e-8, -1.1803862e-9, 6.6999924e+1
-0.201, 1.1121111e-8, -1.1767225e-9, 6.7333260e+1
-0.202, 1.1161739e-8, -1.1697497e-9, 6.7666595e+1
-0.203, 1.1262482e-8, -1.1646678e-9, 6.7999931e+1
-0.204, 1.1355429e-8, -1.1621860e-9, 6.8333267e+1
-0.205, 1.1466683e-8, -1.1612405e-9, 6.8666603e+1
-0.206, 1.1530459e-8, -1.1593496e-9, 6.8999939e+1
-0.207, 1.1601557e-8, -1.1569858e-9, 6.9333275e+1
-0.208, 1.1672419e-8, -1.1561586e-9, 6.9666611e+1
-0.209, 1.1774342e-8, -1.1537949e-9, 6.9999947e+1
-0.210, 1.1844969e-8, -1.1566315e-9, 7.0333282e+1
-0.211, 1.1950907e-8, -1.1533221e-9, 7.0666618e+1
-0.212, 1.2043028e-8, -1.1517858e-9, 7.0999954e+1
-0.213, 1.2104678e-8, -1.1514313e-9, 7.1333290e+1
-0.214, 1.2188886e-8, -1.1481220e-9, 7.1666626e+1
-0.215, 1.2267779e-8, -1.1417403e-9, 7.1999962e+1
-0.216, 1.2364624e-8, -1.1435130e-9, 7.2333298e+1
-0.217, 1.2475405e-8, -1.1394947e-9, 7.2666634e+1
-0.218, 1.2539536e-8, -1.1347674e-9, 7.2999969e+1
-0.219, 1.2648073e-8, -1.1287400e-9, 7.3333305e+1
-0.220, 1.2744563e-8, -1.1227126e-9, 7.3666641e+1
-0.221, 1.2820150e-8, -1.1190489e-9, 7.3999977e+1
-0.222, 1.2942858e-8, -1.1139671e-9, 7.4333313e+1
-0.223, 1.3033208e-8, -1.1131398e-9, 7.4666649e+1
-0.224, 1.3138202e-8, -1.1036851e-9, 7.4999985e+1
-0.225, 1.3254771e-8, -1.0975395e-9, 7.5333321e+1
-0.226, 1.3337205e-8, -1.0939941e-9, 7.5666656e+1
-0.227, 1.3445272e-8, -1.0930487e-9, 7.5999992e+1
-0.228, 1.3559595e-8, -1.0923396e-9, 7.6333328e+1
-0.229, 1.3655732e-8, -1.0865484e-9, 7.6666664e+1
-0.230, 1.3771473e-8, -1.0814666e-9, 7.7000000e+1
-0.231, 1.3862176e-8, -1.0780393e-9, 7.7333336e+1
-0.232, 1.3970951e-8, -1.0755574e-9, 7.7666672e+1
-0.233, 1.4100510e-8, -1.0769756e-9, 7.8000008e+1
-0.234, 1.4175504e-8, -1.0796938e-9, 7.8333344e+1
-0.235, 1.4298451e-8, -1.0744937e-9, 7.8666679e+1
-0.236, 1.4423877e-8, -1.0746120e-9, 7.9000015e+1
-0.237, 1.4528753e-8, -1.0766211e-9, 7.9333351e+1
-0.238, 1.4648511e-8, -1.0805211e-9, 7.9666687e+1
-0.239, 1.4759410e-8, -1.0926940e-9, 8.0000023e+1
-0.240, 1.4861332e-8, -1.1073488e-9, 8.0333359e+1
-0.241, 1.4999985e-8, -1.1279128e-9, 8.0666695e+1
-0.242, 1.5101556e-8, -1.1461130e-9, 8.1000031e+1
-0.243, 1.5223909e-8, -1.1649043e-9, 8.1333366e+1
-0.244, 1.5351699e-8, -1.1767225e-9, 8.1666702e+1
-0.245, 1.5460117e-8, -1.1815682e-9, 8.2000038e+1
-0.246, 1.5595464e-8, -1.1861773e-9, 8.2333374e+1
-0.247, 1.5711088e-8, -1.1815682e-9, 8.2666710e+1
-0.248, 1.5847142e-8, -1.1761316e-9, 8.3000046e+1
-0.249, 1.5994180e-8, -1.1634861e-9, 8.3333382e+1
-0.250, 1.6099767e-8, -1.1493040e-9, 8.3666718e+1
-0.251, 1.6238538e-8, -1.1334673e-9, 8.4000053e+1
-0.252, 1.6374592e-8, -1.1191672e-9, 8.4333389e+1
-0.253, 1.6485846e-8, -1.1060488e-9, 8.4666725e+1
-0.254, 1.6636548e-8, -1.0939941e-9, 8.5000061e+1
-0.255, 1.6768469e-8, -1.0830030e-9, 8.5333397e+1
-0.256, 1.6901099e-8, -1.0698846e-9, 8.5666733e+1
-0.257, 1.7038099e-8, -1.0593663e-9, 8.6000069e+1
-0.258, 1.7147462e-8, -1.0525116e-9, 8.6333405e+1
-0.259, 1.7299698e-8, -1.0393932e-9, 8.6666740e+1
-0.260, 1.7437051e-8, -1.0340750e-9, 8.7000076e+1
-0.261, 1.7565432e-8, -1.0301749e-9, 8.7333412e+1
-0.262, 1.7722863e-8, -1.0259202e-9, 8.7666748e+1
-0.263, 1.7860748e-8, -1.0273385e-9, 8.8000084e+1
-0.264, 1.8000643e-8, -1.0258022e-9, 8.8333420e+1
-0.265, 1.8148153e-8, -1.0259202e-9, 8.8666756e+1
-0.266, 1.8267793e-8, -1.0217839e-9, 8.9000092e+1
-0.267, 1.8428295e-8, -1.0223749e-9, 8.9333427e+1
-0.268, 1.8584428e-8, -1.0302931e-9, 8.9666763e+1
-0.269, 1.8706547e-8, -1.0333659e-9, 9.0000099e+1
-0.270, 1.8881753e-8, -1.0414024e-9, 9.0333435e+1
-0.271, 1.9024895e-8, -1.0633845e-9, 9.0666771e+1
-0.272, 1.9171344e-8, -1.1007305e-9, 9.1000107e+1
-0.273, 1.9352928e-8, -1.1386675e-9, 9.1333443e+1
-0.274, 1.9489750e-8, -1.1741225e-9, 9.1666779e+1
-0.275, 1.9668915e-8, -1.2020138e-9, 9.2000114e+1
-0.276, 1.9829358e-8, -1.2296688e-9, 9.2333450e+1
-0.277, 1.9972381e-8, -1.2449145e-9, 9.2666786e+1
-0.278, 2.0143041e-8, -1.2507055e-9, 9.3000122e+1
-0.279, 2.0297756e-8, -1.2478690e-9, 9.3333458e+1
-0.280, 2.0463396e-8, -1.2413690e-9, 9.3666794e+1
-0.281, 2.0651239e-8, -1.2321507e-9, 9.4000130e+1
-0.282, 2.0784695e-8, -1.2185595e-9, 9.4333466e+1
-0.283, 2.0970768e-8, -1.2131232e-9, 9.4666801e+1
-0.284, 2.1150464e-8, -1.2135958e-9, 9.5000137e+1
-0.285, 2.1297561e-8, -1.2165504e-9, 9.5333473e+1
-0.286, 2.1493554e-8, -1.2323871e-9, 9.5666809e+1
-0.287, 2.1663682e-8, -1.2553146e-9, 9.6000145e+1
-0.288, 2.1839597e-8, -1.2735148e-9, 9.6333481e+1
-0.289, 2.2028150e-8, -1.2801331e-9, 9.6666817e+1
-0.290, 2.2180386e-8, -1.2751694e-9, 9.7000153e+1
-0.291, 2.2361437e-8, -1.2659511e-9, 9.7333488e+1
-0.292, 2.2548395e-8, -1.2486964e-9, 9.7666824e+1
-0.293, 2.2710374e-8, -1.2242323e-9, 9.8000160e+1
-0.294, 2.2901821e-8, -1.2005956e-9, 9.8333496e+1
-0.295, 2.3082283e-8, -1.1701042e-9, 9.8666832e+1
-0.296, 2.3259142e-8, -1.1500131e-9, 9.9000168e+1
-0.297, 2.3444152e-8, -1.1463493e-9, 9.9333504e+1
-0.298, 2.3574952e-8, -1.1574586e-9, 9.9666840e+1
-0.299, 2.3775433e-8, -1.1523767e-9, 1.0000018e+2
-0.300, 2.3978156e-8, -1.1406766e-9, 1.0033351e+2
-0.301, 2.4158737e-8, -1.1188126e-9, 1.0066685e+2
-0.302, 2.4354907e-8, -1.1138489e-9, 1.0100018e+2
-0.303, 2.4549010e-8, -1.1121942e-9, 1.0133352e+2
-0.304, 2.4730182e-8, -1.1140853e-9, 1.0166685e+2
-0.305, 2.4931902e-8, -1.1223582e-9, 1.0200019e+2
-0.306, 2.5111243e-8, -1.1412675e-9, 1.0233353e+2
-0.307, 2.5338355e-8, -1.1654950e-9, 1.0266686e+2
-0.308, 2.5534055e-8, -1.1959865e-9, 1.0300020e+2
-0.309, 2.5692726e-8, -1.2288415e-9, 1.0333353e+2
-0.310, 2.5898579e-8, -1.2490510e-9, 1.0366687e+2
-0.311, 2.6075854e-8, -1.2543692e-9, 1.0400021e+2
-0.312, 2.6282239e-8, -1.2490510e-9, 1.0433354e+2
-0.313, 2.6484370e-8, -1.2444418e-9, 1.0466688e+2
-0.314, 2.6664303e-8, -1.2302597e-9, 1.0500021e+2
-0.315, 2.6871103e-8, -1.2135958e-9, 1.0533355e+2
-0.316, 2.7080500e-8, -1.1927955e-9, 1.0566689e+2
-0.317, 2.7248207e-8, -1.1744771e-9, 1.0600022e+2
-0.318, 2.7461088e-8, -1.1584040e-9, 1.0633356e+2
-0.319, 2.7650527e-8, -1.1510767e-9, 1.0666689e+2
-0.320, 2.7826500e-8, -1.1400856e-9, 1.0700023e+2
-0.321, 2.8024621e-8, -1.1358311e-9, 1.0733356e+2
-0.322, 2.8189788e-8, -1.1320491e-9, 1.0766690e+2
-0.323, 2.8386609e-8, -1.1249581e-9, 1.0800024e+2
-0.324, 2.8587149e-8, -1.1208217e-9, 1.0833357e+2
-0.325, 2.8775048e-8, -1.1188126e-9, 1.0866691e+2
-0.326, 2.8982321e-8, -1.1227126e-9, 1.0900024e+2
-0.327, 2.9171286e-8, -1.1335856e-9, 1.0933358e+2
-0.328, 2.9367516e-8, -1.1588768e-9, 1.0966692e+2
-0.329, 2.9583529e-8, -1.1883045e-9, 1.1000025e+2
-0.330, 2.9743854e-8, -1.2184413e-9, 1.1033359e+2
-0.331, 2.9972149e-8, -1.2452690e-9, 1.1066692e+2
-0.332, 3.0173808e-8, -1.2771786e-9, 1.1100026e+2
-0.333, 3.0353032e-8, -1.2836787e-9, 1.1133360e+2
-0.334, 3.0581443e-8, -1.2822605e-9, 1.1166693e+2
-0.335, 3.0740114e-8, -1.3086154e-9, 1.1200027e+2
-0.336, 3.0936228e-8, -1.3044790e-9, 1.1233360e+2
-0.337, 3.1063010e-8, -1.3757436e-9, 1.1266694e+2
-0.338, 3.1281971e-8, -1.3352067e-9, 1.1300027e+2
-0.339, 3.1493851e-8, -1.3110972e-9, 1.1333361e+2
-0.340, 3.1675967e-8, -1.2984517e-9, 1.1366695e+2
-0.341, 3.1838656e-8, -1.2882878e-9, 1.1400028e+2
-0.342, 3.2038486e-8, -1.2783605e-9, 1.1433362e+2
-0.343, 3.2206373e-8, -1.2750513e-9, 1.1466695e+2
-0.344, 3.2381578e-8, -1.2644148e-9, 1.1500029e+2
-0.345, 3.2575681e-8, -1.2590965e-9, 1.1533363e+2
-0.346, 3.2717406e-8, -1.2605147e-9, 1.1566696e+2
-0.347, 3.2911743e-8, -1.2681965e-9, 1.1600030e+2
-0.348, 3.3094153e-8, -1.2815514e-9, 1.1633363e+2
-0.349, 3.3240955e-8, -1.2954970e-9, 1.1666697e+2
-0.350, 3.3433288e-8, -1.3094427e-9, 1.1700031e+2
-0.351, 3.3600642e-8, -1.3318976e-9, 1.1733364e+2
-0.352, 3.3774842e-8, -1.3557706e-9, 1.1766698e+2
-0.353, 3.3943849e-8, -1.3895711e-9, 1.1800031e+2
-0.354, 3.4087289e-8, -1.4194715e-9, 1.1833365e+2
-0.355, 3.4252277e-8, -1.4441719e-9, 1.1866698e+2
-0.356, 3.4422111e-8, -1.4644995e-9, 1.1900032e+2
-0.357, 3.4567083e-8, -1.4693451e-9, 1.1933366e+2
-0.358, 3.4731780e-8, -1.4616631e-9, 1.1966699e+2
-0.359, 3.4869249e-8, -1.4472448e-9, 1.2000033e+2
-0.360, 3.5013276e-8, -1.4357809e-9, 1.2033366e+2
-0.361, 3.5167758e-8, -1.4208899e-9, 1.2066700e+2
-0.362, 3.5272336e-8, -1.3994986e-9, 1.2100034e+2
-0.363, 3.5429885e-8, -1.3794074e-9, 1.2133367e+2
-0.364, 3.5574978e-8, -1.3652254e-9, 1.2166701e+2
-0.365, 3.5689890e-8, -1.3524616e-9, 1.2200034e+2
-0.366, 3.5840770e-8, -1.3499797e-9, 1.2233368e+2
-0.367, 3.5967791e-8, -1.3575434e-9, 1.2266702e+2
-0.368, 3.6081879e-8, -1.3700709e-9, 1.2300035e+2
-0.369, 3.6221770e-8, -1.3798801e-9, 1.2333369e+2
-0.370, 3.6326291e-8, -1.3820074e-9, 1.2366702e+2
-0.371, 3.6447645e-8, -1.3798801e-9, 1.2400036e+2
-0.372, 3.6557715e-8, -1.3797620e-9, 1.2433369e+2
-0.373, 3.6651318e-8, -1.3792891e-9, 1.2466703e+2
-0.374, 3.6768416e-8, -1.3777528e-9, 1.2500037e+2
-0.375, 3.6856875e-8, -1.3730255e-9, 1.2533370e+2
-0.376, 3.6957559e-8, -1.3671163e-9, 1.2566704e+2
-0.377, 3.7071587e-8, -1.3648709e-9, 1.2600037e+2
-0.378, 3.7139319e-8, -1.3665253e-9, 1.2633371e+2
-0.379, 3.7227778e-8, -1.3716072e-9, 1.2666705e+2
-0.380, 3.7325332e-8, -1.3811802e-9, 1.2700038e+2
-0.381, 3.7384797e-8, -1.3960713e-9, 1.2733372e+2
-0.382, 3.7493393e-8, -1.4149806e-9, 1.2766705e+2
-0.383, 3.7572345e-8, -1.4370809e-9, 1.2800038e+2
-0.384, 3.7634113e-8, -1.4598903e-9, 1.2833371e+2
-0.385, 3.7725702e-8, -1.4857725e-9, 1.2866704e+2
-0.386, 3.7773301e-8, -1.5043273e-9, 1.2900037e+2
-0.387, 3.7840557e-8, -1.5259549e-9, 1.2933369e+2
-0.388, 3.7903330e-8, -1.5466370e-9, 1.2966702e+2
-0.389, 3.7950333e-8, -1.5638920e-9, 1.3000035e+2
-0.390, 3.8016470e-8, -1.5738193e-9, 1.3033368e+2
-0.391, 3.8073932e-8, -1.5802011e-9, 1.3066701e+2
-0.392, 3.8117395e-8, -1.5889468e-9, 1.3100034e+2
-0.393, 3.8165343e-8, -1.6063196e-9, 1.3133366e+2
-0.394, 3.8179159e-8, -1.6290109e-9, 1.3166699e+2
-0.395, 3.8236500e-8, -1.6611569e-9, 1.3200032e+2
-0.396, 3.8282973e-8, -1.6982665e-9, 1.3233365e+2
-0.397, 3.8284629e-8, -1.7503854e-9, 1.3266698e+2
-0.398, 3.8330334e-8, -1.8242503e-9, 1.3300031e+2
-0.399, 3.8354607e-8, -1.9057969e-9, 1.3333363e+2
