July 12, 2006   23:46:26
Cyclic Voltammetry
File: f:\07_02_19_wt\ida_2\tran_1\gc_12.txt
Data Source:  Experiment
Instrument Model:  CHI760B
Header: 
Note: 

Init E (V) = 0
High E (V) = 0
Low E (V) = -0.4
Init P/N = N
Scan Rate (V/s) = 0.003
Segment = 1
Sample Interval (V) = 0.001
Quiet Time (sec) = 2
Sensitivity (A/V) = 1e-7
2nd E (V) = 0
Sens 2 (A/V) = 1e-7

Potential/V, i1/A, i2/A

0.000, -6.3731811e-8, -3.9191722e-8
-0.001, -5.5813103e-8, -3.4801769e-8
-0.002, -4.9622791e-8, -3.1226524e-8
-0.003, -4.4706340e-8, -2.8237210e-8
-0.004, -4.0556031e-8, -2.5678215e-8
-0.005, -3.7057632e-8, -2.3603299e-8
-0.006, -3.3966149e-8, -2.1806290e-8
-0.007, -3.1304747e-8, -2.0269695e-8
-0.008, -2.8971098e-8, -1.8907320e-8
-0.009, -2.6984930e-8, -1.7727874e-8
-0.010, -2.5139434e-8, -1.6673281e-8
-0.011, -2.3534538e-8, -1.5746421e-8
-0.012, -2.2035566e-8, -1.4938022e-8
-0.013, -2.0684375e-8, -1.4193129e-8
-0.014, -1.9477291e-8, -1.3440008e-8
-0.015, -1.8297523e-8, -1.2832032e-8
-0.016, -1.7244052e-8, -1.2297628e-8
-0.017, -1.6390359e-8, -1.1846458e-8
-0.018, -1.5423957e-8, -1.1320919e-8
-0.019, -1.4599183e-8, -1.0939087e-8
-0.020, -1.3833921e-8, -1.0667411e-8
-0.021, -1.3085355e-8, -1.0243800e-8
-0.022, -1.2365944e-8, -9.8435162e-9
-0.023, -1.1681282e-8, -9.5934878e-9
-0.024, -1.1080814e-8, -9.2816315e-9
-0.025, -1.0492888e-8, -9.0172243e-9
-0.026, -9.8549569e-9, -8.8034620e-9
-0.027, -9.3326138e-9, -8.5551921e-9
-0.028, -8.8100300e-9, -8.3134708e-9
-0.029, -8.3584615e-9, -8.1426847e-9
-0.030, -7.8784552e-9, -7.8760412e-9
-0.031, -7.4142656e-9, -7.7634885e-9
-0.032, -6.9335404e-9, -7.5628268e-9
-0.033, -6.6580297e-9, -7.3734285e-9
-0.034, -6.2470411e-9, -7.2929884e-9
-0.035, -5.8075345e-9, -7.1073445e-9
-0.036, -5.3918323e-9, -6.9308870e-9
-0.037, -5.0949938e-9, -6.8834374e-9
-0.038, -4.7949600e-9, -6.7767956e-9
-0.039, -4.3941157e-9, -6.5448202e-9
-0.040, -4.1094990e-9, -6.4305103e-9
-0.041, -3.8077075e-9, -6.3493504e-9
-0.042, -3.4912184e-9, -6.2826500e-9
-0.043, -3.2773764e-9, -6.1454943e-9
-0.044, -2.9418750e-9, -5.9838148e-9
-0.045, -2.7429705e-9, -5.9203886e-9
-0.046, -2.3999607e-9, -5.8504130e-9
-0.047, -2.1611155e-9, -5.8094338e-9
-0.048, -1.8634783e-9, -5.7143752e-9
-0.049, -1.7208904e-9, -5.5780180e-9
-0.050, -1.3803566e-9, -5.4683409e-9
-0.051, -1.2582980e-9, -5.4037170e-9
-0.052, -9.5730557e-10, -5.3525930e-9
-0.053, -8.5162272e-10, -5.3335811e-9
-0.054, -6.0822458e-10, -5.2677591e-9
-0.055, -4.3192669e-10, -5.1433044e-9
-0.056, -2.4875901e-10, -5.0358637e-9
-0.057, -7.4378212e-12, -4.9764326e-9
-0.058, 9.8484700e-11, -4.9432813e-9
-0.059, 3.0473804e-10, -4.9090123e-9
-0.060, 5.1418658e-10, -4.8677138e-9
-0.061, 6.3688421e-10, -4.8342437e-9
-0.062, 7.9249296e-10, -4.7817617e-9
-0.063, 1.0146425e-9, -4.7038777e-9
-0.064, 1.0891718e-9, -4.6048245e-9
-0.065, 1.2682655e-9, -4.5430770e-9
-0.066, 1.4427262e-9, -4.5020974e-9
-0.067, 1.5446546e-9, -4.4731006e-9
-0.068, 1.6320447e-9, -4.4305239e-9
-0.069, 1.8265555e-9, -4.3960950e-9
-0.070, 1.9740962e-9, -4.3686161e-9
-0.071, 2.0509419e-9, -4.3468087e-9
-0.072, 2.1716424e-9, -4.3157344e-9
-0.073, 2.3298872e-9, -4.2727586e-9
-0.074, 2.4695195e-9, -4.1976698e-9
-0.075, 2.5550724e-9, -4.1260164e-9
-0.076, 2.6490925e-9, -4.0658659e-9
-0.077, 2.8168430e-9, -4.0205737e-9
-0.078, 2.9595908e-9, -3.9870232e-9
-0.079, 3.0175047e-9, -3.9627395e-9
-0.080, 3.0732619e-9, -3.9414911e-9
-0.081, 3.1731133e-9, -3.9195238e-9
-0.082, 3.3534850e-9, -3.9017105e-9
-0.083, 3.4312897e-9, -3.8824588e-9
-0.084, 3.4955943e-9, -3.8707961e-9
-0.085, 3.5884160e-9, -3.8564174e-9
-0.086, 3.6568744e-9, -3.8363672e-9
-0.087, 3.7640748e-9, -3.8062522e-9
-0.088, 3.9090593e-9, -3.7776551e-9
-0.089, 3.9591446e-9, -3.7353973e-9
-0.090, 4.0134642e-9, -3.6756465e-9
-0.091, 4.0858366e-9, -3.6242829e-9
-0.092, 4.1912793e-9, -3.5984009e-9
-0.093, 4.3025543e-9, -3.5547059e-9
-0.094, 4.3690154e-9, -3.5264280e-9
-0.095, 4.4734998e-9, -3.5095729e-9
-0.096, 4.5287778e-9, -3.4916801e-9
-0.097, 4.5778252e-9, -3.4724283e-9
-0.098, 4.6470818e-9, -3.4570113e-9
-0.099, 4.7412620e-9, -3.4403165e-9
-0.100, 4.8328856e-9, -3.4275354e-9
-0.101, 4.9444000e-9, -3.4164318e-9
-0.102, 4.9651687e-9, -3.4026921e-9
-0.103, 5.0151745e-9, -3.3959822e-9
-0.104, 5.0762838e-9, -3.3850380e-9
-0.105, 5.1393099e-9, -3.3814438e-9
-0.106, 5.2302949e-9, -3.3762511e-9
-0.107, 5.2942797e-9, -3.3674643e-9
-0.108, 5.3824687e-9, -3.3616332e-9
-0.109, 5.4343117e-9, -3.3497307e-9
-0.110, 5.4585154e-9, -3.3309586e-9
-0.111, 5.5133937e-9, -3.3042784e-9
-0.112, 5.5514175e-9, -3.3000447e-9
-0.113, 5.5840093e-9, -3.2624203e-9
-0.114, 5.7091030e-9, -3.2318261e-9
-0.115, 5.7365024e-9, -3.2045864e-9
-0.116, 5.8215757e-9, -3.1815008e-9
-0.117, 5.9034537e-9, -3.1432377e-9
-0.118, 5.9318919e-9, -3.1249452e-9
-0.119, 5.9473888e-9, -3.0576051e-9
-0.120, 6.0255125e-9, -3.0882794e-9
-0.121, 6.0312639e-9, -3.0445846e-9
-0.122, 6.0226366e-9, -3.0631968e-9
-0.123, 6.1093082e-9, -3.0536909e-9
-0.124, 6.1640262e-9, -3.0359573e-9
-0.125, 6.2467036e-9, -3.0274101e-9
-0.126, 6.2988663e-9, -3.0184633e-9
-0.127, 6.3779479e-9, -3.0094369e-9
-0.128, 6.4293126e-9, -3.0047236e-9
-0.129, 6.4397767e-9, -3.0036853e-9
-0.130, 6.4970518e-9, -2.9976941e-9
-0.131, 6.5083148e-9, -2.9937801e-9
-0.132, 6.5389889e-9, -2.9917031e-9
-0.133, 6.5806067e-9, -2.9834752e-9
-0.134, 6.6212671e-9, -2.9841942e-9
-0.135, 6.6602484e-9, -2.9818776e-9
-0.136, 6.7589818e-9, -2.9800407e-9
-0.137, 6.7895765e-9, -2.9753273e-9
-0.138, 6.8383836e-9, -2.9606293e-9
-0.139, 6.8939814e-9, -2.9530407e-9
-0.140, 6.9079609e-9, -2.9527212e-9
-0.141, 6.9216206e-9, -2.9462508e-9
-0.142, 6.9296076e-9, -2.9363454e-9
-0.143, 6.9549309e-9, -2.9305143e-9
-0.144, 6.9709070e-9, -2.9458511e-9
-0.145, 6.9793740e-9, -2.9279579e-9
-0.146, 7.0273831e-9, -2.9240437e-9
-0.147, 7.0489503e-9, -2.9182923e-9
-0.148, 7.0713178e-9, -2.9188514e-9
-0.149, 7.1635804e-9, -2.9109433e-9
-0.150, 7.1705304e-9, -2.9006384e-9
-0.151, 7.2103115e-9, -2.8968841e-9
-0.152, 7.2611153e-9, -2.8886562e-9
-0.153, 7.2798878e-9, -2.8846623e-9
-0.154, 7.3262982e-9, -2.8791507e-9
-0.155, 7.3348456e-9, -2.8721208e-9
-0.156, 7.3770234e-9, -2.8786711e-9
-0.157, 7.3993900e-9, -2.8638132e-9
-0.158, 7.4021056e-9, -2.8501534e-9
-0.159, 7.4408488e-9, -2.8456004e-9
-0.160, 7.4513924e-9, -2.8339378e-9
-0.161, 7.4698452e-9, -2.8253104e-9
-0.162, 7.5116233e-9, -2.8326597e-9
-0.163, 7.5239246e-9, -2.8164437e-9
-0.164, 7.5346289e-9, -2.8051805e-9
-0.165, 7.5892679e-9, -2.8081359e-9
-0.166, 7.6287296e-9, -2.7956746e-9
-0.167, 7.6421491e-9, -2.7866480e-9
-0.168, 7.6891986e-9, -2.7768228e-9
-0.169, 7.7236280e-9, -2.7622042e-9
-0.170, 7.7511064e-9, -2.7819351e-9
-0.171, 7.8023108e-9, -2.7594087e-9
-0.172, 7.8402547e-9, -2.7538967e-9
-0.173, 7.8879436e-9, -2.7433522e-9
-0.174, 7.8849887e-9, -2.7383997e-9
-0.175, 7.9215736e-9, -2.7204266e-9
-0.176, 7.9436209e-9, -2.7087637e-9
-0.177, 7.9605558e-9, -2.7172313e-9
-0.178, 8.0105611e-9, -2.7255389e-9
-0.179, 8.0330071e-9, -2.7264175e-9
-0.180, 8.0589686e-9, -2.6911100e-9
-0.181, 8.1402884e-9, -2.6990183e-9
-0.182, 8.1874987e-9, -2.6955833e-9
-0.183, 8.1909333e-9, -2.6821632e-9
-0.184, 8.3040446e-9, -2.6809652e-9
-0.185, 8.3394323e-9, -2.6736959e-9
-0.186, 8.3862428e-9, -2.6710598e-9
-0.187, 8.4049354e-9, -2.6788882e-9
-0.188, 8.4473522e-9, -2.6774503e-9
-0.189, 8.4884109e-9, -2.6632314e-9
-0.190, 8.5174872e-9, -2.6623528e-9
-0.191, 8.5928953e-9, -2.6581988e-9
-0.192, 8.6488923e-9, -2.6488527e-9
-0.193, 8.7274952e-9, -2.6739355e-9
-0.194, 8.8263885e-9, -2.6558025e-9
-0.195, 8.8572216e-9, -2.6431015e-9
-0.196, 8.8789491e-9, -2.6604356e-9
-0.197, 8.9548378e-9, -2.6435008e-9
-0.198, 8.9676178e-9, -2.6276046e-9
-0.199, 9.0482990e-9, -2.6481337e-9
-0.200, 9.1499865e-9, -2.6405451e-9
-0.201, 9.2391348e-9, -2.6482936e-9
-0.202, 9.3083923e-9, -2.6450186e-9
-0.203, 9.3432195e-9, -2.6643499e-9
-0.204, 9.4197459e-9, -2.6488527e-9
-0.205, 9.4226218e-9, -2.6818439e-9
-0.206, 9.5003463e-9, -2.6609948e-9
-0.207, 9.6749666e-9, -2.6761722e-9
-0.208, 9.7747384e-9, -2.6864768e-9
-0.209, 9.8551780e-9, -2.6825628e-9
-0.210, 9.9323447e-9, -2.6783289e-9
-0.211, 1.0017258e-8, -2.6876752e-9
-0.212, 1.0127175e-8, -2.7049296e-9
-0.213, 1.0303632e-8, -2.7133968e-9
-0.214, 1.0385430e-8, -2.7328082e-9
-0.215, 1.0464593e-8, -2.7463878e-9
-0.216, 1.0615648e-8, -2.7600475e-9
-0.217, 1.0800093e-8, -2.7880060e-9
-0.218, 1.0845307e-8, -2.8010265e-9
-0.219, 1.0921833e-8, -2.8024645e-9
-0.220, 1.1090702e-8, -2.8451210e-9
-0.221, 1.1272112e-8, -2.8453608e-9
-0.222, 1.1343047e-8, -2.8783518e-9
-0.223, 1.1476288e-8, -2.8946474e-9
-0.224, 1.1685418e-8, -2.9033544e-9
-0.225, 1.1812829e-8, -2.9207687e-9
-0.226, 1.1971633e-8, -2.9364255e-9
-0.227, 1.2123646e-8, -2.9457714e-9
-0.228, 1.2335091e-8, -2.9612686e-9
-0.229, 1.2495733e-8, -2.9727714e-9
-0.230, 1.2712531e-8, -2.9933804e-9
-0.231, 1.2845453e-8, -2.9968157e-9
-0.232, 1.3070159e-8, -3.0118332e-9
-0.233, 1.3270421e-8, -3.0293272e-9
-0.234, 1.3404222e-8, -3.0556879e-9
-0.235, 1.3637875e-8, -3.1059333e-9
-0.236, 1.3825755e-8, -3.1910070e-9
-0.237, 1.3991907e-8, -3.2574681e-9
-0.238, 1.4245051e-8, -3.3208141e-9
-0.239, 1.4442837e-8, -3.3646688e-9
-0.240, 1.4703092e-8, -3.3874348e-9
-0.241, 1.4830182e-8, -3.4055680e-9
-0.242, 1.5169997e-8, -3.4489431e-9
-0.243, 1.5313065e-8, -3.4814551e-9
-0.244, 1.5520754e-8, -3.5401677e-9
-0.245, 1.5761836e-8, -3.6251613e-9
-0.246, 1.5956349e-8, -3.7310839e-9
-0.247, 1.6209730e-8, -3.8298169e-9
-0.248, 1.6386188e-8, -3.8746304e-9
-0.249, 1.6650356e-8, -3.9084203e-9
-0.250, 1.6829450e-8, -3.9513965e-9
-0.251, 1.7043771e-8, -4.0038786e-9
-0.252, 1.7252979e-8, -4.0848778e-9
-0.253, 1.7442458e-8, -4.2721990e-9
-0.254, 1.7687693e-8, -4.3457700e-9
-0.255, 1.7870702e-8, -4.3831543e-9
-0.256, 1.8085023e-8, -4.4354769e-9
-0.257, 1.8258923e-8, -4.5050532e-9
-0.258, 1.8470130e-8, -4.6291087e-9
-0.259, 1.8679740e-8, -4.7708979e-9
-0.260, 1.8787658e-8, -4.8477440e-9
-0.261, 1.9050468e-8, -4.9138049e-9
-0.262, 1.9169169e-8, -4.9543050e-9
-0.263, 1.9321584e-8, -5.0231628e-9
-0.264, 1.9561147e-8, -5.1490558e-9
-0.265, 1.9677136e-8, -5.2938005e-9
-0.266, 1.9781540e-8, -5.3443654e-9
-0.267, 1.9966306e-8, -5.3941314e-9
-0.268, 2.0166008e-8, -5.4445364e-9
-0.269, 2.0255078e-8, -5.5259353e-9
-0.270, 2.0325052e-8, -5.6614935e-9
-0.271, 2.0608070e-8, -5.7860285e-9
-0.272, 2.0667903e-8, -5.8486553e-9
-0.273, 2.0751138e-8, -5.8856404e-9
-0.274, 2.0941895e-8, -5.9334893e-9
-0.275, 2.1078652e-8, -5.9946785e-9
-0.276, 2.1140879e-8, -6.0851040e-9
-0.277, 2.1217167e-8, -6.2535732e-9
-0.278, 2.1280112e-8, -6.3037389e-9
-0.279, 2.1417030e-8, -6.3391261e-9
-0.280, 2.1588773e-8, -6.3954420e-9
-0.281, 2.1642773e-8, -6.4563128e-9
-0.282, 2.1708676e-8, -6.5177406e-9
-0.283, 2.1772340e-8, -6.6027344e-9
-0.284, 2.1906143e-8, -6.7093762e-9
-0.285, 2.2008470e-8, -6.8057924e-9
-0.286, 2.2112953e-8, -6.8635471e-9
-0.287, 2.2177019e-8, -6.8940618e-9
-0.288, 2.2225507e-8, -6.9169874e-9
-0.289, 2.2248035e-8, -6.9396737e-9
-0.290, 2.2406438e-8, -6.9711468e-9
-0.291, 2.2489834e-8, -7.0513471e-9
-0.292, 2.2571234e-8, -7.1506396e-9
-0.293, 2.2618202e-8, -7.2139859e-9
-0.294, 2.2630983e-8, -7.2736563e-9
-0.295, 2.2697844e-8, -7.2988189e-9
-0.296, 2.2745613e-8, -7.3207871e-9
-0.297, 2.2818625e-8, -7.3425941e-9
-0.298, 2.2946436e-8, -7.3838926e-9
-0.299, 2.2994683e-8, -7.4154460e-9
-0.300, 2.3080396e-8, -7.4491560e-9
-0.301, 2.3117062e-8, -7.5055526e-9
-0.302, 2.3139108e-8, -7.5608302e-9
-0.303, 2.3194065e-8, -7.6505362e-9
-0.304, 2.3242155e-8, -7.7007023e-9
-0.305, 2.3290324e-8, -7.7583762e-9
-0.306, 2.3419174e-8, -7.7827407e-9
-0.307, 2.3504565e-8, -7.7987155e-9
-0.308, 2.3570228e-8, -7.8150917e-9
-0.309, 2.3592275e-8, -7.8429707e-9
-0.310, 2.3632456e-8, -7.8654967e-9
-0.311, 2.3680542e-8, -7.8850677e-9
-0.312, 2.3714653e-8, -7.9156619e-9
-0.313, 2.3765219e-8, -7.9413045e-9
-0.314, 2.3852127e-8, -7.9826830e-9
-0.315, 2.3942714e-8, -8.0433917e-9
-0.316, 2.4038412e-8, -8.0752649e-9
-0.317, 2.4080348e-8, -8.1666496e-9
-0.318, 2.4109106e-8, -8.1934894e-9
-0.319, 2.4164944e-8, -8.1972438e-9
-0.320, 2.4206960e-8, -8.2522815e-9
-0.321, 2.4231245e-8, -8.2743297e-9
-0.322, 2.4362011e-8, -8.2903844e-9
-0.323, 2.4429911e-8, -8.3111544e-9
-0.324, 2.4488862e-8, -8.3285681e-9
-0.325, 2.4568504e-8, -8.3557277e-9
-0.326, 2.4578567e-8, -8.3701863e-9
-0.327, 2.4620746e-8, -8.3886391e-9
-0.328, 2.4671390e-8, -8.4164373e-9
-0.329, 2.4720595e-8, -8.4461540e-9
-0.330, 2.4775316e-8, -8.4793843e-9
-0.331, 2.4888747e-8, -8.5027096e-9
-0.332, 2.4978855e-8, -8.5457650e-9
-0.333, 2.5041240e-8, -8.5844283e-9
-0.334, 2.5058892e-8, -8.6193355e-9
-0.335, 2.5127674e-8, -8.6802858e-9
-0.336, 2.5166253e-8, -8.7207850e-9
-0.337, 2.5200123e-8, -8.7370013e-9
-0.338, 2.5292549e-8, -8.7545757e-9
-0.339, 2.5382734e-8, -8.7779002e-9
-0.340, 2.5465731e-8, -8.7925178e-9
-0.341, 2.5540176e-8, -8.8086543e-9
-0.342, 2.5556552e-8, -8.8233527e-9
-0.343, 2.5607998e-8, -8.8359737e-9
-0.344, 2.5670467e-8, -8.8393284e-9
-0.345, 2.5696266e-8, -8.8659293e-9
-0.346, 2.5770557e-8, -8.8747161e-9
-0.347, 2.5853954e-8, -8.8818251e-9
-0.348, 2.5991667e-8, -8.9029148e-9
-0.349, 2.6025299e-8, -8.9156957e-9
-0.350, 2.6064441e-8, -8.9379819e-9
-0.351, 2.6130101e-8, -8.9594696e-9
-0.352, 2.6151270e-8, -8.9934202e-9
-0.353, 2.6227235e-8, -9.0390326e-9
-0.354, 2.6364711e-8, -9.0895975e-9
-0.355, 2.6459450e-8, -9.0925525e-9
-0.356, 2.6493719e-8, -9.1460732e-9
-0.357, 2.6535258e-8, -9.1782653e-9
-0.358, 2.6559464e-8, -9.1826582e-9
-0.359, 2.6608509e-8, -9.2166070e-9
-0.360, 2.6647651e-8, -9.2328243e-9
-0.361, 2.6686793e-8, -9.2423296e-9
-0.362, 2.6809809e-8, -9.2436876e-9
-0.363, 2.6845676e-8, -9.2687706e-9
-0.364, 2.6954478e-8, -9.2597441e-9
-0.365, 2.7006319e-8, -9.2810728e-9
-0.366, 2.7040747e-8, -9.2911367e-9
-0.367, 2.7087477e-8, -9.3005630e-9
-0.368, 2.7135329e-8, -9.3159009e-9
-0.369, 2.7170554e-8, -9.3230899e-9
-0.370, 2.7273762e-8, -9.3354711e-9
-0.371, 2.7345974e-8, -9.3667056e-9
-0.372, 2.7410197e-8, -9.3611137e-9
-0.373, 2.7498865e-8, -9.3890709e-9
-0.374, 2.7519077e-8, -9.3933057e-9
-0.375, 2.7560935e-8, -9.4165511e-9
-0.376, 2.7616849e-8, -9.4306101e-9
-0.377, 2.7652321e-8, -9.4693524e-9
-0.378, 2.7725887e-8, -9.4723882e-9
-0.379, 2.7804330e-8, -9.5394883e-9
-0.380, 2.7991653e-8, -9.5519503e-9
-0.381, 2.8061869e-8, -9.5930082e-9
-0.382, 2.8104845e-8, -9.6414974e-9
-0.383, 2.8146863e-8, -9.6618660e-9
-0.384, 2.8205976e-8, -9.6922212e-9
-0.385, 2.8275869e-8, -9.7123509e-9
-0.386, 2.8431959e-8, -9.7175432e-9
-0.387, 2.8486676e-8, -9.7391908e-9
-0.388, 2.8547626e-8, -9.7481383e-9
-0.389, 2.8622875e-8, -9.7641140e-9
-0.390, 2.8690534e-8, -9.7691473e-9
-0.391, 2.8810593e-8, -9.7859223e-9
-0.392, 2.8906292e-8, -9.8064517e-9
-0.393, 2.8949110e-8, -9.8169153e-9
-0.394, 2.9003749e-8, -9.8372057e-9
-0.395, 2.9050559e-8, -9.8468709e-9
-0.396, 2.9116062e-8, -9.8587734e-9
-0.397, 2.9192266e-8, -9.8662030e-9
-0.398, 2.9314885e-8, -9.8907256e-9
-0.399, 2.9420647e-8, -9.9097370e-9
