July 12, 2006   23:31:26
Cyclic Voltammetry
File: f:\07_02_19_wt\ida_2\tran_1\gc_6.txt
Data Source:  Experiment
Instrument Model:  CHI760B
Header: 
Note: 

Init E (V) = 0
High E (V) = 0
Low E (V) = -0.4
Init P/N = N
Scan Rate (V/s) = 0.003
Segment = 1
Sample Interval (V) = 0.001
Quiet Time (sec) = 2
Sensitivity (A/V) = 1e-7
2nd E (V) = 0
Sens 2 (A/V) = 1e-7

Potential/V, i1/A, i2/A

0.000, -7.4713810e-8, -5.4987275e-8
-0.001, -6.6318847e-8, -4.9378016e-8
-0.002, -5.9649402e-8, -4.4843798e-8
-0.003, -5.4239209e-8, -4.1128679e-8
-0.004, -4.9664170e-8, -3.7972896e-8
-0.005, -4.5792245e-8, -3.5283851e-8
-0.006, -4.2435396e-8, -3.2963939e-8
-0.007, -3.9502716e-8, -3.0986403e-8
-0.008, -3.6877420e-8, -2.9187953e-8
-0.009, -3.4548322e-8, -2.7514924e-8
-0.010, -3.2319878e-8, -2.6125869e-8
-0.011, -3.0464953e-8, -2.4899689e-8
-0.012, -2.8673458e-8, -2.3781034e-8
-0.013, -2.7106667e-8, -2.2801689e-8
-0.014, -2.5644121e-8, -2.1897195e-8
-0.015, -2.4302835e-8, -2.1080808e-8
-0.016, -2.3032642e-8, -2.0300208e-8
-0.017, -2.1867416e-8, -1.9619781e-8
-0.018, -2.0688930e-8, -1.9018994e-8
-0.019, -1.9688498e-8, -1.8412377e-8
-0.020, -1.8691258e-8, -1.7849773e-8
-0.021, -1.7790759e-8, -1.7346043e-8
-0.022, -1.6958236e-8, -1.6896630e-8
-0.023, -1.6115409e-8, -1.6467508e-8
-0.024, -1.5308927e-8, -1.6078966e-8
-0.025, -1.4600460e-8, -1.5668856e-8
-0.026, -1.3882409e-8, -1.5253713e-8
-0.027, -1.3195351e-8, -1.4970931e-8
-0.028, -1.2583061e-8, -1.4653326e-8
-0.029, -1.1963582e-8, -1.4294498e-8
-0.030, -1.1345142e-8, -1.4043750e-8
-0.031, -1.0749467e-8, -1.3739244e-8
-0.032, -1.0213304e-8, -1.3473639e-8
-0.033, -9.7017443e-9, -1.3230321e-8
-0.034, -9.2071195e-9, -1.3004257e-8
-0.035, -8.7338243e-9, -1.2769085e-8
-0.036, -8.2938376e-9, -1.2590073e-8
-0.037, -7.8183842e-9, -1.2313763e-8
-0.038, -7.4098723e-9, -1.2163906e-8
-0.039, -7.0572765e-9, -1.1891352e-8
-0.040, -6.6835120e-9, -1.1740056e-8
-0.041, -6.2818692e-9, -1.1603380e-8
-0.042, -5.8911702e-9, -1.1348319e-8
-0.043, -5.5385745e-9, -1.1239281e-8
-0.044, -5.2340674e-9, -1.1105320e-8
-0.045, -4.8410511e-9, -1.0880854e-8
-0.046, -4.5813571e-9, -1.0806484e-8
-0.047, -4.2768500e-9, -1.0701201e-8
-0.048, -3.9192218e-9, -1.0477454e-8
-0.049, -3.6735870e-9, -1.0341975e-8
-0.050, -3.3475120e-9, -1.0243162e-8
-0.051, -3.0918919e-9, -1.0133564e-8
-0.052, -2.8199763e-9, -9.9356985e-9
-0.053, -2.5801725e-9, -9.8413597e-9
-0.054, -2.2902837e-9, -9.7637152e-9
-0.055, -2.0254773e-9, -9.6907025e-9
-0.056, -1.8054046e-9, -9.5141655e-9
-0.057, -1.4958648e-9, -9.3814831e-9
-0.058, -1.3087031e-9, -9.3095895e-9
-0.059, -1.0481306e-9, -9.2546317e-9
-0.060, -8.8469360e-10, -9.1918446e-9
-0.061, -6.6342254e-10, -9.0221768e-9
-0.062, -4.6124315e-10, -8.9019556e-9
-0.063, -2.8885941e-10, -8.8481160e-9
-0.064, -6.5591359e-11, -8.8010657e-9
-0.065, 8.6262865e-11, -8.7500212e-9
-0.066, 2.8293046e-10, -8.6560021e-9
-0.067, 5.0635829e-10, -8.5456859e-9
-0.068, 6.2570082e-10, -8.4247453e-9
-0.069, 8.0974716e-10, -8.3634761e-9
-0.070, 1.0175981e-9, -8.3129912e-9
-0.071, 1.1434910e-9, -8.2676186e-9
-0.072, 1.3371231e-9, -8.2049922e-9
-0.073, 1.4901755e-9, -8.0933180e-9
-0.074, 1.5977756e-9, -7.9977003e-9
-0.075, 1.7490708e-9, -7.9220523e-9
-0.076, 1.9665871e-9, -7.8769995e-9
-0.077, 2.0495041e-9, -7.8400149e-9
-0.078, 2.1723614e-9, -7.8000744e-9
-0.079, 2.3818099e-9, -7.7725950e-9
-0.080, 2.5172884e-9, -7.7067730e-9
-0.081, 2.6117082e-9, -7.6364772e-9
-0.082, 2.7838520e-9, -7.5358271e-9
-0.083, 2.9603895e-9, -7.4573832e-9
-0.084, 3.0162268e-9, -7.4153661e-9
-0.085, 3.1137617e-9, -7.3782216e-9
-0.086, 3.2185659e-9, -7.3452311e-9
-0.087, 3.4075649e-9, -7.3158342e-9
-0.088, 3.4893632e-9, -7.2958635e-9
-0.089, 3.5690848e-9, -7.2730972e-9
-0.090, 3.6539183e-9, -7.2333166e-9
-0.091, 3.8133616e-9, -7.1714887e-9
-0.092, 3.9554702e-9, -7.0785076e-9
-0.093, 3.9929344e-9, -7.0130839e-9
-0.094, 4.0807242e-9, -6.9614017e-9
-0.095, 4.2132466e-9, -6.9365584e-9
-0.096, 4.3418558e-9, -6.9208212e-9
-0.097, 4.4419473e-9, -6.9054837e-9
-0.098, 4.5356474e-9, -6.8919848e-9
-0.099, 4.5989133e-9, -6.8740911e-9
-0.100, 4.6755995e-9, -6.8531620e-9
-0.101, 4.8293707e-9, -6.8155379e-9
-0.102, 4.9346545e-9, -6.7795911e-9
-0.103, 4.9990385e-9, -6.7357369e-9
-0.104, 5.0835531e-9, -6.6889263e-9
-0.105, 5.1319611e-9, -6.6423551e-9
-0.106, 5.2630464e-9, -6.5969030e-9
-0.107, 5.3652145e-9, -6.5434627e-9
-0.108, 5.4428591e-9, -6.5062373e-9
-0.109, 5.4891900e-9, -6.4813146e-9
-0.110, 5.5422316e-9, -6.4528773e-9
-0.111, 5.6354525e-9, -6.4256378e-9
-0.112, 5.7095026e-9, -6.4084626e-9
-0.113, 5.8171028e-9, -6.3836203e-9
-0.114, 5.9173533e-9, -6.3610934e-9
-0.115, 5.9575340e-9, -6.3514287e-9
-0.116, 5.9977139e-9, -6.3308185e-9
-0.117, 6.0760770e-9, -6.3154810e-9
-0.118, 6.1291985e-9, -6.3031802e-9
-0.119, 6.2131535e-9, -6.2863248e-9
-0.120, 6.3191554e-9, -6.2643575e-9
-0.121, 6.3964807e-9, -6.2277721e-9
-0.122, 6.4535963e-9, -6.2181860e-9
-0.123, 6.4893029e-9, -6.1694587e-9
-0.124, 6.5568826e-9, -6.1395826e-9
-0.125, 6.5882757e-9, -6.1023582e-9
-0.126, 6.6353256e-9, -6.0704055e-9
-0.127, 6.7722419e-9, -6.0492371e-9
-0.128, 6.8540409e-9, -6.0284684e-9
-0.129, 6.8874306e-9, -5.9943592e-9
-0.130, 6.9218600e-9, -5.9783827e-9
-0.131, 6.9391142e-9, -5.9624861e-9
-0.132, 6.9506974e-9, -5.9494658e-9
-0.133, 7.0040578e-9, -5.9425163e-9
-0.134, 7.0467943e-9, -5.9318919e-9
-0.135, 7.1095014e-9, -5.9129595e-9
-0.136, 7.1754034e-9, -5.9108829e-9
-0.137, 7.2328374e-9, -5.9002585e-9
-0.138, 7.2958635e-9, -5.8877170e-9
-0.139, 7.3347657e-9, -5.8778920e-9
-0.140, 7.3778219e-9, -5.8723804e-9
-0.141, 7.4104936e-9, -5.8588805e-9
-0.142, 7.4184014e-9, -5.8548064e-9
-0.143, 7.4740791e-9, -5.8480163e-9
-0.144, 7.4841440e-9, -5.8385106e-9
-0.145, 7.5135400e-9, -5.8286855e-9
-0.146, 7.5748892e-9, -5.8300431e-9
-0.147, 7.5796818e-9, -5.8189396e-9
-0.148, 7.6405513e-9, -5.8149459e-9
-0.149, 7.7160385e-9, -5.8082357e-9
-0.150, 7.7511864e-9, -5.8024043e-9
-0.151, 7.7876923e-9, -5.7907417e-9
-0.152, 7.8595059e-9, -5.7848304e-9
-0.153, 7.8567099e-9, -5.7700524e-9
-0.154, 7.8738838e-9, -5.7540759e-9
-0.155, 7.8949736e-9, -5.7615850e-9
-0.156, 7.9373903e-9, -5.7417742e-9
-0.157, 7.9578397e-9, -5.7013545e-9
-0.158, 7.9475342e-9, -5.6916889e-9
-0.159, 8.0108000e-9, -5.6956830e-9
-0.160, 8.0268574e-9, -5.6632512e-9
-0.161, 8.0239815e-9, -5.6435208e-9
-0.162, 8.1029832e-9, -5.6311387e-9
-0.163, 8.1397298e-9, -5.6201155e-9
-0.164, 8.1884570e-9, -5.6035798e-9
-0.165, 8.2176932e-9, -5.5907989e-9
-0.166, 8.2672198e-9, -5.5926361e-9
-0.167, 8.2956575e-9, -5.5757012e-9
-0.168, 8.3425480e-9, -5.5538143e-9
-0.169, 8.3540499e-9, -5.5529350e-9
-0.170, 8.4019796e-9, -5.5517368e-9
-0.171, 8.4032576e-9, -5.5225002e-9
-0.172, 8.4292990e-9, -5.5354414e-9
-0.173, 8.4730738e-9, -5.5252962e-9
-0.174, 8.4853751e-9, -5.5208229e-9
-0.175, 8.5250758e-9, -5.5265743e-9
-0.176, 8.5507175e-9, -5.5217013e-9
-0.177, 8.5894607e-9, -5.5090803e-9
-0.178, 8.6852392e-9, -5.5086811e-9
-0.179, 8.7598471e-9, -5.4998139e-9
-0.180, 8.7948351e-9, -5.4990950e-9
-0.181, 8.8517904e-9, -5.4906280e-9
-0.182, 8.8620951e-9, -5.4907878e-9
-0.183, 8.8917309e-9, -5.4800835e-9
-0.184, 8.9347072e-9, -5.4864744e-9
-0.185, 8.9844736e-9, -5.4903082e-9
-0.186, 9.0590024e-9, -5.4859948e-9
-0.187, 9.1310550e-9, -5.4835181e-9
-0.188, 9.2296286e-9, -5.4820806e-9
-0.189, 9.3043973e-9, -5.4991753e-9
-0.190, 9.3544026e-9, -5.4980567e-9
-0.191, 9.4275743e-9, -5.4796843e-9
-0.192, 9.4708694e-9, -5.4962994e-9
-0.193, 9.5217541e-9, -5.4851959e-9
-0.194, 9.7109938e-9, -5.4905480e-9
-0.195, 9.8047739e-9, -5.5145919e-9
-0.196, 9.8625277e-9, -5.5010920e-9
-0.197, 9.9543120e-9, -5.5147518e-9
-0.198, 1.0009590e-8, -5.5368794e-9
-0.199, 1.0168393e-8, -5.5542135e-9
-0.200, 1.0346928e-8, -5.5537339e-9
-0.201, 1.0418980e-8, -5.5994258e-9
-0.202, 1.0523385e-8, -5.6162013e-9
-0.203, 1.0702879e-8, -5.6381686e-9
-0.204, 1.0846665e-8, -5.6686029e-9
-0.205, 1.0868951e-8, -5.7134963e-9
-0.206, 1.0995883e-8, -5.7484844e-9
-0.207, 1.1275148e-8, -5.7773217e-9
-0.208, 1.1392332e-8, -5.8038423e-9
-0.209, 1.1555051e-8, -5.8267680e-9
-0.210, 1.1839109e-8, -5.8411467e-9
-0.211, 1.1945670e-8, -5.8638330e-9
-0.212, 1.2226772e-8, -5.8892353e-9
-0.213, 1.2431268e-8, -5.9171934e-9
-0.214, 1.2667158e-8, -5.9544982e-9
-0.215, 1.2864065e-8, -6.0076188e-9
-0.216, 1.3162420e-8, -6.0869412e-9
-0.217, 1.3362843e-8, -6.1843166e-9
-0.218, 1.3678054e-8, -6.2804140e-9
-0.219, 1.3874084e-8, -6.3288215e-9
-0.220, 1.4250724e-8, -6.3840195e-9
-0.221, 1.4493803e-8, -6.4583889e-9
-0.222, 1.4802063e-8, -6.5532082e-9
-0.223, 1.5236459e-8, -6.6903643e-9
-0.224, 1.5482172e-8, -6.8338304e-9
-0.225, 1.5822947e-8, -6.9050849e-9
-0.226, 1.6271958e-8, -6.9537318e-9
-0.227, 1.6670008e-8, -7.1341040e-9
-0.228, 1.7037301e-8, -7.2843607e-9
-0.229, 1.7456516e-8, -7.3644819e-9
-0.230, 1.7830201e-8, -7.4855020e-9
-0.231, 1.8280012e-8, -7.7401632e-9
-0.232, 1.8772482e-8, -7.8420914e-9
-0.233, 1.9224530e-8, -7.9941058e-9
-0.234, 1.9727141e-8, -8.2514831e-9
-0.235, 2.0215056e-8, -8.3904768e-9
-0.236, 2.0731088e-8, -8.6456167e-9
-0.237, 2.1240890e-8, -8.8456398e-9
-0.238, 2.1726329e-8, -9.0737808e-9
-0.239, 2.2354994e-8, -9.3000043e-9
-0.240, 2.2882210e-8, -9.5562633e-9
-0.241, 2.3411104e-8, -9.8099662e-9
-0.242, 2.4057901e-8, -1.0112876e-8
-0.243, 2.4580645e-8, -1.0357872e-8
-0.244, 2.5103230e-8, -1.0769260e-8
-0.245, 2.5710646e-8, -1.0948992e-8
-0.246, 2.6256952e-8, -1.1271154e-8
-0.247, 2.6883301e-8, -1.1627664e-8
-0.248, 2.7508053e-8, -1.1878731e-8
-0.249, 2.8122420e-8, -1.2252654e-8
-0.250, 2.8718892e-8, -1.2616034e-8
-0.251, 2.9326946e-8, -1.2892343e-8
-0.252, 2.9960088e-8, -1.3251888e-8
-0.253, 3.0462303e-8, -1.3618304e-8
-0.254, 3.0967467e-8, -1.3912267e-8
-0.255, 3.1533666e-8, -1.4269495e-8
-0.256, 3.2051460e-8, -1.4664908e-8
-0.257, 3.2557107e-8, -1.4984513e-8
-0.258, 3.3121466e-8, -1.5293013e-8
-0.259, 3.3574473e-8, -1.5666938e-8
-0.260, 3.4055120e-8, -1.6026403e-8
-0.261, 3.4522504e-8, -1.6299518e-8
-0.262, 3.4949789e-8, -1.6673441e-8
-0.263, 3.5419731e-8, -1.7029953e-8
-0.264, 3.5854043e-8, -1.7289166e-8
-0.265, 3.6291155e-8, -1.7654143e-8
-0.266, 3.6703824e-8, -1.8000270e-8
-0.267, 3.6994908e-8, -1.8259882e-8
-0.268, 3.7363641e-8, -1.8626217e-8
-0.269, 3.7767279e-8, -1.8912193e-8
-0.270, 3.8080255e-8, -1.9159346e-8
-0.271, 3.8370384e-8, -1.9486698e-8
-0.272, 3.8694701e-8, -1.9693513e-8
-0.273, 3.8931550e-8, -2.0029971e-8
-0.274, 3.9281986e-8, -2.0251084e-8
-0.275, 3.9482252e-8, -2.0560941e-8
-0.276, 3.9772459e-8, -2.0777659e-8
-0.277, 4.0087752e-8, -2.1059559e-8
-0.278, 4.0221153e-8, -2.1261261e-8
-0.279, 4.0413987e-8, -2.1527905e-8
-0.280, 4.0674717e-8, -2.1706359e-8
-0.281, 4.0813390e-8, -2.1988020e-8
-0.282, 4.1061980e-8, -2.2128532e-8
-0.283, 4.1222862e-8, -2.2376403e-8
-0.284, 4.1348834e-8, -2.2567479e-8
-0.285, 4.1552052e-8, -2.2755438e-8
-0.286, 4.1718923e-8, -2.2973117e-8
-0.287, 4.1837229e-8, -2.3081595e-8
-0.288, 4.2086540e-8, -2.3268436e-8
-0.289, 4.2175685e-8, -2.3468139e-8
-0.290, 4.2261718e-8, -2.3566233e-8
-0.291, 4.2353498e-8, -2.3730310e-8
-0.292, 4.2508471e-8, -2.3938000e-8
-0.293, 4.2670312e-8, -2.4049676e-8
-0.294, 4.2715524e-8, -2.4151122e-8
-0.295, 4.2798359e-8, -2.4358975e-8
-0.296, 4.2891180e-8, -2.4478556e-8
-0.297, 4.3079620e-8, -2.4537750e-8
-0.298, 4.3137856e-8, -2.4667795e-8
-0.299, 4.3191534e-8, -2.4840419e-8
-0.300, 4.3270777e-8, -2.4938354e-8
-0.301, 4.3308244e-8, -2.5013682e-8
-0.302, 4.3422393e-8, -2.5088291e-8
-0.303, 4.3604757e-8, -2.5235114e-8
-0.304, 4.3647258e-8, -2.5381217e-8
-0.305, 4.3711161e-8, -2.5444162e-8
-0.306, 4.3769234e-8, -2.5497920e-8
-0.307, 4.3832181e-8, -2.5558631e-8
-0.308, 4.3982681e-8, -2.5637954e-8
-0.309, 4.4077019e-8, -2.5791884e-8
-0.310, 4.4108731e-8, -2.5883269e-8
-0.311, 4.4143881e-8, -2.5948051e-8
-0.312, 4.4189573e-8, -2.5981445e-8
-0.313, 4.4234387e-8, -2.6035762e-8
-0.314, 4.4285830e-8, -2.6099107e-8
-0.315, 4.4295174e-8, -2.6198160e-8
-0.316, 4.4429935e-8, -2.6270614e-8
-0.317, 4.4480259e-8, -2.6373577e-8
-0.318, 4.4528587e-8, -2.6438443e-8
-0.319, 4.4625082e-8, -2.6463047e-8
-0.320, 4.4625725e-8, -2.6492682e-8
-0.321, 4.4677325e-8, -2.6511213e-8
-0.322, 4.4725336e-8, -2.6527829e-8
-0.323, 4.4769028e-8, -2.6609948e-8
-0.324, 4.4751534e-8, -2.6668742e-8
-0.325, 4.4833413e-8, -2.6755810e-8
-0.326, 4.4912415e-8, -2.6825790e-8
-0.327, 4.4991495e-8, -2.6859977e-8
-0.328, 4.5092470e-8, -2.6892328e-8
-0.329, 4.5098936e-8, -2.6918370e-8
-0.330, 4.5134964e-8, -2.6941535e-8
-0.331, 4.5192881e-8, -2.6971650e-8
-0.332, 4.5214367e-8, -2.7005042e-8
-0.333, 4.5278352e-8, -2.7059519e-8
-0.334, 4.5329557e-8, -2.7076933e-8
-0.335, 4.5481091e-8, -2.7159453e-8
-0.336, 4.5547470e-8, -2.7234298e-8
-0.337, 4.5592447e-8, -2.7283267e-8
-0.338, 4.5668731e-8, -2.7327999e-8
-0.339, 4.5706436e-8, -2.7367541e-8
-0.340, 4.5732637e-8, -2.7395261e-8
-0.341, 4.5807564e-8, -2.7429051e-8
-0.342, 4.5930182e-8, -2.7466116e-8
-0.343, 4.6052005e-8, -2.7482573e-8
-0.344, 4.6105043e-8, -2.7520517e-8
-0.345, 4.6145143e-8, -2.7563649e-8
-0.346, 4.6192753e-8, -2.7630431e-8
-0.347, 4.6247070e-8, -2.7714464e-8
-0.348, 4.6396849e-8, -2.7784044e-8
-0.349, 4.6531767e-8, -2.7841878e-8
-0.350, 4.6578659e-8, -2.7885330e-8
-0.351, 4.6635456e-8, -2.7963617e-8
-0.352, 4.6697764e-8, -2.8024724e-8
-0.353, 4.6779881e-8, -2.8067937e-8
-0.354, 4.6974073e-8, -2.8103647e-8
-0.355, 4.7058908e-8, -2.8129689e-8
-0.356, 4.7097647e-8, -2.8195272e-8
-0.357, 4.7167305e-8, -2.8302473e-8
-0.358, 4.7207404e-8, -2.8344969e-8
-0.359, 4.7353829e-8, -2.8410792e-8
-0.360, 4.7509115e-8, -2.8440109e-8
-0.361, 4.7565674e-8, -2.8480926e-8
-0.362, 4.7626461e-8, -2.8507767e-8
-0.363, 4.7682938e-8, -2.8565440e-8
-0.364, 4.7761379e-8, -2.8621519e-8
-0.365, 4.7931611e-8, -2.8685182e-8
-0.366, 4.8017160e-8, -2.8744614e-8
-0.367, 4.8086179e-8, -2.8809717e-8
-0.368, 4.8100478e-8, -2.8838793e-8
-0.369, 4.8185154e-8, -2.8867552e-8
-0.370, 4.8301615e-8, -2.8880493e-8
-0.371, 4.8430305e-8, -2.8901662e-8
-0.372, 4.8499881e-8, -2.8933611e-8
-0.373, 4.8583519e-8, -2.8959576e-8
-0.374, 4.8606761e-8, -2.8969160e-8
-0.375, 4.8671307e-8, -2.8996960e-8
-0.376, 4.8793925e-8, -2.9051838e-8
-0.377, 4.8871730e-8, -2.9072925e-8
-0.378, 4.9001219e-8, -2.9117659e-8
-0.379, 4.9044115e-8, -2.9210801e-8
-0.380, 4.9107136e-8, -2.9236523e-8
-0.381, 4.9150195e-8, -2.9280057e-8
-0.382, 4.9196206e-8, -2.9295474e-8
-0.383, 4.9374741e-8, -2.9322154e-8
-0.384, 4.9471396e-8, -2.9346278e-8
-0.385, 4.9516053e-8, -2.9358503e-8
-0.386, 4.9593858e-8, -2.9381427e-8
-0.387, 4.9626767e-8, -2.9401479e-8
-0.388, 4.9655444e-8, -2.9411781e-8
-0.389, 4.9797155e-8, -2.9426802e-8
-0.390, 4.9918654e-8, -2.9439661e-8
-0.391, 5.0004925e-8, -2.9456833e-8
-0.392, 5.0044704e-8, -2.9488868e-8
-0.393, 5.0084807e-8, -2.9497654e-8
-0.394, 5.0128900e-8, -2.9532165e-8
-0.395, 5.0174190e-8, -2.9583687e-8
-0.396, 5.0309595e-8, -2.9593831e-8
-0.397, 5.0384521e-8, -2.9640484e-8
-0.398, 5.0455611e-8, -2.9671314e-8
-0.399, 5.0515052e-8, -2.9678905e-8
