July 12, 2006   23:46:37
Square Wave Voltammetry
File: f:\07_02_19_wt\ida_2\tran_1\swv_13.txt
Data Source:  Experiment
Instrument Model:  CHI760B
Header: 
Note: 

Init E (V) = 0.1
Final E (V) = -0.5
Incr E (V) = 0.001
Amplitude (V) = 0.025
Frequency (Hz) = 300
Quiet Time (sec) = 2
Sensitivity (A/V) = 1e-6
Sens 2 (A/V) = 1e-6

Potential/V, i1/A, i2/A

0.099, 4.0151798e-7, 3.0941689e-7
0.098, 4.7595751e-7, 3.4579563e-7
0.097, 4.7669957e-7, 3.7567696e-7
0.096, 4.3611573e-7, 3.9762622e-7
0.095, 4.7622137e-7, 3.8111889e-7
0.094, 4.5280439e-7, 3.6245132e-7
0.093, 4.8228998e-7, 3.2397827e-7
0.092, 5.0399188e-7, 3.7445659e-7
0.091, 4.7105976e-7, 3.4304165e-7
0.090, 4.8984276e-7, 3.4845064e-7
0.089, 4.4640603e-7, 3.8397181e-7
0.088, 4.8242191e-7, 3.7011955e-7
0.087, 4.6398520e-7, 3.5912018e-7
0.086, 4.2079577e-7, 3.4572966e-7
0.085, 4.4516918e-7, 3.8649489e-7
0.084, 4.4940731e-7, 3.4223359e-7
0.083, 4.7452281e-7, 2.9934102e-7
0.082, 4.9787377e-7, 3.6167626e-7
0.081, 4.5143571e-7, 3.0684436e-7
0.080, 4.7757362e-7, 3.3176195e-7
0.079, 4.6357292e-7, 3.0296900e-7
0.078, 4.4045282e-7, 3.4629034e-7
0.077, 4.4020547e-7, 3.9215126e-7
0.076, 4.0305167e-7, 3.3252053e-7
0.075, 4.7061445e-7, 3.7808462e-7
0.074, 4.4267910e-7, 3.1584830e-7
0.073, 4.4863225e-7, 3.1987207e-7
0.072, 4.5722396e-7, 3.1390240e-7
0.071, 4.3545612e-7, 3.0755345e-7
0.070, 4.7430842e-7, 3.7610573e-7
0.069, 3.9168953e-7, 2.9251385e-7
0.068, 4.3197650e-7, 3.8141573e-7
0.067, 4.1210512e-7, 3.2965113e-7
0.066, 4.2628722e-7, 3.1710164e-7
0.065, 4.6985593e-7, 3.2237870e-7
0.064, 4.2981623e-7, 2.7785353e-7
0.063, 4.9793977e-7, 2.9793929e-7
0.062, 4.2063084e-7, 3.2688067e-7
0.061, 4.9149185e-7, 2.8999074e-7
0.060, 4.3497789e-7, 3.0359567e-7
0.059, 3.5885637e-7, 3.3364191e-7
0.058, 4.6072003e-7, 3.1726654e-7
0.057, 3.6278112e-7, 3.7643554e-7
0.056, 4.6919629e-7, 2.9154086e-7
0.055, 4.2757350e-7, 3.0885622e-7
0.054, 4.5221077e-7, 2.8049203e-7
0.053, 4.9000766e-7, 2.8933113e-7
0.052, 3.7122444e-7, 3.3883651e-7
0.051, 4.9818709e-7, 2.8276776e-7
0.050, 3.7272508e-7, 3.2645190e-7
0.049, 4.1766253e-7, 3.4102979e-7
0.048, 4.1205567e-7, 3.1939385e-7
0.047, 4.3047584e-7, 3.2831537e-7
0.046, 4.9101362e-7, 2.8469719e-7
0.045, 3.9147511e-7, 2.9713127e-7
0.044, 4.7354987e-7, 3.1777773e-7
0.043, 4.4638949e-7, 2.9795581e-7
0.042, 4.5127081e-7, 2.4591083e-7
0.041, 3.8741837e-7, 3.0039644e-7
0.040, 4.1794289e-7, 3.1025792e-7
0.039, 4.1858601e-7, 3.1523814e-7
0.038, 4.3187765e-7, 3.1024146e-7
0.037, 4.5038024e-7, 3.0798222e-7
0.036, 4.3332878e-7, 3.1497433e-7
0.035, 4.7302214e-7, 2.7424201e-7
0.034, 4.0567375e-7, 2.9302504e-7
0.033, 4.7290672e-7, 2.7170245e-7
0.032, 4.1380366e-7, 2.9869790e-7
0.031, 3.7989861e-7, 3.1367153e-7
0.030, 4.1980633e-7, 3.0486547e-7
0.029, 4.1429840e-7, 3.3088793e-7
0.028, 4.4211839e-7, 2.5910344e-7
0.027, 4.4135982e-7, 2.6093394e-7
0.026, 4.2613880e-7, 2.6855270e-7
0.025, 4.6218770e-7, 2.6799202e-7
0.024, 4.4652148e-7, 2.1886594e-7
0.023, 4.2221399e-7, 2.9917612e-7
0.022, 4.2133996e-7, 3.3466432e-7
0.021, 3.8235572e-7, 3.0014905e-7
0.020, 4.3481296e-7, 3.0516230e-7
0.019, 4.2168631e-7, 2.3905068e-7
0.018, 4.1076936e-7, 3.1634306e-7
0.017, 4.3651150e-7, 2.6617801e-7
0.016, 4.3677537e-7, 2.6804150e-7
0.015, 4.7862903e-7, 3.0692678e-7
0.014, 3.8519215e-7, 2.2961792e-7
0.013, 4.1578255e-7, 3.2394530e-7
0.012, 4.1561771e-7, 2.6589768e-7
0.011, 4.0221067e-7, 2.9563057e-7
0.010, 4.3694027e-7, 2.9508641e-7
0.009, 4.0857611e-7, 2.2679799e-7
0.008, 4.7051554e-7, 3.2267553e-7
0.007, 4.2445674e-7, 2.4945635e-7
0.006, 4.5508014e-7, 2.6230271e-7
0.005, 4.2312098e-7, 2.6718396e-7
0.004, 3.6522181e-7, 3.1634306e-7
0.003, 4.3863884e-7, 2.6050520e-7
0.002, 3.5709181e-7, 2.7615496e-7
0.001, 4.4213488e-7, 2.6602962e-7
-0.000, 3.7730953e-7, 2.3031052e-7
-0.001, 4.1819021e-7, 2.7320311e-7
-0.002, 4.8120160e-7, 2.6960811e-7
-0.003, 3.7702921e-7, 2.9078228e-7
-0.004, 4.8159740e-7, 1.7864485e-7
-0.005, 3.6339134e-7, 2.9691688e-7
-0.006, 4.1825621e-7, 2.9592744e-7
-0.007, 3.8494477e-7, 2.8519193e-7
-0.008, 3.8563738e-7, 2.6340757e-7
-0.009, 4.8525834e-7, 2.5245768e-7
-0.010, 3.3682463e-7, 2.9706530e-7
-0.011, 4.6556832e-7, 2.3153086e-7
-0.012, 4.1838814e-7, 2.2737518e-7
-0.013, 4.4018896e-7, 2.3761595e-7
-0.014, 4.0217768e-7, 2.5882315e-7
-0.015, 3.9086495e-7, 2.5014896e-7
-0.016, 4.3008009e-7, 2.3593390e-7
-0.017, 3.8454897e-7, 2.4843391e-7
-0.018, 3.9262949e-7, 2.2480262e-7
-0.019, 3.8026141e-7, 2.5263910e-7
-0.020, 4.3322984e-7, 2.4685082e-7
-0.021, 3.7170264e-7, 2.4007309e-7
-0.022, 4.2536374e-7, 2.2552821e-7
-0.023, 3.8994148e-7, 2.6682119e-7
-0.024, 3.7938736e-7, 2.7443991e-7
-0.025, 4.0202926e-7, 2.7382976e-7
-0.026, 3.6790976e-7, 3.0801519e-7
-0.027, 4.0630039e-7, 2.5623407e-7
-0.028, 3.4559773e-7, 2.5209488e-7
-0.029, 4.2033406e-7, 2.2453875e-7
-0.030, 4.2970083e-7, 2.3778088e-7
-0.031, 3.9866512e-7, 2.3364166e-7
-0.032, 4.0031421e-7, 2.4647153e-7
-0.033, 3.8776471e-7, 2.8006326e-7
-0.034, 3.8194344e-7, 2.5329871e-7
-0.035, 4.0661371e-7, 2.8415300e-7
-0.036, 3.6924553e-7, 2.2848005e-7
-0.037, 3.8197646e-7, 2.5913647e-7
-0.038, 3.8987554e-7, 2.6165955e-7
-0.039, 4.0306819e-7, 1.5100625e-7
-0.040, 4.2800224e-7, 2.8743466e-7
-0.041, 3.6850344e-7, 1.8438365e-7
-0.042, 3.8364198e-7, 2.3710473e-7
-0.043, 3.7419278e-7, 2.4422877e-7
-0.044, 3.7285702e-7, 2.5247417e-7
-0.045, 3.9294281e-7, 2.6700258e-7
-0.046, 3.4225008e-7, 1.7999712e-7
-0.047, 4.3039341e-7, 3.0399141e-7
-0.048, 3.9378384e-7, 1.8031042e-7
-0.049, 4.2059787e-7, 2.4871429e-7
-0.050, 4.0994485e-7, 2.4033693e-7
-0.051, 3.5425541e-7, 2.4333826e-7
-0.052, 3.9464138e-7, 3.2028436e-7
-0.053, 3.2366495e-7, 2.3857243e-7
-0.054, 3.9638940e-7, 2.6870111e-7
-0.055, 3.4416303e-7, 2.6106588e-7
-0.056, 3.8557144e-7, 2.5860874e-7
-0.057, 4.5049569e-7, 1.9703208e-7
-0.058, 3.6950939e-7, 2.2500049e-7
-0.059, 4.3665995e-7, 2.0181443e-7
-0.060, 3.4988534e-7, 2.4830200e-7
-0.061, 4.0669613e-7, 3.0446967e-7
-0.062, 3.5442031e-7, 2.7772160e-7
-0.063, 3.3197634e-7, 2.5583830e-7
-0.064, 4.4417973e-7, 2.3037650e-7
-0.065, 3.2125729e-7, 2.8156396e-7
-0.066, 4.2554512e-7, 2.2885935e-7
-0.067, 3.7928845e-7, 1.8984210e-7
-0.068, 4.0387624e-7, 2.3492797e-7
-0.069, 3.9061763e-7, 2.4150779e-7
-0.070, 3.2589122e-7, 2.3288310e-7
-0.071, 4.2605637e-7, 2.7401117e-7
-0.072, 3.2780414e-7, 2.3944642e-7
-0.073, 3.6560107e-7, 2.6744783e-7
-0.074, 3.4266239e-7, 2.7940365e-7
-0.075, 4.2351678e-7, 2.2120761e-7
-0.076, 3.9919283e-7, 2.3174523e-7
-0.077, 3.6772838e-7, 1.9315677e-7
-0.078, 3.8210834e-7, 2.5791613e-7
-0.079, 3.6349024e-7, 2.5504676e-7
-0.080, 3.7956877e-7, 2.2683098e-7
-0.081, 3.2196638e-7, 2.9497096e-7
-0.082, 3.8473038e-7, 2.5164962e-7
-0.083, 3.2763924e-7, 2.4849987e-7
-0.084, 3.8568686e-7, 2.1500708e-7
-0.085, 4.1258335e-7, 2.4478948e-7
-0.086, 3.8529106e-7, 2.1375376e-7
-0.087, 3.9662029e-7, 2.3385606e-7
-0.088, 3.5509643e-7, 2.7942014e-7
-0.089, 3.9164007e-7, 2.5054476e-7
-0.090, 3.6297905e-7, 2.8951251e-7
-0.091, 3.3110234e-7, 2.3342730e-7
-0.092, 3.5288667e-7, 3.0793274e-7
-0.093, 3.5776793e-7, 2.5310084e-7
-0.094, 3.7402788e-7, 2.0994439e-7
-0.095, 4.0483269e-7, 2.2117464e-7
-0.096, 3.5697636e-7, 2.0582169e-7
-0.097, 3.7562751e-7, 2.8268533e-7
-0.098, 3.7289001e-7, 2.1663965e-7
-0.099, 3.4724681e-7, 2.6922882e-7
-0.100, 3.6383659e-7, 3.4838467e-7
-0.101, 3.1106600e-7, 2.1578215e-7
-0.102, 3.8311430e-7, 3.0491492e-7
-0.103, 3.6403441e-7, 1.9670227e-7
-0.104, 3.7831549e-7, 2.5895505e-7
-0.105, 3.8621459e-7, 2.3563706e-7
-0.106, 3.6015911e-7, 2.2630329e-7
-0.107, 3.9553188e-7, 3.5245790e-7
-0.108, 3.2104290e-7, 2.5379342e-7
-0.109, 3.6388604e-7, 2.9706530e-7
-0.110, 3.2612206e-7, 2.5928489e-7
-0.111, 3.6152784e-7, 2.3695634e-7
-0.112, 4.0242503e-7, 2.4882971e-7
-0.113, 3.6365515e-7, 2.3565354e-7
-0.114, 4.1192374e-7, 2.4231582e-7
-0.115, 3.4792293e-7, 2.5536005e-7
-0.116, 4.0712490e-7, 2.7867807e-7
-0.117, 3.5488205e-7, 2.7417607e-7
-0.118, 2.9769194e-7, 3.1070320e-7
-0.119, 3.8435110e-7, 2.4980267e-7
-0.120, 3.0255674e-7, 3.3636286e-7
-0.121, 4.0074298e-7, 2.6114833e-7
-0.122, 3.5634977e-7, 2.2503347e-7
-0.123, 3.7542958e-7, 2.6446298e-7
-0.124, 3.9515257e-7, 2.5593724e-7
-0.125, 3.1942685e-7, 2.8532384e-7
-0.126, 4.3468106e-7, 2.1233556e-7
-0.127, 3.0785029e-7, 2.8011277e-7
-0.128, 3.7262615e-7, 3.1266561e-7
-0.129, 3.4488863e-7, 2.7254347e-7
-0.130, 3.7094406e-7, 2.5453551e-7
-0.131, 4.0412363e-7, 2.8385617e-7
-0.132, 3.4159049e-7, 2.5127034e-7
-0.133, 3.9041970e-7, 2.5181453e-7
-0.134, 3.7110897e-7, 2.5232575e-7
-0.135, 4.0273835e-7, 2.2575908e-7
-0.136, 3.3029426e-7, 2.9627375e-7
-0.137, 3.5498101e-7, 2.7879349e-7
-0.138, 3.5550869e-7, 3.1164316e-7
-0.139, 3.7490187e-7, 2.6825589e-7
-0.140, 4.0038015e-7, 2.6179148e-7
-0.141, 3.6469407e-7, 2.8250392e-7
-0.142, 4.0460179e-7, 2.4172218e-7
-0.143, 3.4820326e-7, 2.9609234e-7
-0.144, 4.1790986e-7, 2.4665292e-7
-0.145, 3.6172571e-7, 3.1700267e-7
-0.146, 3.4147502e-7, 3.0036344e-7
-0.147, 3.6934446e-7, 3.3288330e-7
-0.148, 3.5958192e-7, 2.8667608e-7
-0.149, 3.9335509e-7, 2.2971686e-7
-0.150, 3.7473697e-7, 3.0033050e-7
-0.151, 3.7107603e-7, 2.4007309e-7
-0.152, 4.2138942e-7, 2.9318997e-7
-0.153, 3.9980299e-7, 2.7016881e-7
-0.154, 3.7511623e-7, 2.8228953e-7
-0.155, 3.8298239e-7, 3.6751399e-7
-0.156, 3.3990841e-7, 2.7955207e-7
-0.157, 3.9696658e-7, 3.1124739e-7
-0.158, 3.8050877e-7, 2.6098343e-7
-0.159, 3.8491180e-7, 3.1024143e-7
-0.160, 3.9792303e-7, 2.7762266e-7
-0.161, 4.0412360e-7, 2.4015557e-7
-0.162, 4.3385648e-7, 3.3459838e-7
-0.163, 3.6025804e-7, 2.4347020e-7
-0.164, 4.0768563e-7, 3.4714787e-7
-0.165, 3.8755036e-7, 2.9581201e-7
-0.166, 3.8319678e-7, 2.8966090e-7
-0.167, 4.1210515e-7, 3.1626058e-7
-0.168, 3.7689728e-7, 2.5816351e-7
-0.169, 4.4480637e-7, 3.5333193e-7
-0.170, 4.0765261e-7, 2.9018864e-7
-0.171, 4.3675888e-7, 2.9665301e-7
-0.172, 4.0257345e-7, 2.9206859e-7
-0.173, 3.6753050e-7, 3.3515906e-7
-0.174, 4.3212498e-7, 3.2623754e-7
-0.175, 3.5742164e-7, 3.4389916e-7
-0.176, 4.3461506e-7, 2.9028757e-7
-0.177, 3.7364859e-7, 2.7909033e-7
-0.178, 4.2518235e-7, 3.1210487e-7
-0.179, 4.8593449e-7, 3.0425531e-7
-0.180, 3.8082209e-7, 3.2998094e-7
-0.181, 4.8812768e-7, 2.6997091e-7
-0.182, 3.8341113e-7, 3.5090778e-7
-0.183, 4.3459858e-7, 3.6113204e-7
-0.184, 4.1974039e-7, 3.3174547e-7
-0.185, 4.1170938e-7, 3.3962803e-7
-0.186, 5.0085862e-7, 3.1355611e-7
-0.187, 3.6975672e-7, 3.7246124e-7
-0.188, 4.7625437e-7, 3.3388926e-7
-0.189, 4.4441060e-7, 2.9912667e-7
-0.190, 4.7209863e-7, 3.0509631e-7
-0.191, 4.3209198e-7, 3.5069340e-7
-0.192, 4.2110912e-7, 3.5910369e-7
-0.193, 4.5648187e-7, 3.3994138e-7
-0.194, 4.3332878e-7, 3.5014921e-7
-0.195, 4.4977011e-7, 3.3924880e-7
-0.196, 4.4394886e-7, 3.5742164e-7
-0.197, 5.0089159e-7, 3.2152116e-7
-0.198, 4.4935786e-7, 3.5671252e-7
-0.199, 4.8187769e-7, 3.2053171e-7
-0.200, 4.6469427e-7, 3.4642227e-7
-0.201, 4.5354651e-7, 3.5752055e-7
-0.202, 4.6990539e-7, 4.0008337e-7
-0.203, 4.5051220e-7, 3.6639261e-7
-0.204, 4.9002415e-7, 3.4887938e-7
-0.205, 4.4508676e-7, 3.5722371e-7
-0.206, 4.8459873e-7, 3.2069661e-7
-0.207, 5.3572018e-7, 3.6085171e-7
-0.208, 4.8865542e-7, 3.6109910e-7
-0.209, 5.0608622e-7, 3.6104962e-7
-0.210, 4.8510992e-7, 4.0783402e-7
-0.211, 4.6327611e-7, 3.7805162e-7
-0.212, 5.0343118e-7, 4.1398508e-7
-0.213, 4.7407755e-7, 3.6517233e-7
-0.214, 4.8718772e-7, 4.2480303e-7
-0.215, 5.1777818e-7, 3.9878057e-7
-0.216, 5.2081248e-7, 3.1106597e-7
-0.217, 5.6591483e-7, 4.3468106e-7
-0.218, 4.9637310e-7, 3.7818356e-7
-0.219, 5.3057499e-7, 4.3260320e-7
-0.220, 5.2107634e-7, 4.0819680e-7
-0.221, 5.1819046e-7, 3.9723045e-7
-0.222, 5.3558824e-7, 4.6152806e-7
-0.223, 5.0788373e-7, 3.5328242e-7
-0.224, 5.7481986e-7, 5.1139625e-7
-0.225, 5.4289364e-7, 3.6692037e-7
-0.226, 5.7086208e-7, 4.3022851e-7
-0.227, 5.5602032e-7, 4.7315407e-7
-0.228, 5.1471091e-7, 4.3779784e-7
-0.229, 5.6708569e-7, 4.8105312e-7
-0.230, 5.0560800e-7, 4.2988219e-7
-0.231, 5.7481986e-7, 4.6208876e-7
-0.232, 5.2599057e-7, 4.8372470e-7
-0.233, 5.6970771e-7, 4.7651821e-7
-0.234, 6.3441769e-7, 4.3118501e-7
-0.235, 5.5099065e-7, 4.3982615e-7
-0.236, 6.4088204e-7, 4.4060121e-7
-0.237, 5.3926567e-7, 5.1029139e-7
-0.238, 5.9901186e-7, 5.1177551e-7
-0.239, 5.7109293e-7, 4.6245154e-7
-0.240, 5.3576963e-7, 4.9972078e-7
-0.241, 6.6545340e-7, 4.7643573e-7
-0.242, 5.1853681e-7, 5.5206249e-7
-0.243, 6.4238276e-7, 4.8407099e-7
-0.244, 6.0267286e-7, 4.4365203e-7
-0.245, 6.2519922e-7, 4.7539680e-7
-0.246, 6.1438129e-7, 4.9000766e-7
-0.247, 5.6334227e-7, 5.0719109e-7
-0.248, 6.6751466e-7, 5.0494833e-7
-0.249, 5.7211537e-7, 5.1522210e-7
-0.250, 6.0513003e-7, 5.4739570e-7
-0.251, 5.9467476e-7, 5.3478021e-7
-0.252, 6.5689466e-7, 4.9300900e-7
-0.253, 6.4299280e-7, 5.4416347e-7
-0.254, 6.2308851e-7, 4.9018905e-7
-0.255, 6.3981008e-7, 5.6438120e-7
-0.256, 6.3654488e-7, 5.2843126e-7
-0.257, 6.3863922e-7, 5.3448338e-7
-0.258, 6.1093471e-7, 5.7190101e-7
-0.259, 6.5313469e-7, 5.5681187e-7
-0.260, 5.9858314e-7, 5.6289701e-7
-0.261, 6.6451332e-7, 5.1162715e-7
-0.262, 6.9607665e-7, 5.4546621e-7
-0.263, 6.5094139e-7, 5.4025514e-7
-0.264, 6.8397247e-7, 5.2485274e-7
-0.265, 6.3699019e-7, 6.0776853e-7
-0.266, 6.7204962e-7, 5.6640954e-7
-0.267, 6.5384381e-7, 6.0524542e-7
-0.268, 6.1258379e-7, 5.8177898e-7
-0.269, 6.3463199e-7, 6.1040703e-7
-0.270, 6.4479036e-7, 6.0750460e-7
-0.271, 6.5719138e-7, 4.9126101e-7
-0.272, 6.9225086e-7, 5.9035420e-7
-0.273, 6.4277850e-7, 5.2917335e-7
-0.274, 6.6736624e-7, 6.1413391e-7
-0.275, 6.4846779e-7, 5.4803883e-7
-0.276, 6.6113267e-7, 5.9208577e-7
-0.277, 6.4939127e-7, 6.6481016e-7
-0.278, 6.0387669e-7, 5.1703614e-7
-0.279, 6.7810180e-7, 6.4012346e-7
-0.280, 6.4342163e-7, 5.2472080e-7
-0.281, 6.6822378e-7, 5.9253102e-7
-0.282, 6.6207269e-7, 5.6558497e-7
-0.283, 6.3819397e-7, 5.5019910e-7
-0.284, 6.7396257e-7, 6.4333915e-7
-0.285, 6.0496507e-7, 5.2744178e-7
-0.286, 6.5141967e-7, 6.3426921e-7
-0.287, 6.1022564e-7, 5.8519254e-7
-0.288, 6.3728703e-7, 6.1393604e-7
-0.289, 6.7158788e-7, 5.8534101e-7
-0.290, 6.1992216e-7, 5.7232972e-7
-0.291, 6.7788739e-7, 5.7066416e-7
-0.292, 6.2158779e-7, 5.6131387e-7
-0.293, 6.6916368e-7, 5.7914042e-7
-0.294, 6.2282459e-7, 5.8012995e-7
-0.295, 5.5196358e-7, 5.9582919e-7
-0.296, 6.5740579e-7, 5.5155135e-7
-0.297, 5.6464506e-7, 6.1263330e-7
-0.298, 6.5753778e-7, 5.5778486e-7
-0.299, 6.0516294e-7, 5.2607305e-7
-0.300, 6.3367554e-7, 5.4508695e-7
-0.301, 6.5219473e-7, 5.6627761e-7
-0.302, 5.5461868e-7, 5.7856329e-7
-0.303, 6.6985638e-7, 5.3682504e-7
-0.304, 5.4795635e-7, 5.9025530e-7
-0.305, 5.9891295e-7, 6.2516631e-7
-0.306, 5.7143927e-7, 5.7269256e-7
-0.307, 6.0137006e-7, 5.3967801e-7
-0.308, 6.2396248e-7, 5.5442075e-7
-0.309, 5.4934162e-7, 5.4051895e-7
-0.310, 6.0460223e-7, 5.5732312e-7
-0.311, 5.8393925e-7, 5.3705588e-7
-0.312, 5.9747828e-7, 5.0844443e-7
-0.313, 5.3413709e-7, 5.5511333e-7
-0.314, 5.6454610e-7, 5.6517280e-7
-0.315, 5.5366218e-7, 5.6532110e-7
-0.316, 5.7602364e-7, 5.3530789e-7
-0.317, 5.8891953e-7, 5.4851705e-7
-0.318, 5.7343465e-7, 5.4723074e-7
-0.319, 5.8189443e-7, 5.0903810e-7
-0.320, 5.3664365e-7, 5.2688114e-7
-0.321, 5.8430209e-7, 5.1131377e-7
-0.322, 5.2857968e-7, 5.5842798e-7
-0.323, 5.1111590e-7, 5.6377104e-7
-0.324, 5.2760674e-7, 5.5661411e-7
-0.325, 5.1530458e-7, 5.7124134e-7
-0.326, 5.4474060e-7, 4.6617845e-7
-0.327, 5.4929211e-7, 5.1726698e-7
-0.328, 5.1828937e-7, 4.7585857e-7
-0.329, 5.5737263e-7, 5.3026167e-7
-0.330, 5.3573666e-7, 4.9597742e-7
-0.331, 5.0382698e-7, 4.8816071e-7
-0.332, 5.1266602e-7, 6.2115896e-7
-0.333, 4.6217119e-7, 4.7171937e-7
-0.334, 5.3311464e-7, 5.4403154e-7
-0.335, 5.0367856e-7, 4.8957889e-7
-0.336, 4.9957231e-7, 5.0709212e-7
-0.337, 5.2444045e-7, 4.7524838e-7
-0.338, 5.1950974e-7, 4.3255375e-7
-0.339, 5.5572349e-7, 5.4709881e-7
-0.340, 4.5923585e-7, 4.3248775e-7
-0.341, 4.9427882e-7, 5.4596097e-7
-0.342, 4.7383020e-7, 4.6065406e-7
-0.343, 4.7363230e-7, 5.1711851e-7
-0.344, 5.0240880e-7, 5.0588829e-7
-0.345, 4.7031764e-7, 4.3901812e-7
-0.346, 5.1815749e-7, 5.3214171e-7
-0.347, 4.7157096e-7, 4.4790664e-7
-0.348, 5.1241869e-7, 4.8192715e-7
-0.349, 4.6957558e-7, 4.6570025e-7
-0.350, 4.0656423e-7, 5.2021880e-7
-0.351, 4.6644232e-7, 5.0435466e-7
-0.352, 4.1479313e-7, 5.0451956e-7
-0.353, 4.8844106e-7, 4.6695357e-7
-0.354, 4.4226678e-7, 4.5435453e-7
-0.355, 4.6259996e-7, 4.5608610e-7
-0.356, 5.1520561e-7, 4.6340801e-7
-0.357, 4.1329247e-7, 4.7257691e-7
-0.358, 5.1286389e-7, 3.6172571e-7
-0.359, 4.0948311e-7, 4.6797598e-7
-0.360, 4.6085194e-7, 4.9881379e-7
-0.361, 4.2645212e-7, 4.5481630e-7
-0.362, 4.2450623e-7, 4.6205577e-7
-0.363, 5.1306182e-7, 4.2709527e-7
-0.364, 3.8266904e-7, 4.9836854e-7
-0.365, 4.9497140e-7, 4.5056166e-7
-0.366, 4.4807157e-7, 4.0328254e-7
-0.367, 4.5343108e-7, 4.1245144e-7
-0.368, 4.1161042e-7, 4.5224374e-7
-0.369, 4.0724038e-7, 4.9312445e-7
-0.370, 4.4699968e-7, 4.7317059e-7
-0.371, 4.2495145e-7, 4.2529780e-7
-0.372, 4.2932152e-7, 4.3425229e-7
-0.373, 4.2696334e-7, 4.2368166e-7
-0.374, 4.7712837e-7, 4.0295274e-7
-0.375, 4.1048904e-7, 4.2559461e-7
-0.376, 4.6598061e-7, 3.9076605e-7
-0.377, 4.2099367e-7, 4.3324633e-7
-0.378, 3.9114533e-7, 4.8059138e-7
-0.379, 4.1941058e-7, 4.2910716e-7
-0.380, 3.9546595e-7, 4.3913354e-7
-0.381, 4.2198315e-7, 3.6119800e-7
-0.382, 3.9518557e-7, 4.4330574e-7
-0.383, 4.3670940e-7, 3.7298898e-7
-0.384, 4.6706901e-7, 4.0595404e-7
-0.385, 4.3355968e-7, 3.6372109e-7
-0.386, 4.3644556e-7, 4.0936766e-7
-0.387, 4.1654113e-7, 4.6151158e-7
-0.388, 3.7336824e-7, 4.2660054e-7
-0.389, 4.2673247e-7, 4.6083548e-7
-0.390, 3.9065057e-7, 4.0768558e-7
-0.391, 4.0141910e-7, 4.3344420e-7
-0.392, 4.3764939e-7, 4.1881688e-7
-0.393, 4.2536374e-7, 3.1276454e-7
-0.394, 4.7252743e-7, 4.2101016e-7
-0.395, 3.9350351e-7, 3.7305489e-7
-0.396, 4.1705238e-7, 4.2556161e-7
-0.397, 4.1637622e-7, 3.8901800e-7
-0.398, 4.0692703e-7, 4.0895537e-7
-0.399, 4.0880698e-7, 4.4013947e-7
-0.400, 3.8072315e-7, 3.6584842e-7
-0.401, 4.5564084e-7, 4.5806502e-7
-0.402, 4.0966449e-7, 3.5125407e-7
-0.403, 4.4414676e-7, 3.9709846e-7
-0.404, 4.2442377e-7, 3.9526802e-7
-0.405, 3.7679831e-7, 4.0153452e-7
-0.406, 4.0908731e-7, 4.3268565e-7
-0.407, 3.5780093e-7, 4.0387624e-7
-0.408, 4.1317705e-7, 4.2495148e-7
-0.409, 3.7521517e-7, 4.3083870e-7
-0.410, 4.1888285e-7, 4.1545275e-7
-0.411, 4.9325638e-7, 3.4929167e-7
-0.412, 3.8855623e-7, 3.7973371e-7
-0.413, 4.6789353e-7, 3.6593087e-7
-0.414, 3.8365849e-7, 4.1868495e-7
-0.415, 4.3443367e-7, 4.0921924e-7
-0.416, 3.8698963e-7, 4.0920276e-7
-0.417, 3.6512282e-7, 4.1378721e-7
-0.418, 4.7409407e-7, 3.7544606e-7
-0.419, 3.5183126e-7, 4.5679519e-7
-0.420, 4.6228664e-7, 3.7795266e-7
-0.421, 4.0290328e-7, 3.3703901e-7
-0.422, 4.3784729e-7, 3.8253711e-7
-0.423, 4.3036044e-7, 3.9173904e-7
-0.424, 3.7541309e-7, 4.3367510e-7
-0.425, 4.7298920e-7, 4.1073642e-7
-0.426, 3.9157408e-7, 4.0278786e-7
-0.427, 4.0902134e-7, 4.1708535e-7
-0.428, 4.0336499e-7, 4.1609590e-7
-0.429, 4.5623455e-7, 3.6090117e-7
-0.430, 4.2806820e-7, 4.1162690e-7
-0.431, 4.1941055e-7, 3.3730285e-7
-0.432, 4.2938748e-7, 4.0135313e-7
-0.433, 4.1401807e-7, 3.8730300e-7
-0.434, 4.4187104e-7, 3.7762288e-7
-0.435, 3.7476997e-7, 4.1227003e-7
-0.436, 4.2833207e-7, 3.8684118e-7
-0.437, 3.7313737e-7, 4.3224043e-7
-0.438, 4.3819355e-7, 3.6937749e-7
-0.439, 4.5404124e-7, 3.7434120e-7
-0.440, 4.2958538e-7, 3.8621459e-7
-0.441, 4.4729651e-7, 3.7249424e-7
-0.442, 4.1190722e-7, 4.1449627e-7
-0.443, 4.5593768e-7, 3.6568355e-7
-0.444, 4.2602338e-7, 4.4051879e-7
-0.445, 3.9361893e-7, 4.0489866e-7
-0.446, 4.1553523e-7, 4.4980311e-7
-0.447, 4.2935451e-7, 4.2166980e-7
-0.448, 4.3799568e-7, 3.0682787e-7
-0.449, 4.6639289e-7, 4.2758995e-7
-0.450, 4.2371465e-7, 3.5757003e-7
-0.451, 4.5290338e-7, 4.3680834e-7
-0.452, 4.3382352e-7, 3.6241835e-7
-0.453, 4.2475358e-7, 4.0547582e-7
-0.454, 4.2160386e-7, 4.7254395e-7
-0.455, 3.8888609e-7, 3.4351990e-7
-0.456, 4.6969100e-7, 4.3756694e-7
-0.457, 4.2186767e-7, 3.7831549e-7
-0.458, 4.4579585e-7, 3.9002396e-7
-0.459, 4.6047265e-7, 3.8224030e-7
-0.460, 4.3448313e-7, 3.8220736e-7
-0.461, 4.5984601e-7, 4.6101684e-7
-0.462, 4.0201274e-7, 3.5926860e-7
-0.463, 4.4368502e-7, 4.4315729e-7
-0.464, 4.1480962e-7, 4.3441719e-7
-0.465, 4.2866188e-7, 4.2577597e-7
-0.466, 4.7008680e-7, 4.0862557e-7
-0.467, 4.3265268e-7, 3.6843747e-7
-0.468, 4.9520230e-7, 3.8961167e-7
-0.469, 4.3618169e-7, 3.8992499e-7
-0.470, 4.9023851e-7, 3.9507012e-7
-0.471, 4.3476351e-7, 3.9399822e-7
-0.472, 3.6401795e-7, 4.4073312e-7
-0.473, 4.8087173e-7, 3.9294281e-7
-0.474, 3.9121127e-7, 4.5465146e-7
-0.475, 4.6794298e-7, 3.9835180e-7
-0.476, 4.4015601e-7, 3.8939731e-7
-0.477, 4.6970749e-7, 4.1710183e-7
-0.478, 4.9510334e-7, 4.0501408e-7
-0.479, 3.8867168e-7, 3.9195339e-7
-0.480, 5.1733298e-7, 3.4375074e-7
-0.481, 3.9666972e-7, 4.4114543e-7
-0.482, 4.6192386e-7, 4.7396213e-7
-0.483, 4.3565402e-7, 4.3121798e-7
-0.484, 4.4625759e-7, 4.2162037e-7
-0.485, 5.0328276e-7, 4.3200953e-7
-0.486, 4.1441385e-7, 3.9577924e-7
-0.487, 4.8971083e-7, 4.2656754e-7
-0.488, 4.7358284e-7, 3.8852326e-7
-0.489, 4.8151492e-7, 4.0000089e-7
-0.490, 4.2407746e-7, 4.4124437e-7
-0.491, 4.6330911e-7, 4.3125101e-7
-0.492, 4.6055513e-7, 4.5974707e-7
-0.493, 4.7223060e-7, 3.9777461e-7
-0.494, 4.8957889e-7, 4.1983930e-7
-0.495, 4.6955907e-7, 3.9779113e-7
-0.496, 4.9050237e-7, 4.0280432e-7
-0.497, 4.4340470e-7, 4.2371465e-7
-0.498, 5.0364554e-7, 3.9137618e-7
-0.499, 4.5610258e-7, 4.5361250e-7
-0.500, 4.3004712e-7, 4.3819358e-7
