July 12, 2006   23:41:37
Square Wave Voltammetry
File: f:\07_02_19_wt\ida_2\tran_1\swv_11.txt
Data Source:  Experiment
Instrument Model:  CHI760B
Header: 
Note: 

Init E (V) = 0.1
Final E (V) = -0.5
Incr E (V) = 0.001
Amplitude (V) = 0.025
Frequency (Hz) = 300
Quiet Time (sec) = 2
Sensitivity (A/V) = 1e-6
Sens 2 (A/V) = 1e-6

Potential/V, i1/A, i2/A

0.099, 4.0021536e-7, 3.3811094e-7
0.098, 4.3200953e-7, 2.9043599e-7
0.097, 5.2129076e-7, 4.5278796e-7
0.096, 4.9291009e-7, 3.1471046e-7
0.095, 4.9106313e-7, 3.6842098e-7
0.094, 4.9457566e-7, 3.4993482e-7
0.093, 4.3905112e-7, 3.7114199e-7
0.092, 4.9022208e-7, 4.2511638e-7
0.091, 4.2940397e-7, 3.2795259e-7
0.090, 5.0320034e-7, 3.8552196e-7
0.089, 4.3065728e-7, 3.6886624e-7
0.088, 4.7462174e-7, 3.6889924e-7
0.087, 5.5527823e-7, 3.0714119e-7
0.086, 4.5905446e-7, 3.4650472e-7
0.085, 5.2333559e-7, 2.9518534e-7
0.084, 4.3032747e-7, 3.5234245e-7
0.083, 4.9995162e-7, 3.6487546e-7
0.082, 4.4474041e-7, 3.6194010e-7
0.081, 4.1634325e-7, 3.6616177e-7
0.080, 5.2343455e-7, 2.9922558e-7
0.079, 3.9083199e-7, 4.1604645e-7
0.078, 4.9706574e-7, 2.9813722e-7
0.077, 4.5590471e-7, 2.7679809e-7
0.076, 4.8733614e-7, 3.2641890e-7
0.075, 4.5757025e-7, 3.2208186e-7
0.074, 3.9716446e-7, 3.5000079e-7
0.073, 5.1889958e-7, 3.2864517e-7
0.072, 4.1758008e-7, 3.3829230e-7
0.071, 4.5475036e-7, 3.5099021e-7
0.070, 4.3235585e-7, 3.3578570e-7
0.069, 4.9213497e-7, 2.8214112e-7
0.068, 4.6261647e-7, 3.3962806e-7
0.067, 4.4251416e-7, 3.0420583e-7
0.066, 4.5136971e-7, 3.5084179e-7
0.065, 4.3149828e-7, 3.3685760e-7
0.064, 4.5422263e-7, 2.9830210e-7
0.063, 4.0742171e-7, 3.4104625e-7
0.062, 4.6126422e-7, 3.1889914e-7
0.061, 3.8977657e-7, 3.5630023e-7
0.060, 4.7328598e-7, 2.9394855e-7
0.059, 4.8669301e-7, 3.2646841e-7
0.058, 4.4820351e-7, 3.0963128e-7
0.057, 4.5661380e-7, 2.6429808e-7
0.056, 4.2577599e-7, 3.3957858e-7
0.055, 4.5473385e-7, 3.1220384e-7
0.054, 4.4917647e-7, 3.2721050e-7
0.053, 4.1157742e-7, 2.7594058e-7
0.052, 4.2547919e-7, 3.6225345e-7
0.051, 4.3669291e-7, 3.2876062e-7
0.050, 4.4790664e-7, 2.2783689e-7
0.049, 4.8728668e-7, 2.9505341e-7
0.048, 4.2856294e-7, 2.6332509e-7
0.047, 4.2714473e-7, 3.4144205e-7
0.046, 4.4709861e-7, 2.9206859e-7
0.045, 4.2907413e-7, 3.1967420e-7
0.044, 4.3200953e-7, 3.5153442e-7
0.043, 3.9190388e-7, 2.6715099e-7
0.042, 4.8139952e-7, 3.2163658e-7
0.041, 4.3138289e-7, 2.6799199e-7
0.040, 4.4083214e-7, 2.9680143e-7
0.039, 4.4594424e-7, 3.1245122e-7
0.038, 4.2206557e-7, 2.9719723e-7
0.037, 4.5468437e-7, 3.6782734e-7
0.036, 3.9520208e-7, 2.6090100e-7
0.035, 4.4818700e-7, 3.1426521e-7
0.034, 3.9584521e-7, 3.2039978e-7
0.033, 4.2750756e-7, 2.9182121e-7
0.032, 4.8715469e-7, 2.6487527e-7
0.031, 4.2399500e-7, 2.8491158e-7
0.030, 4.8860596e-7, 2.8743466e-7
0.029, 3.9450947e-7, 3.0348022e-7
0.028, 4.8885329e-7, 3.3346049e-7
0.027, 4.2973377e-7, 2.9177176e-7
0.026, 3.7252721e-7, 3.2282392e-7
0.025, 4.8830913e-7, 2.3789630e-7
0.024, 3.7783721e-7, 3.3878700e-7
0.023, 4.7295617e-7, 2.6876708e-7
0.022, 4.2251082e-7, 2.5704213e-7
0.021, 4.4759338e-7, 2.7419256e-7
0.020, 4.5230968e-7, 2.7061407e-7
0.019, 3.6416640e-7, 2.8865500e-7
0.018, 5.0437120e-7, 2.7285679e-7
0.017, 3.7129041e-7, 2.8835814e-7
0.016, 4.3242179e-7, 3.1106600e-7
0.015, 4.0656423e-7, 3.1165968e-7
0.014, 4.6136316e-7, 2.6043924e-7
0.013, 4.4594427e-7, 2.9462464e-7
0.012, 4.1497452e-7, 2.1731577e-7
0.011, 4.5226022e-7, 2.8628034e-7
0.010, 4.2419288e-7, 2.9764249e-7
0.009, 4.3055832e-7, 2.7285679e-7
0.008, 3.9114531e-7, 2.9772494e-7
0.007, 4.2762298e-7, 2.8444981e-7
0.006, 3.8987554e-7, 3.2669925e-7
0.005, 4.3113550e-7, 2.7575919e-7
0.004, 4.5920285e-7, 2.6396827e-7
0.003, 4.4101350e-7, 2.7498413e-7
0.002, 4.4510324e-7, 2.3499393e-7
0.001, 3.9887948e-7, 2.7353292e-7
-0.000, 4.5750431e-7, 2.6197287e-7
-0.001, 4.1934459e-7, 2.7399466e-7
-0.002, 3.7996455e-7, 2.7176841e-7
-0.003, 4.0100682e-7, 2.9604286e-7
-0.004, 4.1312757e-7, 2.8214112e-7
-0.005, 4.2394555e-7, 1.8314684e-7
-0.006, 4.6078600e-7, 2.7435749e-7
-0.007, 4.0941711e-7, 2.3679142e-7
-0.008, 4.3125095e-7, 3.1581536e-7
-0.009, 4.3524170e-7, 2.1789296e-7
-0.010, 4.1917968e-7, 2.5176507e-7
-0.011, 4.2124103e-7, 3.2740837e-7
-0.012, 3.6556810e-7, 2.3545567e-7
-0.013, 4.4223381e-7, 2.9220053e-7
-0.014, 4.1100023e-7, 2.2686396e-7
-0.015, 4.0349693e-7, 2.6736538e-7
-0.016, 4.1759657e-7, 2.7226312e-7
-0.017, 3.9810442e-7, 2.6466088e-7
-0.018, 4.3921602e-7, 3.2142222e-7
-0.019, 3.6500739e-7, 2.0303474e-7
-0.020, 4.1309457e-7, 2.9508641e-7
-0.021, 3.8171257e-7, 2.5499727e-7
-0.022, 4.0554178e-7, 2.8497755e-7
-0.023, 4.4452602e-7, 2.1665616e-7
-0.024, 4.0460179e-7, 2.3723666e-7
-0.025, 4.5649836e-7, 2.6436405e-7
-0.026, 3.7460504e-7, 2.4485541e-7
-0.027, 4.6258347e-7, 2.6479282e-7
-0.028, 3.9510309e-7, 2.4427825e-7
-0.029, 3.4507002e-7, 2.7668267e-7
-0.030, 4.3164673e-7, 2.5201243e-7
-0.031, 3.4218414e-7, 3.1471046e-7
-0.032, 4.2368168e-7, 2.4528418e-7
-0.033, 3.8430164e-7, 2.2879337e-7
-0.034, 4.1776147e-7, 2.3542268e-7
-0.035, 4.3298249e-7, 2.4472351e-7
-0.036, 3.3230612e-7, 2.6004344e-7
-0.037, 4.6914681e-7, 1.9856573e-7
-0.038, 3.5531082e-7, 2.7270841e-7
-0.039, 3.9107937e-7, 3.0992811e-7
-0.040, 3.6725015e-7, 2.4678485e-7
-0.041, 4.1852005e-7, 2.5029738e-7
-0.042, 4.2910716e-7, 2.6680470e-7
-0.043, 3.6223696e-7, 2.3875381e-7
-0.044, 4.2137296e-7, 2.4259617e-7
-0.045, 4.0945014e-7, 2.5341416e-7
-0.046, 4.1307806e-7, 2.5491480e-7
-0.047, 3.6057139e-7, 2.8047555e-7
-0.048, 3.9165653e-7, 2.4477296e-7
-0.049, 3.8215782e-7, 2.8454878e-7
-0.050, 3.9594414e-7, 2.5867470e-7
-0.051, 4.1480962e-7, 2.4991809e-7
-0.052, 3.9358594e-7, 2.6274793e-7
-0.053, 4.1581558e-7, 2.1492463e-7
-0.054, 3.6842101e-7, 2.6095046e-7
-0.055, 4.3224037e-7, 2.3016212e-7
-0.056, 3.8355955e-7, 2.8448281e-7
-0.057, 3.3407065e-7, 2.7547884e-7
-0.058, 3.8853977e-7, 2.6390231e-7
-0.059, 3.7478645e-7, 2.7671564e-7
-0.060, 3.9614201e-7, 2.1405060e-7
-0.061, 4.0560775e-7, 2.2427490e-7
-0.062, 3.7153774e-7, 2.1642529e-7
-0.063, 4.1690393e-7, 2.9289313e-7
-0.064, 4.1068694e-7, 2.0633291e-7
-0.065, 3.7427523e-7, 2.5216085e-7
-0.066, 3.8369149e-7, 3.2432459e-7
-0.067, 3.2633648e-7, 2.2359878e-7
-0.068, 4.0588810e-7, 2.8820975e-7
-0.069, 3.8093751e-7, 2.3169574e-7
-0.070, 3.8268553e-7, 2.4183760e-7
-0.071, 3.8633002e-7, 2.4731253e-7
-0.072, 3.8121783e-7, 2.3611528e-7
-0.073, 4.1446333e-7, 3.2988197e-7
-0.074, 3.5110565e-7, 1.8921546e-7
-0.075, 3.7399488e-7, 2.8820975e-7
-0.076, 3.7125739e-7, 2.4282704e-7
-0.077, 3.7107600e-7, 2.5821299e-7
-0.078, 4.1019223e-7, 2.3962784e-7
-0.079, 3.6370463e-7, 1.9932432e-7
-0.080, 4.3616518e-7, 2.8492806e-7
-0.081, 3.5827918e-7, 2.5099001e-7
-0.082, 4.2074632e-7, 2.3438376e-7
-0.083, 3.8560444e-7, 2.4876374e-7
-0.084, 3.1634303e-7, 2.6662326e-7
-0.085, 3.9990192e-7, 2.4988512e-7
-0.086, 3.3397171e-7, 2.6642539e-7
-0.087, 4.0961498e-7, 2.3522479e-7
-0.088, 3.5623427e-7, 2.1929468e-7
-0.089, 3.8781420e-7, 2.4040290e-7
-0.090, 4.1495804e-7, 2.4033693e-7
-0.091, 3.2483581e-7, 2.7092739e-7
-0.092, 4.4772526e-7, 2.0352948e-7
-0.093, 3.3136615e-7, 2.6009292e-7
-0.094, 3.7618815e-7, 3.1055475e-7
-0.095, 3.6055491e-7, 2.3799525e-7
-0.096, 3.7635306e-7, 2.5255665e-7
-0.097, 4.3021203e-7, 2.5882312e-7
-0.098, 3.2653435e-7, 2.5879015e-7
-0.099, 3.9754377e-7, 2.4874726e-7
-0.100, 3.8524163e-7, 2.4104605e-7
-0.101, 3.9276142e-7, 2.2839760e-7
-0.102, 3.3476329e-7, 2.5448605e-7
-0.103, 3.7181812e-7, 2.6075256e-7
-0.104, 3.6157732e-7, 2.9135947e-7
-0.105, 3.7180160e-7, 2.4772481e-7
-0.106, 3.9350354e-7, 2.1789296e-7
-0.107, 3.6553513e-7, 2.9056793e-7
-0.108, 4.0178185e-7, 2.8138254e-7
-0.109, 3.3496116e-7, 2.7213122e-7
-0.110, 4.0437095e-7, 2.3961135e-7
-0.111, 3.6240186e-7, 2.8943003e-7
-0.112, 3.3466432e-7, 2.4347020e-7
-0.113, 3.6109913e-7, 2.8677502e-7
-0.114, 3.5649813e-7, 2.8141554e-7
-0.115, 3.9091444e-7, 2.2481910e-7
-0.116, 3.7739198e-7, 2.5333171e-7
-0.117, 3.6200606e-7, 2.2071289e-7
-0.118, 4.0928518e-7, 2.9208508e-7
-0.119, 3.8756681e-7, 2.4696624e-7
-0.120, 3.8039335e-7, 2.5966415e-7
-0.121, 3.8425213e-7, 3.3980945e-7
-0.122, 3.2542948e-7, 2.4948935e-7
-0.123, 3.9421261e-7, 3.1558446e-7
-0.124, 3.8591773e-7, 2.1599652e-7
-0.125, 3.5992824e-7, 3.0597033e-7
-0.126, 3.9088147e-7, 2.9134299e-7
-0.127, 3.8237221e-7, 2.2221353e-7
-0.128, 4.1960845e-7, 3.0963128e-7
-0.129, 3.3819333e-7, 2.1348993e-7
-0.130, 3.7269211e-7, 3.0712468e-7
-0.131, 3.6078575e-7, 2.7417607e-7
-0.132, 3.5700938e-7, 2.8787991e-7
-0.133, 4.0067704e-7, 2.7757318e-7
-0.134, 3.7382998e-7, 2.1860207e-7
-0.135, 4.2345079e-7, 3.0971376e-7
-0.136, 3.6916310e-7, 2.5278749e-7
-0.137, 4.3304846e-7, 2.6157710e-7
-0.138, 3.8560441e-7, 2.7307121e-7
-0.139, 3.1500730e-7, 3.0590434e-7
-0.140, 3.9282739e-7, 2.7260944e-7
-0.141, 3.2302182e-7, 3.0818012e-7
-0.142, 4.1993826e-7, 2.6416618e-7
-0.143, 3.5897176e-7, 2.5585479e-7
-0.144, 4.0277135e-7, 2.8804482e-7
-0.145, 4.2752407e-7, 2.5522814e-7
-0.146, 3.4343742e-7, 2.9271172e-7
-0.147, 4.4081563e-7, 1.9848329e-7
-0.148, 3.4770855e-7, 3.2185096e-7
-0.149, 3.7897510e-7, 3.1654096e-7
-0.150, 3.6447972e-7, 2.9276117e-7
-0.151, 3.8037683e-7, 2.8534035e-7
-0.152, 4.5676222e-7, 2.6817344e-7
-0.153, 3.3034377e-7, 2.7533045e-7
-0.154, 4.3464809e-7, 2.9419590e-7
-0.155, 3.9596065e-7, 2.5278749e-7
-0.156, 4.1411698e-7, 2.5278749e-7
-0.157, 3.6591439e-7, 3.0458509e-7
-0.158, 3.8700614e-7, 2.5357906e-7
-0.159, 4.1205567e-7, 3.2630348e-7
-0.160, 3.9046915e-7, 2.8938058e-7
-0.161, 4.1711834e-7, 2.7724337e-7
-0.162, 3.9393228e-7, 3.1541958e-7
-0.163, 4.3220743e-7, 2.8380668e-7
-0.164, 3.8342762e-7, 3.0364509e-7
-0.165, 4.4724703e-7, 2.6818989e-7
-0.166, 4.0108930e-7, 3.3722040e-7
-0.167, 3.6927850e-7, 3.3477977e-7
-0.168, 3.9241513e-7, 3.2623751e-7
-0.169, 3.9544940e-7, 3.3372436e-7
-0.170, 4.2846401e-7, 2.9408048e-7
-0.171, 3.9551540e-7, 2.9216756e-7
-0.172, 4.1588149e-7, 2.7302170e-7
-0.173, 4.5569030e-7, 3.0329880e-7
-0.174, 4.3276810e-7, 2.7163645e-7
-0.175, 4.2350027e-7, 3.2241167e-7
-0.176, 4.2755701e-7, 3.9053515e-7
-0.177, 3.8586825e-7, 3.1931137e-7
-0.178, 4.3044290e-7, 3.5672903e-7
-0.179, 4.2211502e-7, 3.1663987e-7
-0.180, 4.2960190e-7, 3.7409382e-7
-0.181, 4.3473051e-7, 3.1965766e-7
-0.182, 4.4142575e-7, 2.6617801e-7
-0.183, 4.7950300e-7, 3.7246124e-7
-0.184, 4.0816383e-7, 2.8863852e-7
-0.185, 4.3158076e-7, 3.7956877e-7
-0.186, 4.4132685e-7, 3.2511616e-7
-0.187, 4.3174566e-7, 3.5836160e-7
-0.188, 4.4942379e-7, 3.5940053e-7
-0.189, 4.3326284e-7, 2.7171893e-7
-0.190, 4.9131046e-7, 3.8187750e-7
-0.191, 4.5466791e-7, 2.9205211e-7
-0.192, 4.8224052e-7, 3.3197631e-7
-0.193, 4.6441397e-7, 3.4008980e-7
-0.194, 4.1523839e-7, 3.7472049e-7
-0.195, 4.7961851e-7, 3.5105617e-7
-0.196, 4.1091778e-7, 3.4920919e-7
-0.197, 5.0062778e-7, 3.9652130e-7
-0.198, 4.1845408e-7, 3.4675207e-7
-0.199, 4.7904132e-7, 3.3621447e-7
-0.200, 5.4713183e-7, 3.4492160e-7
-0.201, 4.5460195e-7, 3.5966437e-7
-0.202, 5.3784748e-7, 3.1083511e-7
-0.203, 4.4808806e-7, 3.9276139e-7
-0.204, 4.9820363e-7, 4.2407743e-7
-0.205, 4.7289021e-7, 3.8977657e-7
-0.206, 4.6530448e-7, 3.9558137e-7
-0.207, 5.5420634e-7, 3.8370794e-7
-0.208, 4.3029451e-7, 4.2645212e-7
-0.209, 5.5737257e-7, 3.8261956e-7
-0.210, 5.1258360e-7, 3.5789986e-7
-0.211, 5.3474719e-7, 3.6609580e-7
-0.212, 4.8128408e-7, 4.1706886e-7
-0.213, 4.9027153e-7, 3.8139925e-7
-0.214, 5.5501437e-7, 4.1253389e-7
-0.215, 5.0587181e-7, 4.1565067e-7
-0.216, 5.2726040e-7, 4.0005034e-7
-0.217, 5.0776828e-7, 4.3283407e-7
-0.218, 5.7851383e-7, 4.0593756e-7
-0.219, 5.1236918e-7, 4.3548908e-7
-0.220, 5.5153487e-7, 3.8149818e-7
-0.221, 5.3562121e-7, 4.6266592e-7
-0.222, 5.0898859e-7, 4.1761305e-7
-0.223, 5.4681851e-7, 4.4879715e-7
-0.224, 5.3294968e-7, 4.7877745e-7
-0.225, 5.6941093e-7, 4.2122451e-7
-0.226, 5.1997148e-7, 4.4685123e-7
-0.227, 5.6781130e-7, 4.1617838e-7
-0.228, 6.1485957e-7, 4.3382352e-7
-0.229, 5.8908444e-7, 4.2157086e-7
-0.230, 5.6964177e-7, 4.5343108e-7
-0.231, 5.8543992e-7, 5.1537052e-7
-0.232, 5.5999465e-7, 4.6645880e-7
-0.233, 5.9772560e-7, 4.9556508e-7
-0.234, 5.7401178e-7, 4.2183473e-7
-0.235, 5.7887661e-7, 5.1434813e-7
-0.236, 5.9518601e-7, 4.9393248e-7
-0.237, 6.0608647e-7, 4.1563416e-7
-0.238, 6.6314453e-7, 5.1690415e-7
-0.239, 5.8535750e-7, 4.5270551e-7
-0.240, 6.0447030e-7, 5.2275840e-7
-0.241, 6.2028499e-7, 4.9968776e-7
-0.242, 6.0079287e-7, 5.1274844e-7
-0.243, 6.2023554e-7, 5.8346109e-7
-0.244, 5.8369193e-7, 4.4025495e-7
-0.245, 6.7049950e-7, 5.7101050e-7
-0.246, 6.3318083e-7, 4.6678863e-7
-0.247, 6.6507403e-7, 5.1873462e-7
-0.248, 6.4648896e-7, 5.1828937e-7
-0.249, 6.1128105e-7, 5.3128417e-7
-0.250, 6.5501467e-7, 5.6297949e-7
-0.251, 5.9914373e-7, 5.4716480e-7
-0.252, 6.8898566e-7, 5.7912399e-7
-0.253, 6.1683841e-7, 5.5770238e-7
-0.254, 6.6781149e-7, 5.4010678e-7
-0.255, 7.3629781e-7, 5.2031771e-7
-0.256, 6.4261360e-7, 5.3557176e-7
-0.257, 7.2152204e-7, 5.4127759e-7
-0.258, 6.3268612e-7, 5.6159428e-7
-0.259, 6.8623172e-7, 5.9206923e-7
-0.260, 6.5257393e-7, 5.8590172e-7
-0.261, 6.3275201e-7, 5.8626449e-7
-0.262, 7.3141655e-7, 5.4569711e-7
-0.263, 6.0321702e-7, 6.3529160e-7
-0.264, 7.2155501e-7, 5.5402495e-7
-0.265, 6.7655156e-7, 5.4050253e-7
-0.266, 7.0748837e-7, 5.6568393e-7
-0.267, 6.7035114e-7, 5.7976706e-7
-0.268, 6.3365906e-7, 5.6283102e-7
-0.269, 7.3313157e-7, 5.7505076e-7
-0.270, 6.5247502e-7, 5.8407124e-7
-0.271, 6.7175279e-7, 5.9239903e-7
-0.272, 6.7021915e-7, 5.8548943e-7
-0.273, 7.3149897e-7, 5.8041019e-7
-0.274, 6.9239928e-7, 6.0481665e-7
-0.275, 6.9009059e-7, 5.3522547e-7
-0.276, 6.7623830e-7, 6.0631731e-7
-0.277, 6.5818091e-7, 6.0442085e-7
-0.278, 6.8138343e-7, 5.8194388e-7
-0.279, 6.5056213e-7, 6.5214522e-7
-0.280, 7.0775224e-7, 6.0427243e-7
-0.281, 6.3585230e-7, 6.3418679e-7
-0.282, 6.9391643e-7, 5.8212532e-7
-0.283, 7.2698049e-7, 6.0448684e-7
-0.284, 6.9480689e-7, 5.8301578e-7
-0.285, 6.9385050e-7, 5.8649539e-7
-0.286, 6.7272572e-7, 6.6527190e-7
-0.287, 6.5633390e-7, 5.9304216e-7
-0.288, 6.7320400e-7, 6.4045321e-7
-0.289, 6.3794664e-7, 5.5471753e-7
-0.290, 6.4330618e-7, 6.4223428e-7
-0.291, 6.6657469e-7, 5.9604361e-7
-0.292, 6.5986296e-7, 5.1673925e-7
-0.293, 7.1283137e-7, 6.0470114e-7
-0.294, 6.2999811e-7, 5.5118852e-7
-0.295, 6.4160764e-7, 6.1870185e-7
-0.296, 6.5877452e-7, 5.9018925e-7
-0.297, 6.3514324e-7, 5.7419328e-7
-0.298, 6.3928246e-7, 6.5191438e-7
-0.299, 5.7994851e-7, 5.4107971e-7
-0.300, 6.6983984e-7, 6.6068742e-7
-0.301, 6.3423619e-7, 5.1119838e-7
-0.302, 6.4066762e-7, 5.8730336e-7
-0.303, 6.5724089e-7, 5.7284097e-7
-0.304, 5.8849071e-7, 5.7079615e-7
-0.305, 6.2376455e-7, 6.4719802e-7
-0.306, 5.6588181e-7, 5.5460214e-7
-0.307, 6.2711223e-7, 5.8205933e-7
-0.308, 5.6578295e-7, 5.9662074e-7
-0.309, 6.0494858e-7, 5.8453298e-7
-0.310, 6.7960241e-7, 5.5328292e-7
-0.311, 5.8031134e-7, 5.6586532e-7
-0.312, 6.5577319e-7, 5.2477031e-7
-0.313, 5.5130403e-7, 5.9251454e-7
-0.314, 6.3421970e-7, 6.1062138e-7
-0.315, 5.5636667e-7, 5.6644251e-7
-0.316, 5.3680861e-7, 5.5862597e-7
-0.317, 6.3255413e-7, 5.4394906e-7
-0.318, 5.1680519e-7, 6.3408783e-7
-0.319, 6.1594795e-7, 5.1650841e-7
-0.320, 5.6377104e-7, 4.9259677e-7
-0.321, 5.9195384e-7, 5.1698663e-7
-0.322, 5.6241879e-7, 5.6464506e-7
-0.323, 4.9579592e-7, 5.3903483e-7
-0.324, 6.0851056e-7, 5.6527165e-7
-0.325, 5.1523858e-7, 5.6039039e-7
-0.326, 5.4010673e-7, 5.6048935e-7
-0.327, 5.3341142e-7, 5.6250127e-7
-0.328, 5.7204943e-7, 4.9477353e-7
-0.329, 5.4836863e-7, 5.5268919e-7
-0.330, 5.3705594e-7, 4.8106966e-7
-0.331, 5.4045302e-7, 5.3532443e-7
-0.332, 5.2158759e-7, 5.4901176e-7
-0.333, 5.3349390e-7, 5.2402822e-7
-0.334, 4.9421283e-7, 5.4356980e-7
-0.335, 5.3962850e-7, 5.2046619e-7
-0.336, 4.7632031e-7, 5.5460214e-7
-0.337, 5.2064757e-7, 4.8204259e-7
-0.338, 5.6523868e-7, 4.9683484e-7
-0.339, 5.1947677e-7, 5.2303869e-7
-0.340, 5.1601370e-7, 4.7991529e-7
-0.341, 4.9790674e-7, 5.6019252e-7
-0.342, 5.1809155e-7, 4.9577949e-7
-0.343, 5.0039694e-7, 5.4714826e-7
-0.344, 4.6184141e-7, 4.9840150e-7
-0.345, 4.9876434e-7, 5.2453942e-7
-0.346, 4.8952944e-7, 5.1001103e-7
-0.347, 4.9551556e-7, 4.1591449e-7
-0.348, 5.2392926e-7, 4.9973727e-7
-0.349, 4.6517252e-7, 4.6579919e-7
-0.350, 4.7798591e-7, 5.3060808e-7
-0.351, 4.8456570e-7, 4.6777808e-7
-0.352, 4.6603006e-7, 4.7887642e-7
-0.353, 4.6762966e-7, 5.5075981e-7
-0.354, 4.2430833e-7, 4.3171269e-7
-0.355, 4.9675242e-7, 4.7757362e-7
-0.356, 4.6847069e-7, 4.3977667e-7
-0.357, 4.6980645e-7, 4.5537701e-7
-0.358, 4.8344435e-7, 4.5786709e-7
-0.359, 4.4939082e-7, 4.5324967e-7
-0.360, 4.9061782e-7, 5.2749124e-7
-0.361, 4.1357282e-7, 4.4455902e-7
-0.362, 4.6901488e-7, 5.1271559e-7
-0.363, 4.1312754e-7, 4.6062110e-7
-0.364, 4.5986252e-7, 4.9370158e-7
-0.365, 5.0148526e-7, 4.2600686e-7
-0.366, 4.4538356e-7, 4.4551550e-7
-0.367, 4.9759342e-7, 4.2305498e-7
-0.368, 4.1612887e-7, 4.6350695e-7
-0.369, 4.8740213e-7, 4.9226691e-7
-0.370, 4.3573644e-7, 4.5951620e-7
-0.371, 3.8341113e-7, 4.6063758e-7
-0.372, 4.7031764e-7, 4.2209857e-7
-0.373, 3.9246459e-7, 4.9686787e-7
-0.374, 4.7246147e-7, 4.1540326e-7
-0.375, 4.3154779e-7, 4.0872450e-7
-0.376, 4.5120481e-7, 4.2615528e-7
-0.377, 4.6208874e-7, 4.2900820e-7
-0.378, 3.7391243e-7, 4.5191393e-7
-0.379, 4.9543314e-7, 4.0221065e-7
-0.380, 3.8289994e-7, 4.3722062e-7
-0.381, 4.3728659e-7, 4.8849051e-7
-0.382, 4.0656425e-7, 4.4150821e-7
-0.383, 4.4915996e-7, 4.0265593e-7
-0.384, 4.4955573e-7, 4.2137296e-7
-0.385, 4.0047911e-7, 3.8771523e-7
-0.386, 4.5664680e-7, 4.1949298e-7
-0.387, 4.3243830e-7, 4.5385983e-7
-0.388, 4.3479648e-7, 4.3141583e-7
-0.389, 3.9149165e-7, 4.3339477e-7
-0.390, 4.3606630e-7, 4.1729976e-7
-0.391, 3.8976012e-7, 4.3875426e-7
-0.392, 4.3334526e-7, 4.1141249e-7
-0.393, 4.5653135e-7, 4.1185774e-7
-0.394, 4.1998771e-7, 4.3187760e-7
-0.395, 4.3980967e-7, 3.9277791e-7
-0.396, 3.9693359e-7, 4.3972724e-7
-0.397, 4.5953269e-7, 4.0001734e-7
-0.398, 4.2460516e-7, 4.6063755e-7
-0.399, 3.9004044e-7, 4.1878388e-7
-0.400, 4.0854312e-7, 4.4373451e-7
-0.401, 4.1167635e-7, 4.2333536e-7
-0.402, 4.3054183e-7, 3.4132660e-7
-0.403, 4.5463489e-7, 4.1635977e-7
-0.404, 4.1284721e-7, 3.7861236e-7
-0.405, 4.2838153e-7, 4.5263948e-7
-0.406, 4.2973380e-7, 3.5918612e-7
-0.407, 4.1589800e-7, 4.0948311e-7
-0.408, 4.1172586e-7, 4.7148848e-7
-0.409, 3.7044936e-7, 3.7763937e-7
-0.410, 4.6136316e-7, 4.5982952e-7
-0.411, 4.1574961e-7, 3.8412023e-7
-0.412, 4.2933803e-7, 4.1139606e-7
-0.413, 4.4256367e-7, 3.9554837e-7
-0.414, 4.1255035e-7, 3.6352324e-7
-0.415, 4.5389282e-7, 4.7320358e-7
-0.416, 3.7114199e-7, 3.6477655e-7
-0.417, 4.2239537e-7, 4.3169621e-7
-0.418, 3.9891250e-7, 4.0234258e-7
-0.419, 4.1485907e-7, 4.3093760e-7
-0.420, 4.6200628e-7, 3.8563741e-7
-0.421, 4.1616190e-7, 3.7381349e-7
-0.422, 4.7345091e-7, 3.9708200e-7
-0.423, 4.0250751e-7, 3.9363547e-7
-0.424, 4.6670621e-7, 3.9495472e-7
-0.425, 4.2907413e-7, 3.8771523e-7
-0.426, 3.6288003e-7, 4.1820675e-7
-0.427, 4.6012636e-7, 3.7546258e-7
-0.428, 3.7218092e-7, 4.6421607e-7
-0.429, 4.5038027e-7, 3.9652130e-7
-0.430, 4.1076939e-7, 3.8482935e-7
-0.431, 4.3957880e-7, 3.7115845e-7
-0.432, 4.5966459e-7, 4.2068035e-7
-0.433, 3.8736894e-7, 4.2752404e-7
-0.434, 4.9343771e-7, 3.4915973e-7
-0.435, 3.8860571e-7, 4.2171928e-7
-0.436, 4.3453264e-7, 4.5110588e-7
-0.437, 4.0700945e-7, 4.2636967e-7
-0.438, 4.5072662e-7, 3.8929835e-7
-0.439, 4.7302214e-7, 4.2646860e-7
-0.440, 3.9475680e-7, 3.7359911e-7
-0.441, 4.6353995e-7, 4.0338148e-7
-0.442, 4.3250427e-7, 3.9447647e-7
-0.443, 4.4802209e-7, 3.7998106e-7
-0.444, 3.9635643e-7, 4.4409731e-7
-0.445, 4.4177204e-7, 3.9942370e-7
-0.446, 4.1583206e-7, 4.4815403e-7
-0.447, 4.4503727e-7, 3.7942038e-7
-0.448, 4.6301224e-7, 4.0537685e-7
-0.449, 4.3880374e-7, 4.0303519e-7
-0.450, 4.5946672e-7, 3.8961167e-7
-0.451, 4.1441388e-7, 4.1076936e-7
-0.452, 4.8054198e-7, 3.8146521e-7
-0.453, 4.1642571e-7, 4.5178200e-7
-0.454, 3.9276142e-7, 4.1591451e-7
-0.455, 4.3332881e-7, 4.2603983e-7
-0.456, 4.3667640e-7, 4.1594751e-7
-0.457, 4.4953924e-7, 3.5209507e-7
-0.458, 4.7165341e-7, 3.9384977e-7
-0.459, 4.3532418e-7, 3.7166970e-7
-0.460, 4.7018568e-7, 4.3840799e-7
-0.461, 4.7547928e-7, 3.7046584e-7
-0.462, 4.4643897e-7, 3.9607608e-7
-0.463, 4.4812103e-7, 4.9503740e-7
-0.464, 4.0171594e-7, 3.8100347e-7
-0.465, 4.7481967e-7, 4.4455902e-7
-0.466, 4.5145219e-7, 3.8130031e-7
-0.467, 4.5222728e-7, 4.0869153e-7
-0.468, 4.6316066e-7, 4.0346393e-7
-0.469, 4.5775170e-7, 3.5217755e-7
-0.470, 4.8126753e-7, 4.8067392e-7
-0.471, 4.1823972e-7, 3.5521185e-7
-0.472, 4.5575629e-7, 4.3509328e-7
-0.473, 4.3740198e-7, 4.2742511e-7
-0.474, 4.4360257e-7, 4.2559461e-7
-0.475, 4.8062441e-7, 4.1325950e-7
-0.476, 4.4708213e-7, 3.5148491e-7
-0.477, 5.1368846e-7, 4.3057480e-7
-0.478, 4.5128732e-7, 3.9678520e-7
-0.479, 5.0532765e-7, 4.1015926e-7
-0.480, 4.7209866e-7, 4.1118165e-7
-0.481, 3.9051866e-7, 4.6565077e-7
-0.482, 4.9802219e-7, 4.1649173e-7
-0.483, 4.1518891e-7, 4.7640276e-7
-0.484, 4.9889627e-7, 4.0237558e-7
-0.485, 4.5803205e-7, 3.8077263e-7
-0.486, 4.8708881e-7, 4.2206557e-7
-0.487, 5.1672276e-7, 4.3821007e-7
-0.488, 4.1988878e-7, 4.6436443e-7
-0.489, 5.3626434e-7, 3.6993816e-7
-0.490, 4.3473051e-7, 4.4619162e-7
-0.491, 4.8344430e-7, 4.7902483e-7
-0.492, 4.4513621e-7, 4.2852997e-7
-0.493, 4.8697342e-7, 4.0681158e-7
-0.494, 5.2424252e-7, 4.5648190e-7
-0.495, 4.3694027e-7, 3.7815056e-7
-0.496, 5.1288043e-7, 4.2425887e-7
-0.497, 4.8324642e-7, 4.0888943e-7
-0.498, 4.9952286e-7, 3.8059119e-7
-0.499, 4.3224043e-7, 4.4995150e-7
-0.500, 4.7785397e-7, 4.3624766e-7
