July 12, 2006   23:44:07
Square Wave Voltammetry
File: f:\07_02_19_wt\ida_2\tran_1\swv_12.txt
Data Source:  Experiment
Instrument Model:  CHI760B
Header: 
Note: 

Init E (V) = 0.1
Final E (V) = -0.5
Incr E (V) = 0.001
Amplitude (V) = 0.025
Frequency (Hz) = 300
Quiet Time (sec) = 2
Sensitivity (A/V) = 1e-6
Sens 2 (A/V) = 1e-6

Potential/V, i1/A, i2/A

0.099, 4.2155438e-7, 2.4957183e-7
0.098, 5.1718450e-7, 3.6111555e-7
0.097, 4.9470754e-7, 3.3685760e-7
0.096, 4.9472408e-7, 2.8121764e-7
0.095, 4.7610592e-7, 4.0704248e-7
0.094, 4.5455243e-7, 3.6123100e-7
0.093, 4.8006376e-7, 3.7732605e-7
0.092, 4.5092449e-7, 3.2185096e-7
0.091, 4.4289345e-7, 4.0813086e-7
0.090, 4.7275830e-7, 3.6029104e-7
0.089, 4.7571015e-7, 2.3275115e-7
0.088, 5.1889958e-7, 3.6217097e-7
0.087, 4.4478986e-7, 2.8494458e-7
0.086, 4.7280776e-7, 3.2872762e-7
0.085, 4.6893246e-7, 3.4391567e-7
0.084, 4.5234268e-7, 3.9879706e-7
0.083, 4.5836182e-7, 3.9922583e-7
0.082, 4.0752070e-7, 2.5471692e-7
0.081, 4.8971083e-7, 3.9500418e-7
0.080, 4.5738889e-7, 2.9018864e-7
0.079, 4.7955251e-7, 3.2872765e-7
0.078, 4.7519893e-7, 3.0870780e-7
0.077, 4.3179517e-7, 3.7295598e-7
0.076, 4.7226357e-7, 3.6690381e-7
0.075, 3.9909389e-7, 2.6594716e-7
0.074, 4.6126419e-7, 3.3382329e-7
0.073, 4.1067045e-7, 3.4104627e-7
0.072, 4.4652143e-7, 3.0946637e-7
0.071, 5.1665683e-7, 2.9589444e-7
0.070, 4.1845408e-7, 3.3618147e-7
0.069, 5.0130387e-7, 2.9497096e-7
0.068, 4.1320999e-7, 2.9421238e-7
0.067, 4.7160398e-7, 3.5094075e-7
0.066, 4.2391252e-7, 3.4345391e-7
0.065, 3.8697311e-7, 3.5412347e-7
0.064, 5.0300241e-7, 2.6022485e-7
0.063, 3.8723701e-7, 4.0023176e-7
0.062, 4.7653472e-7, 2.8011274e-7
0.061, 4.3580241e-7, 2.9051844e-7
0.060, 4.8339484e-7, 3.1081862e-7
0.059, 4.4780774e-7, 3.3951261e-7
0.058, 3.8962821e-7, 3.1733248e-7
0.057, 5.0989559e-7, 2.8588454e-7
0.056, 3.9602662e-7, 3.1518869e-7
0.055, 4.3769884e-7, 3.4139259e-7
0.054, 4.2422585e-7, 3.2272499e-7
0.053, 4.7076287e-7, 2.6998740e-7
0.052, 4.5611904e-7, 3.5123756e-7
0.051, 4.3133340e-7, 2.6307777e-7
0.050, 4.5503069e-7, 2.9093070e-7
0.049, 4.3120147e-7, 3.2185096e-7
0.048, 4.5503069e-7, 3.0263917e-7
0.047, 3.9609256e-7, 3.3733585e-7
0.046, 4.5971404e-7, 2.9828561e-7
0.045, 3.9173898e-7, 3.8694017e-7
0.044, 4.6075297e-7, 2.9825264e-7
0.043, 4.6480972e-7, 2.6281390e-7
0.042, 4.5158413e-7, 2.9464115e-7
0.041, 4.6365537e-7, 2.9155737e-7
0.040, 4.2059787e-7, 3.3159705e-7
0.039, 4.5334860e-7, 2.6817344e-7
0.038, 4.3372455e-7, 3.0410689e-7
0.037, 3.9281090e-7, 2.9973680e-7
0.036, 4.1751412e-7, 3.0559102e-7
0.035, 4.3126744e-7, 2.9365171e-7
0.034, 4.4121140e-7, 2.4861532e-7
0.033, 4.8298256e-7, 2.9802177e-7
0.032, 4.1718431e-7, 2.4658695e-7
0.031, 4.3664346e-7, 3.0077572e-7
0.030, 4.3961177e-7, 2.6045572e-7
0.029, 4.1400159e-7, 2.6761273e-7
0.028, 4.2429181e-7, 3.5479957e-7
0.027, 3.7737550e-7, 2.8972690e-7
0.026, 4.6904790e-7, 3.4736223e-7
0.025, 4.3092115e-7, 2.2909020e-7
0.024, 4.3418635e-7, 2.8844062e-7
0.023, 4.4881364e-7, 3.1759635e-7
0.022, 4.1591451e-7, 2.3148138e-7
0.021, 4.4668633e-7, 3.4236552e-7
0.020, 3.8428516e-7, 2.4643856e-7
0.019, 4.2401149e-7, 3.2790308e-7
0.018, 3.9076602e-7, 2.5773477e-7
0.017, 4.2607286e-7, 2.8791291e-7
0.016, 4.6848720e-7, 2.8238850e-7
0.015, 3.9665323e-7, 2.6500717e-7
0.014, 4.8237246e-7, 2.3662651e-7
0.013, 3.9775813e-7, 2.7669915e-7
0.012, 4.6791001e-7, 2.9561411e-7
0.011, 4.1459523e-7, 2.7569322e-7
0.010, 3.5819670e-7, 2.9556463e-7
0.009, 4.5476682e-7, 3.2247763e-7
0.008, 3.5503047e-7, 3.4248097e-7
0.007, 4.4332222e-7, 2.3839102e-7
0.006, 4.1400159e-7, 2.3524129e-7
0.005, 4.4446006e-7, 3.0475002e-7
0.004, 4.5339809e-7, 2.4629014e-7
0.003, 3.5554169e-7, 2.7165299e-7
0.002, 5.0275503e-7, 2.4106254e-7
0.001, 3.6200606e-7, 2.8085483e-7
-0.000, 4.1248444e-7, 2.9050196e-7
-0.001, 4.0639929e-7, 2.7252699e-7
-0.002, 4.3397193e-7, 3.0193010e-7
-0.003, 4.5702606e-7, 2.8392213e-7
-0.004, 3.8032738e-7, 2.1673860e-7
-0.005, 4.4709859e-7, 2.6647487e-7
-0.006, 4.9531775e-7, 2.8865497e-7
-0.007, 4.4154120e-7, 2.5103947e-7
-0.008, 3.6967430e-7, 2.7528094e-7
-0.009, 3.9282742e-7, 2.7018530e-7
-0.010, 3.8713807e-7, 2.9455870e-7
-0.011, 4.0547582e-7, 2.4018851e-7
-0.012, 4.4272855e-7, 2.5702565e-7
-0.013, 4.1289670e-7, 2.8883639e-7
-0.014, 4.3390597e-7, 2.1306114e-7
-0.015, 3.9368490e-7, 2.4594380e-7
-0.016, 4.5682822e-7, 2.1724982e-7
-0.017, 3.9914335e-7, 3.0249078e-7
-0.018, 3.5517888e-7, 2.6612855e-7
-0.019, 3.9201933e-7, 2.9182121e-7
-0.020, 3.9569679e-7, 3.1240174e-7
-0.021, 4.1570013e-7, 2.1598002e-7
-0.022, 4.3017906e-7, 2.5514569e-7
-0.023, 3.9657078e-7, 2.2064691e-7
-0.024, 4.3057483e-7, 3.0189710e-7
-0.025, 4.2434129e-7, 2.0151759e-7
-0.026, 4.0026475e-7, 2.4859884e-7
-0.027, 3.9404770e-7, 3.4427845e-7
-0.028, 3.4574614e-7, 2.4600979e-7
-0.029, 4.2323643e-7, 2.9450922e-7
-0.030, 3.9155759e-7, 2.1607897e-7
-0.031, 3.8839136e-7, 2.7714441e-7
-0.032, 3.9774164e-7, 2.5021492e-7
-0.033, 4.0420605e-7, 1.8273455e-7
-0.034, 4.3557154e-7, 3.1113194e-7
-0.035, 3.6804170e-7, 1.9140873e-7
-0.036, 3.9121130e-7, 2.9925857e-7
-0.037, 3.8436758e-7, 2.5432115e-7
-0.038, 3.8232275e-7, 3.0009960e-7
-0.039, 4.2227998e-7, 2.6228619e-7
-0.040, 3.8654440e-7, 2.1692000e-7
-0.041, 4.4769229e-7, 2.3517532e-7
-0.042, 3.8331217e-7, 2.5329871e-7
-0.043, 4.3075624e-7, 2.1729927e-7
-0.044, 3.9701604e-7, 2.1471024e-7
-0.045, 3.3344401e-7, 3.0745451e-7
-0.046, 3.9198636e-7, 2.7432446e-7
-0.047, 3.3499413e-7, 2.7254347e-7
-0.048, 4.2147190e-7, 2.3761595e-7
-0.049, 3.5727322e-7, 2.6385283e-7
-0.050, 4.0626739e-7, 2.5486534e-7
-0.051, 4.2295608e-7, 2.0262246e-7
-0.052, 3.3845720e-7, 2.5761929e-7
-0.053, 4.4226681e-7, 2.0986194e-7
-0.054, 3.3659376e-7, 2.5136927e-7
-0.055, 3.8807804e-7, 2.7109229e-7
-0.056, 3.5456873e-7, 2.6949266e-7
-0.057, 3.7961826e-7, 2.5225978e-7
-0.058, 4.4688423e-7, 2.5080860e-7
-0.059, 3.3558783e-7, 2.4305791e-7
-0.060, 4.2058139e-7, 2.5852628e-7
-0.061, 3.9789006e-7, 2.2917268e-7
-0.062, 4.0155101e-7, 2.0493118e-7
-0.063, 3.4492160e-7, 2.5557443e-7
-0.064, 3.6428179e-7, 2.6365493e-7
-0.065, 3.8153115e-7, 2.8045906e-7
-0.066, 3.7394543e-7, 2.5077563e-7
-0.067, 3.9457544e-7, 2.7763912e-7
-0.068, 3.8418619e-7, 2.7223012e-7
-0.069, 4.2445674e-7, 1.9281045e-7
-0.070, 3.4558124e-7, 2.3901771e-7
-0.071, 4.2618828e-7, 2.3045894e-7
-0.072, 3.7791972e-7, 2.4472348e-7
-0.073, 3.5361228e-7, 2.5046231e-7
-0.074, 3.7016900e-7, 2.7856262e-7
-0.075, 3.5799883e-7, 2.8801185e-7
-0.076, 3.9333861e-7, 2.0869111e-7
-0.077, 3.5902121e-7, 2.2724325e-7
-0.078, 3.6657403e-7, 2.5382641e-7
-0.079, 4.0605298e-7, 2.3759947e-7
-0.080, 3.8972709e-7, 2.0120427e-7
-0.081, 3.7772182e-7, 2.4163973e-7
-0.082, 3.9017237e-7, 3.2984903e-7
-0.083, 3.2338460e-7, 2.5752036e-7
-0.084, 3.9737884e-7, 2.6663977e-7
-0.085, 3.5300206e-7, 2.3802822e-7
-0.086, 3.7180158e-7, 2.7613848e-7
-0.087, 3.8557144e-7, 2.2338440e-7
-0.088, 3.8182804e-7, 1.8613169e-7
-0.089, 4.2745808e-7, 3.0803170e-7
-0.090, 3.4919270e-7, 2.0405717e-7
-0.091, 3.8868819e-7, 2.6830534e-7
-0.092, 3.6482601e-7, 2.6807447e-7
-0.093, 3.5808128e-7, 2.8184431e-7
-0.094, 3.7559451e-7, 2.6644187e-7
-0.095, 3.5839460e-7, 1.8153074e-7
-0.096, 4.0532740e-7, 3.3111880e-7
-0.097, 3.7905755e-7, 1.9589422e-7
-0.098, 4.1032416e-7, 2.1941011e-7
-0.099, 3.7821655e-7, 2.2699589e-7
-0.100, 3.2265902e-7, 2.7979945e-7
-0.101, 3.8126734e-7, 2.3824261e-7
-0.102, 3.2943674e-7, 2.6771167e-7
-0.103, 3.9388280e-7, 2.7420907e-7
-0.104, 3.3037674e-7, 2.5710810e-7
-0.105, 3.7864530e-7, 2.3031052e-7
-0.106, 4.3774833e-7, 2.4099657e-7
-0.107, 3.4878045e-7, 2.9574605e-7
-0.108, 4.2389601e-7, 1.8946282e-7
-0.109, 3.3839123e-7, 2.4793920e-7
-0.110, 3.6757996e-7, 2.7359889e-7
-0.111, 3.4239852e-7, 2.6960814e-7
-0.112, 3.3898493e-7, 2.4929145e-7
-0.113, 4.5316722e-7, 2.4040293e-7
-0.114, 3.0738855e-7, 3.3214127e-7
-0.115, 4.2602335e-7, 2.4881319e-7
-0.116, 3.8075612e-7, 2.1329203e-7
-0.117, 4.0865854e-7, 2.2445630e-7
-0.118, 3.5982930e-7, 2.9102969e-7
-0.119, 3.3825933e-7, 2.2539628e-7
-0.120, 3.9403122e-7, 2.6654084e-7
-0.121, 3.4498757e-7, 2.5765229e-7
-0.122, 3.7279111e-7, 2.5019844e-7
-0.123, 3.8943028e-7, 2.2915617e-7
-0.124, 4.2625419e-7, 2.4935741e-7
-0.125, 3.6205554e-7, 3.0808116e-7
-0.126, 3.9511960e-7, 2.3350975e-7
-0.127, 3.7580890e-7, 2.7148806e-7
-0.128, 3.5164987e-7, 2.5179804e-7
-0.129, 3.6891572e-7, 2.8578557e-7
-0.130, 3.4782397e-7, 2.8154744e-7
-0.131, 3.9356945e-7, 2.4228285e-7
-0.132, 3.2595716e-7, 3.1258315e-7
-0.133, 3.7554503e-7, 2.4846690e-7
-0.134, 4.2854646e-7, 2.3087122e-7
-0.135, 4.0331554e-7, 2.3141541e-7
-0.136, 3.8547248e-7, 2.7203225e-7
-0.137, 3.7927194e-7, 3.0150130e-7
-0.138, 3.5778444e-7, 2.6340757e-7
-0.139, 3.8461496e-7, 3.1645848e-7
-0.140, 3.5138601e-7, 2.4117799e-7
-0.141, 3.6365515e-7, 3.4231604e-7
-0.142, 3.8379045e-7, 2.8796237e-7
-0.143, 3.8596721e-7, 2.3413641e-7
-0.144, 4.1804179e-7, 2.7486871e-7
-0.145, 3.6083523e-7, 2.1225311e-7
-0.146, 3.8242166e-7, 3.0239184e-7
-0.147, 3.7712812e-7, 3.0394199e-7
-0.148, 3.7782075e-7, 2.8646173e-7
-0.149, 3.8243817e-7, 3.2143870e-7
-0.150, 3.4760961e-7, 2.0460138e-7
-0.151, 4.2467110e-7, 3.5582201e-7
-0.152, 3.8736891e-7, 2.2415945e-7
-0.153, 4.1908072e-7, 3.0143536e-7
-0.154, 4.2289011e-7, 3.1888263e-7
-0.155, 3.5821319e-7, 2.8547225e-7
-0.156, 3.9447644e-7, 2.9965435e-7
-0.157, 3.3941367e-7, 2.4942338e-7
-0.158, 4.0623439e-7, 2.9262930e-7
-0.159, 3.6027456e-7, 3.1217084e-7
-0.160, 3.9685111e-7, 2.8814378e-7
-0.161, 4.6264944e-7, 3.1058778e-7
-0.162, 3.8784717e-7, 3.0756993e-7
-0.163, 4.4503724e-7, 2.6235216e-7
-0.164, 3.6203906e-7, 3.0016560e-7
-0.165, 4.2453919e-7, 3.3708847e-7
-0.166, 3.8562089e-7, 3.2035032e-7
-0.167, 3.5933459e-7, 3.0562401e-7
-0.168, 4.6781108e-7, 3.0092417e-7
-0.169, 3.4507005e-7, 3.3679166e-7
-0.170, 4.3999108e-7, 2.8192673e-7
-0.171, 4.0174893e-7, 2.6830534e-7
-0.172, 4.3174566e-7, 3.1362208e-7
-0.173, 4.0326603e-7, 2.9805474e-7
-0.174, 3.5770199e-7, 2.8235547e-7
-0.175, 4.7097728e-7, 3.4614192e-7
-0.176, 3.7632009e-7, 3.1499081e-7
-0.177, 4.1269880e-7, 3.0862537e-7
-0.178, 4.0414008e-7, 3.5724020e-7
-0.179, 4.5278793e-7, 3.5956543e-7
-0.180, 4.3428525e-7, 3.2946974e-7
-0.181, 4.1664009e-7, 2.7823279e-7
-0.182, 4.2791979e-7, 3.3176192e-7
-0.183, 4.0412357e-7, 3.0786677e-7
-0.184, 4.3479648e-7, 2.8327898e-7
-0.185, 3.9292632e-7, 3.5153442e-7
-0.186, 4.5161707e-7, 3.6477655e-7
-0.187, 3.9820338e-7, 3.6279764e-7
-0.188, 4.4502079e-7, 2.9902770e-7
-0.189, 4.6843769e-7, 3.1246771e-7
-0.190, 4.6141264e-7, 3.4688404e-7
-0.191, 4.6838827e-7, 2.9990173e-7
-0.192, 4.3916657e-7, 3.7208196e-7
-0.193, 4.5974704e-7, 3.5851002e-7
-0.194, 4.5239216e-7, 3.8431816e-7
-0.195, 4.2526483e-7, 3.2251060e-7
-0.196, 4.3939741e-7, 3.9568030e-7
-0.197, 4.5412366e-7, 4.0085843e-7
-0.198, 4.5105639e-7, 3.1543607e-7
-0.199, 5.0819705e-7, 3.4020522e-7
-0.200, 4.4718104e-7, 3.2750731e-7
-0.201, 4.7500106e-7, 4.0135313e-7
-0.202, 4.7914023e-7, 3.2414320e-7
-0.203, 4.6080248e-7, 3.3685760e-7
-0.204, 4.7244498e-7, 4.7935458e-7
-0.205, 4.2679841e-7, 3.2589119e-7
-0.206, 5.1856972e-7, 4.1644219e-7
-0.207, 4.7986583e-7, 3.2978303e-7
-0.208, 4.9787377e-7, 4.1637625e-7
-0.209, 5.1337514e-7, 3.7488536e-7
-0.210, 4.8491199e-7, 3.6299551e-7
-0.211, 5.1045623e-7, 4.9784080e-7
-0.212, 4.5562436e-7, 3.7091110e-7
-0.213, 5.1388633e-7, 4.2635318e-7
-0.214, 4.8215804e-7, 4.0618494e-7
-0.215, 5.0697673e-7, 4.5999440e-7
-0.216, 5.4823670e-7, 3.4037015e-7
-0.217, 5.0095758e-7, 3.6929501e-7
-0.218, 5.7005400e-7, 4.1212161e-7
-0.219, 5.0631706e-7, 4.1451278e-7
-0.220, 5.6687134e-7, 4.2010316e-7
-0.221, 5.1504071e-7, 4.1279776e-7
-0.222, 4.7635331e-7, 5.1363901e-7
-0.223, 5.6842146e-7, 4.1405104e-7
-0.224, 4.8637969e-7, 4.6215470e-7
-0.225, 5.6614567e-7, 4.0291974e-7
-0.226, 5.3346093e-7, 4.0145207e-7
-0.227, 5.7290697e-7, 4.2429184e-7
-0.228, 5.8819393e-7, 4.3588483e-7
-0.229, 5.0491536e-7, 4.8712178e-7
-0.230, 6.3410431e-7, 4.2572654e-7
-0.231, 5.1711856e-7, 4.6266592e-7
-0.232, 5.6896567e-7, 5.1944380e-7
-0.233, 5.4383366e-7, 5.1213834e-7
-0.234, 5.8479679e-7, 4.3806165e-7
-0.235, 6.0613593e-7, 4.6962504e-7
-0.236, 5.5801570e-7, 4.6083545e-7
-0.237, 5.9665365e-7, 4.7976687e-7
-0.238, 5.9624142e-7, 5.0700970e-7
-0.239, 6.1048945e-7, 4.7058148e-7
-0.240, 5.5549265e-7, 5.3240552e-7
-0.241, 5.9253097e-7, 4.9442724e-7
-0.242, 5.7477041e-7, 5.0677880e-7
-0.243, 6.2000470e-7, 4.9251429e-7
-0.244, 6.2518279e-7, 5.5870834e-7
-0.245, 6.2402842e-7, 4.9436125e-7
-0.246, 6.4251458e-7, 4.5066062e-7
-0.247, 6.0105674e-7, 5.3743526e-7
-0.248, 6.5757069e-7, 5.0255721e-7
-0.249, 6.1329285e-7, 5.2448996e-7
-0.250, 5.9487263e-7, 5.1886661e-7
-0.251, 6.1360623e-7, 5.9454283e-7
-0.252, 6.2046638e-7, 5.5752099e-7
-0.253, 6.4091500e-7, 4.7056503e-7
-0.254, 6.6329306e-7, 5.4886334e-7
-0.255, 6.3774877e-7, 4.9922602e-7
-0.256, 6.6464526e-7, 5.7003751e-7
-0.257, 5.9442743e-7, 5.1779472e-7
-0.258, 6.4079956e-7, 5.6139635e-7
-0.259, 6.4929236e-7, 6.1739911e-7
-0.260, 5.9617543e-7, 5.2448996e-7
-0.261, 6.7419342e-7, 5.9663716e-7
-0.262, 6.5041377e-7, 5.3073995e-7
-0.263, 6.5409114e-7, 5.5211200e-7
-0.264, 6.7927260e-7, 5.6246824e-7
-0.265, 6.5267295e-7, 5.3370832e-7
-0.266, 7.0074356e-7, 6.2646899e-7
-0.267, 6.2559502e-7, 4.7244498e-7
-0.268, 6.7069743e-7, 6.2971776e-7
-0.269, 6.3666039e-7, 5.7394584e-7
-0.270, 6.4751134e-7, 5.5796630e-7
-0.271, 6.9934191e-7, 5.6749792e-7
-0.272, 6.5536096e-7, 5.8941424e-7
-0.273, 7.0608661e-7, 6.2176917e-7
-0.274, 6.5239260e-7, 5.2666672e-7
-0.275, 7.0565795e-7, 5.6462852e-7
-0.276, 6.6045664e-7, 5.9210225e-7
-0.277, 5.9916033e-7, 6.0964840e-7
-0.278, 6.8306554e-7, 5.9155809e-7
-0.279, 6.0827972e-7, 6.2449016e-7
-0.280, 6.8679242e-7, 5.8294989e-7
-0.281, 6.3694074e-7, 5.4561468e-7
-0.282, 6.7838215e-7, 5.8486273e-7
-0.283, 7.1718500e-7, 5.6553557e-7
-0.284, 5.8915037e-7, 5.9109630e-7
-0.285, 7.1680563e-7, 4.8712178e-7
-0.286, 6.1083574e-7, 6.0333247e-7
-0.287, 6.5166694e-7, 6.3446709e-7
-0.288, 6.1993865e-7, 6.3471441e-7
-0.289, 6.4935830e-7, 6.0097426e-7
-0.290, 7.0542706e-7, 6.2760694e-7
-0.291, 5.9378431e-7, 5.8131729e-7
-0.292, 6.8006420e-7, 5.6941087e-7
-0.293, 6.4998494e-7, 5.5366218e-7
-0.294, 6.5079303e-7, 5.7323672e-7
-0.295, 6.0072693e-7, 6.1022564e-7
-0.296, 6.2023560e-7, 5.8961217e-7
-0.297, 6.3374148e-7, 6.7404494e-7
-0.298, 6.2259369e-7, 5.7381391e-7
-0.299, 6.4177254e-7, 5.5064430e-7
-0.300, 6.1843809e-7, 6.0745521e-7
-0.301, 6.5092490e-7, 5.5920310e-7
-0.302, 5.9866551e-7, 5.6035742e-7
-0.303, 6.5671315e-7, 5.4883037e-7
-0.304, 5.9581265e-7, 6.3130079e-7
-0.305, 5.7688123e-7, 5.7848081e-7
-0.306, 5.9609306e-7, 5.6650850e-7
-0.307, 5.7872819e-7, 5.9335554e-7
-0.308, 6.0818070e-7, 5.5018256e-7
-0.309, 5.8694059e-7, 5.4195368e-7
-0.310, 5.9210225e-7, 5.1781115e-7
-0.311, 6.0872497e-7, 5.9216819e-7
-0.312, 5.9167348e-7, 5.1791011e-7
-0.313, 5.7378099e-7, 5.2709549e-7
-0.314, 5.8397228e-7, 6.3037731e-7
-0.315, 5.3321355e-7, 5.2796952e-7
-0.316, 5.8789703e-7, 5.7661731e-7
-0.317, 5.6454610e-7, 5.2265949e-7
-0.318, 5.5361272e-7, 6.2026851e-7
-0.319, 5.5699331e-7, 5.4310806e-7
-0.320, 5.6952632e-7, 4.2815068e-7
-0.321, 6.0092475e-7, 5.6622821e-7
-0.322, 5.2049916e-7, 4.9335534e-7
-0.323, 5.6154482e-7, 5.8669326e-7
-0.324, 5.3888641e-7, 5.0163374e-7
-0.325, 5.2900839e-7, 5.3647875e-7
-0.326, 5.5623474e-7, 5.5301905e-7
-0.327, 5.2246156e-7, 4.5545946e-7
-0.328, 5.7655143e-7, 5.8130075e-7
-0.329, 5.3039366e-7, 5.0511323e-7
-0.330, 5.6291356e-7, 5.0897211e-7
-0.331, 5.2930523e-7, 5.1415014e-7
-0.332, 4.7857958e-7, 5.8459898e-7
-0.333, 5.2416010e-7, 5.4389966e-7
-0.334, 4.7170286e-7, 5.2950315e-7
-0.335, 5.5092465e-7, 5.3761664e-7
-0.336, 4.7117518e-7, 5.3598404e-7
-0.337, 5.0729005e-7, 4.7905780e-7
-0.338, 5.7434164e-7, 4.4086508e-7
-0.339, 4.7697995e-7, 5.0776828e-7
-0.340, 5.6363911e-7, 4.6850369e-7
-0.341, 4.7038361e-7, 5.2209879e-7
-0.342, 5.1086857e-7, 5.1142922e-7
-0.343, 4.7638628e-7, 5.3548933e-7
-0.344, 4.6053859e-7, 4.7773847e-7
-0.345, 5.5165032e-7, 4.4502079e-7
-0.346, 4.2796930e-7, 5.1944369e-7
-0.347, 5.4417995e-7, 4.6830576e-7
-0.348, 4.8489551e-7, 4.1118165e-7
-0.349, 5.1256706e-7, 4.4533408e-7
-0.350, 4.5039675e-7, 5.2643583e-7
-0.351, 4.4150823e-7, 4.8337836e-7
-0.352, 4.9960533e-7, 4.7406104e-7
-0.353, 4.4850034e-7, 4.5709203e-7
-0.354, 4.5702606e-7, 4.6998790e-7
-0.355, 4.4666987e-7, 4.5069359e-7
-0.356, 5.0760332e-7, 4.4721406e-7
-0.357, 4.6424904e-7, 5.0636652e-7
-0.358, 4.7231305e-7, 3.8616508e-7
-0.359, 4.5775170e-7, 4.7348388e-7
-0.360, 4.3646207e-7, 4.6555184e-7
-0.361, 4.5387634e-7, 4.6677212e-7
-0.362, 4.1835511e-7, 5.1047272e-7
-0.363, 4.7389616e-7, 4.2674898e-7
-0.364, 4.2153789e-7, 4.7737569e-7
-0.365, 4.5186442e-7, 4.1739867e-7
-0.366, 5.0135333e-7, 4.3733607e-7
-0.367, 4.6098384e-7, 4.1815724e-7
-0.368, 4.5455246e-7, 4.0275484e-7
-0.369, 4.4469095e-7, 4.8034406e-7
-0.370, 4.2239537e-7, 4.3064080e-7
-0.371, 4.4850032e-7, 5.0687777e-7
-0.372, 4.1598045e-7, 4.1017569e-7
-0.373, 4.1541978e-7, 4.6294628e-7
-0.374, 4.3962828e-7, 4.5039675e-7
-0.375, 4.3598382e-7, 3.4328900e-7
-0.376, 4.8418644e-7, 4.1479313e-7
-0.377, 4.1248441e-7, 3.9726342e-7
-0.378, 4.3867180e-7, 4.5471734e-7
-0.379, 4.2599038e-7, 4.1772847e-7
-0.380, 4.2729312e-7, 4.1619484e-7
-0.381, 4.2852997e-7, 4.8318049e-7
-0.382, 3.9531750e-7, 3.7285702e-7
-0.383, 4.6553529e-7, 4.8416990e-7
-0.384, 4.3941387e-7, 3.6222045e-7
-0.385, 4.4967118e-7, 4.4924241e-7
-0.386, 4.4576285e-7, 4.0069349e-7
-0.387, 3.9843425e-7, 4.2117506e-7
-0.388, 4.3143234e-7, 4.6805843e-7
-0.389, 3.6685438e-7, 4.0758661e-7
-0.390, 4.3557156e-7, 4.1433140e-7
-0.391, 3.7881023e-7, 4.3341123e-7
-0.392, 4.2232944e-7, 3.9876406e-7
-0.393, 4.8271875e-7, 3.6126400e-7
-0.394, 4.1352334e-7, 3.7429172e-7
-0.395, 4.7630382e-7, 3.9145866e-7
-0.396, 3.9294284e-7, 4.1431488e-7
-0.397, 4.4732948e-7, 4.1657412e-7
-0.398, 3.9769216e-7, 4.3261969e-7
-0.399, 3.8954570e-7, 4.3895216e-7
-0.400, 4.6612899e-7, 3.9825287e-7
-0.401, 3.6271518e-7, 4.5562433e-7
-0.402, 4.5298583e-7, 3.9459189e-7
-0.403, 4.1218760e-7, 3.3143215e-7
-0.404, 4.3255375e-7, 3.8685772e-7
-0.405, 4.2965132e-7, 4.3524170e-7
-0.406, 3.6593087e-7, 4.1383666e-7
-0.407, 4.6838824e-7, 3.9690059e-7
-0.408, 3.6555159e-7, 4.2317043e-7
-0.409, 4.1010975e-7, 4.2213156e-7
-0.410, 3.9391577e-7, 4.0785051e-7
-0.411, 4.4287697e-7, 3.7643554e-7
-0.412, 4.2823311e-7, 4.2755701e-7
-0.413, 4.1411704e-7, 3.5277120e-7
-0.414, 4.2366517e-7, 3.6452917e-7
-0.415, 4.0471724e-7, 4.2180170e-7
-0.416, 4.2999764e-7, 3.8586828e-7
-0.417, 3.9060112e-7, 4.6259996e-7
-0.418, 4.3980970e-7, 3.8370797e-7
-0.419, 3.7160370e-7, 4.5623455e-7
-0.420, 4.3623118e-7, 3.5308452e-7
-0.421, 4.5254055e-7, 3.9013938e-7
-0.422, 4.2627073e-7, 4.2328585e-7
-0.423, 4.4798909e-7, 3.5648165e-7
-0.424, 4.0644881e-7, 3.9782410e-7
-0.425, 4.3829249e-7, 4.1764599e-7
-0.426, 4.3116850e-7, 4.2762298e-7
-0.427, 3.8189395e-7, 4.0384322e-7
-0.428, 4.1141249e-7, 4.2383010e-7
-0.429, 4.0979640e-7, 4.4798912e-7
-0.430, 4.2350027e-7, 3.3583518e-7
-0.431, 4.5831234e-7, 3.9495470e-7
-0.432, 4.1169284e-7, 4.2005371e-7
-0.433, 4.3761639e-7, 4.4732948e-7
-0.434, 4.4063421e-7, 3.5174878e-7
-0.435, 4.1512294e-7, 3.9533398e-7
-0.436, 4.2160383e-7, 4.5837834e-7
-0.437, 3.7025148e-7, 3.5539327e-7
-0.438, 4.5809796e-7, 4.3100357e-7
-0.439, 4.0768560e-7, 3.6189064e-7
-0.440, 4.3580241e-7, 4.0592113e-7
-0.441, 4.5143568e-7, 3.9408067e-7
-0.442, 4.2328591e-7, 4.2072980e-7
-0.443, 4.6228666e-7, 4.7437439e-7
-0.444, 3.8994148e-7, 3.3527454e-7
-0.445, 4.2157086e-7, 4.4371802e-7
-0.446, 4.0301867e-7, 3.8304833e-7
-0.447, 4.1917968e-7, 4.0851015e-7
-0.448, 4.7005383e-7, 3.8609915e-7
-0.449, 4.1383669e-7, 4.1657415e-7
-0.450, 4.7841462e-7, 3.9253052e-7
-0.451, 4.1959197e-7, 3.8131680e-7
-0.452, 4.6974048e-7, 4.3286704e-7
-0.453, 4.2434129e-7, 3.7155425e-7
-0.454, 3.7879369e-7, 3.9828581e-7
-0.455, 4.6447988e-7, 4.2737562e-7
-0.456, 3.9731293e-7, 4.4175556e-7
-0.457, 4.6937765e-7, 3.6118152e-7
-0.458, 4.3329578e-7, 3.6088471e-7
-0.459, 4.5021537e-7, 3.8665982e-7
-0.460, 4.7061451e-7, 4.1830566e-7
-0.461, 3.8600018e-7, 4.0865854e-7
-0.462, 5.0537710e-7, 3.8654440e-7
-0.463, 3.8347710e-7, 4.0453585e-7
-0.464, 4.5580572e-7, 4.4520215e-7
-0.465, 4.2259330e-7, 4.6586516e-7
-0.466, 4.5862569e-7, 3.7107606e-7
-0.467, 4.7462177e-7, 4.1236896e-7
-0.468, 4.0892243e-7, 2.9109563e-7
-0.469, 4.8207562e-7, 4.1527139e-7
-0.470, 4.4948979e-7, 3.5603640e-7
-0.471, 4.7646876e-7, 3.7101009e-7
-0.472, 4.1499104e-7, 4.1787692e-7
-0.473, 4.4434464e-7, 3.8481284e-7
-0.474, 4.4663688e-7, 4.4053530e-7
-0.475, 4.5696012e-7, 4.1283073e-7
-0.476, 4.8022866e-7, 3.8779768e-7
-0.477, 4.6197329e-7, 3.8882010e-7
-0.478, 4.8210853e-7, 3.9940721e-7
-0.479, 4.3181163e-7, 4.2127402e-7
-0.480, 5.1678876e-7, 3.7173567e-7
-0.481, 4.5061114e-7, 4.3629714e-7
-0.482, 4.2946991e-7, 4.3962831e-7
-0.483, 4.5832883e-7, 4.6909730e-7
-0.484, 4.4770877e-7, 4.2239540e-7
-0.485, 4.5763622e-7, 3.6034049e-7
-0.486, 4.7031764e-7, 3.6886627e-7
-0.487, 4.5323321e-7, 3.7843091e-7
-0.488, 4.9492189e-7, 4.4581236e-7
-0.489, 4.8003074e-7, 3.9022183e-7
-0.490, 4.6687106e-7, 4.1875094e-7
-0.491, 4.6589810e-7, 5.4107966e-7
-0.492, 4.2963487e-7, 4.2481952e-7
-0.493, 4.8690742e-7, 4.4017247e-7
-0.494, 4.6014287e-7, 4.0859260e-7
-0.495, 4.6123125e-7, 4.4873121e-7
-0.496, 4.8525834e-7, 3.9193688e-7
-0.497, 4.7132363e-7, 3.4274484e-7
-0.498, 5.2119174e-7, 4.9945686e-7
-0.499, 4.4554847e-7, 3.7509977e-7
-0.500, 4.4290991e-7, 4.5582226e-7
