July 12, 2006   23:19:07
Square Wave Voltammetry
File: f:\07_02_19_wt\ida_2\tran_1\swv_2.txt
Data Source:  Experiment
Instrument Model:  CHI760B
Header: 
Note: 

Init E (V) = 0.1
Final E (V) = -0.5
Incr E (V) = 0.001
Amplitude (V) = 0.025
Frequency (Hz) = 300
Quiet Time (sec) = 2
Sensitivity (A/V) = 1e-6
Sens 2 (A/V) = 1e-6

Potential/V, i1/A, i2/A

0.099, 5.9950662e-7, 4.7775495e-7
0.098, 7.9566468e-7, 5.4846754e-7
0.097, 7.1293033e-7, 5.6485936e-7
0.096, 7.5898919e-7, 6.0941761e-7
0.095, 7.1655836e-7, 5.5969787e-7
0.094, 6.5560835e-7, 5.6827298e-7
0.093, 7.5544358e-7, 5.0458556e-7
0.092, 6.4442753e-7, 6.0161744e-7
0.091, 7.3608345e-7, 5.3977692e-7
0.090, 6.9477392e-7, 5.1660732e-7
0.089, 7.2556224e-7, 5.1314430e-7
0.088, 7.4109658e-7, 5.5059485e-7
0.087, 6.2993212e-7, 5.3809481e-7
0.086, 7.6487629e-7, 5.0105649e-7
0.085, 6.3915053e-7, 5.7755733e-7
0.084, 6.8717168e-7, 5.3014628e-7
0.083, 6.7049945e-7, 5.3766610e-7
0.082, 6.6766307e-7, 5.3219111e-7
0.081, 7.0976415e-7, 5.2219775e-7
0.080, 6.6152853e-7, 4.9632365e-7
0.079, 6.9742896e-7, 5.7806858e-7
0.078, 6.8110307e-7, 5.2618850e-7
0.077, 6.8154833e-7, 4.7983286e-7
0.076, 6.4503769e-7, 5.4515294e-7
0.075, 6.6530492e-7, 5.1756376e-7
0.074, 6.5074352e-7, 5.3532438e-7
0.073, 6.7528185e-7, 5.3182839e-7
0.072, 6.7958592e-7, 5.2737585e-7
0.071, 6.6321059e-7, 4.8784739e-7
0.070, 6.8642959e-7, 4.8243840e-7
0.069, 6.4813793e-7, 5.2082896e-7
0.068, 6.8463214e-7, 4.5009989e-7
0.067, 6.4337212e-7, 5.3349390e-7
0.066, 6.2739252e-7, 5.0235928e-7
0.065, 6.4286093e-7, 5.0837843e-7
0.064, 6.3062475e-7, 5.0851037e-7
0.063, 6.4795654e-7, 4.3285056e-7
0.062, 6.8295003e-7, 4.5620152e-7
0.061, 6.4345460e-7, 4.3098709e-7
0.060, 6.6202318e-7, 5.2605657e-7
0.059, 6.6512348e-7, 4.5969759e-7
0.058, 6.4587874e-7, 4.7503403e-7
0.057, 6.3235632e-7, 5.4056846e-7
0.056, 6.0003435e-7, 4.2815066e-7
0.055, 6.6550274e-7, 5.3633033e-7
0.054, 6.1391961e-7, 4.8108615e-7
0.053, 6.4996846e-7, 4.4571334e-7
0.052, 6.5738931e-7, 4.5709206e-7
0.051, 6.4475734e-7, 4.5023188e-7
0.050, 6.8065776e-7, 5.2010341e-7
0.049, 6.1180873e-7, 4.2749107e-7
0.048, 6.6141308e-7, 5.5024856e-7
0.047, 6.2412732e-7, 4.4469095e-7
0.046, 6.4457595e-7, 4.7518245e-7
0.045, 6.7279171e-7, 5.3270236e-7
0.044, 6.2836546e-7, 4.4060124e-7
0.043, 6.9929240e-7, 4.8006370e-7
0.042, 6.2707920e-7, 4.7689753e-7
0.041, 6.7777194e-7, 4.5209532e-7
0.040, 6.3529160e-7, 4.4683475e-7
0.039, 6.0989578e-7, 5.1439758e-7
0.038, 6.7665059e-7, 4.5545946e-7
0.037, 5.8885354e-7, 4.9304197e-7
0.036, 6.5179893e-7, 4.6721738e-7
0.035, 6.3332925e-7, 4.5423911e-7
0.034, 6.6405164e-7, 4.3779781e-7
0.033, 6.9566443e-7, 4.8078925e-7
0.032, 5.8482976e-7, 4.9145888e-7
0.031, 7.3517646e-7, 3.9591117e-7
0.030, 6.1058842e-7, 5.0107303e-7
0.029, 6.5903839e-7, 4.9309142e-7
0.028, 6.4810501e-7, 4.5857621e-7
0.027, 6.3469793e-7, 4.9380060e-7
0.026, 7.1337558e-7, 4.9135991e-7
0.025, 6.1581596e-7, 4.2157086e-7
0.024, 6.9622513e-7, 4.8342781e-7
0.023, 6.6787743e-7, 4.7665014e-7
0.022, 6.7605686e-7, 4.0117175e-7
0.021, 6.6103377e-7, 4.9492195e-7
0.020, 6.5155155e-7, 5.2135670e-7
0.019, 6.5836230e-7, 5.0084213e-7
0.018, 6.6556879e-7, 4.5885656e-7
0.017, 6.8293355e-7, 5.3453283e-7
0.016, 6.7142298e-7, 4.6058807e-7
0.015, 6.9838541e-7, 4.6109929e-7
0.014, 6.5338202e-7, 4.9413035e-7
0.013, 6.9437817e-7, 4.3125095e-7
0.012, 6.5801595e-7, 4.9680187e-7
0.011, 6.4602716e-7, 4.8755055e-7
0.010, 6.6349088e-7, 4.7932167e-7
0.009, 6.5295330e-7, 5.1068713e-7
0.008, 6.7185175e-7, 4.6228661e-7
0.007, 6.8519284e-7, 4.5067713e-7
0.006, 6.6889993e-7, 4.3268568e-7
0.005, 6.8962879e-7, 4.9937444e-7
0.004, 6.8784783e-7, 4.6256696e-7
0.003, 6.6667360e-7, 4.5575626e-7
0.002, 6.7480357e-7, 5.4264626e-7
0.001, 6.1550264e-7, 4.5831237e-7
-0.000, 6.8858992e-7, 4.9767590e-7
-0.001, 6.5367885e-7, 4.7615538e-7
-0.002, 6.6438145e-7, 4.8116863e-7
-0.003, 6.7996518e-7, 4.5402476e-7
-0.004, 6.8260374e-7, 4.3670940e-7
-0.005, 6.9737951e-7, 5.3059154e-7
-0.006, 6.4365247e-7, 4.1629380e-7
-0.007, 6.9413085e-7, 5.1367192e-7
-0.008, 6.5844472e-7, 4.7011974e-7
-0.009, 6.5560829e-7, 4.9004063e-7
-0.010, 6.9010707e-7, 4.8400500e-7
-0.011, 6.4032133e-7, 4.1492504e-7
-0.012, 7.0654841e-7, 5.1172606e-7
-0.013, 6.4145917e-7, 4.3611573e-7
-0.014, 7.0326666e-7, 4.4625756e-7
-0.015, 6.5463530e-7, 4.3257023e-7
-0.016, 6.2051583e-7, 4.6215470e-7
-0.017, 6.7884389e-7, 5.0181507e-7
-0.018, 5.9140962e-7, 4.6683809e-7
-0.019, 6.7661756e-7, 4.4286048e-7
-0.020, 6.3106995e-7, 4.4436115e-7
-0.021, 6.6921325e-7, 4.2232944e-7
-0.022, 6.9853388e-7, 4.3919951e-7
-0.023, 5.9495517e-7, 4.9256374e-7
-0.024, 7.1589864e-7, 3.8207537e-7
-0.025, 6.0207913e-7, 4.5249112e-7
-0.026, 6.5000143e-7, 5.1507368e-7
-0.027, 6.2523225e-7, 4.4480637e-7
-0.028, 6.0851062e-7, 4.3731958e-7
-0.029, 6.9797318e-7, 4.6649180e-7
-0.030, 5.8431857e-7, 4.2610583e-7
-0.031, 6.6967493e-7, 4.2826613e-7
-0.032, 6.3456605e-7, 4.3461506e-7
-0.033, 6.4357005e-7, 4.4236575e-7
-0.034, 6.3130085e-7, 4.3436773e-7
-0.035, 6.0730673e-7, 4.6861911e-7
-0.036, 6.2547963e-7, 4.7274182e-7
-0.037, 6.0390971e-7, 4.1228654e-7
-0.038, 6.3830947e-7, 4.2392901e-7
-0.039, 6.1482655e-7, 4.3202601e-7
-0.040, 6.4584572e-7, 4.2290662e-7
-0.041, 6.0646573e-7, 3.9467437e-7
-0.042, 6.3885363e-7, 4.1929511e-7
-0.043, 6.0466823e-7, 4.3360910e-7
-0.044, 5.9856660e-7, 3.9703255e-7
-0.045, 6.0262335e-7, 4.1738221e-7
-0.046, 5.8049272e-7, 4.2315395e-7
-0.047, 6.2058189e-7, 3.7021849e-7
-0.048, 5.9187136e-7, 4.3242181e-7
-0.049, 5.9737926e-7, 3.4030418e-7
-0.050, 6.2373158e-7, 4.1256686e-7
-0.051, 6.0428897e-7, 3.8926535e-7
-0.052, 5.9996836e-7, 3.9393228e-7
-0.053, 5.9046965e-7, 4.6390272e-7
-0.054, 5.4472417e-7, 4.2933800e-7
-0.055, 5.9396564e-7, 4.3003064e-7
-0.056, 5.7135674e-7, 3.8543948e-7
-0.057, 5.7341816e-7, 4.6964155e-7
-0.058, 5.8657781e-7, 3.7387946e-7
-0.059, 6.0329944e-7, 3.0778432e-7
-0.060, 6.2760694e-7, 4.9338826e-7
-0.061, 5.6550260e-7, 3.6418288e-7
-0.062, 5.9955607e-7, 4.2170279e-7
-0.063, 5.6901513e-7, 4.0425550e-7
-0.064, 5.5313450e-7, 4.1383666e-7
-0.065, 5.8939770e-7, 4.0760312e-7
-0.066, 5.5930207e-7, 3.5536027e-7
-0.067, 6.1476067e-7, 4.3903458e-7
-0.068, 5.5077635e-7, 3.4050208e-7
-0.069, 6.0140303e-7, 3.5244142e-7
-0.070, 5.7298939e-7, 3.8867168e-7
-0.071, 5.3659420e-7, 3.3212473e-7
-0.072, 5.8918334e-7, 3.8553844e-7
-0.073, 5.1959216e-7, 4.0395869e-7
-0.074, 5.9205274e-7, 4.1729976e-7
-0.075, 5.4180526e-7, 3.5846057e-7
-0.076, 5.6589835e-7, 3.8037680e-7
-0.077, 6.1332588e-7, 3.6324286e-7
-0.078, 5.2419313e-7, 3.9259655e-7
-0.079, 6.2772233e-7, 3.6485898e-7
-0.080, 5.3816086e-7, 3.8807801e-7
-0.081, 5.7373143e-7, 4.2082877e-7
-0.082, 5.4274523e-7, 4.1576607e-7
-0.083, 5.2064757e-7, 3.7612219e-7
-0.084, 6.2970128e-7, 3.7119145e-7
-0.085, 4.9294300e-7, 4.6154454e-7
-0.086, 6.1452971e-7, 3.5874092e-7
-0.087, 5.5908765e-7, 3.3903439e-7
-0.088, 5.8623152e-7, 3.9521856e-7
-0.089, 5.8253761e-7, 4.0725683e-7
-0.090, 5.3377426e-7, 3.7638605e-7
-0.091, 5.6885017e-7, 4.2923909e-7
-0.092, 5.4201968e-7, 3.9358594e-7
-0.093, 5.4347089e-7, 4.0249097e-7
-0.094, 5.4767600e-7, 4.2155435e-7
-0.095, 5.8674271e-7, 3.5842757e-7
-0.096, 5.5193061e-7, 3.5376067e-7
-0.097, 5.7808506e-7, 3.5427189e-7
-0.098, 5.5851041e-7, 4.0356292e-7
-0.099, 5.4254735e-7, 3.3680811e-7
-0.100, 5.7162066e-7, 3.9223372e-7
-0.101, 5.2767268e-7, 4.3227334e-7
-0.102, 5.6815759e-7, 3.2226325e-7
-0.103, 5.2620499e-7, 3.9500415e-7
-0.104, 5.6619518e-7, 3.8412023e-7
-0.105, 5.7361603e-7, 3.7016900e-7
-0.106, 5.5555864e-7, 3.3131670e-7
-0.107, 5.7274201e-7, 3.8918290e-7
-0.108, 5.5542665e-7, 4.0509656e-7
-0.109, 5.1250117e-7, 3.8314727e-7
-0.110, 5.6179215e-7, 4.2424233e-7
-0.111, 5.2384678e-7, 3.7895865e-7
-0.112, 5.3738574e-7, 4.1161042e-7
-0.113, 5.5176571e-7, 4.0250748e-7
-0.114, 5.5390950e-7, 3.1640897e-7
-0.115, 5.8908444e-7, 4.2785385e-7
-0.116, 5.2815091e-7, 3.8778120e-7
-0.117, 5.7566092e-7, 3.9572976e-7
-0.118, 5.4190423e-7, 3.9586166e-7
-0.119, 5.3235607e-7, 4.0311764e-7
-0.120, 5.4305860e-7, 4.4643900e-7
-0.121, 5.2096090e-7, 3.1001059e-7
-0.122, 5.7444061e-7, 4.4760981e-7
-0.123, 5.2833229e-7, 3.5984579e-7
-0.124, 5.6723411e-7, 3.7414330e-7
-0.125, 5.4591152e-7, 3.8237221e-7
-0.126, 5.0966474e-7, 3.5658061e-7
-0.127, 5.5046291e-7, 4.0275484e-7
-0.128, 4.8557160e-7, 3.9988544e-7
-0.129, 5.6479342e-7, 4.0418956e-7
-0.130, 4.8740213e-7, 3.8926538e-7
-0.131, 5.5171625e-7, 3.9785706e-7
-0.132, 5.8492867e-7, 3.8926538e-7
-0.133, 5.0681183e-7, 3.8319675e-7
-0.134, 5.9010688e-7, 3.2033381e-7
-0.135, 5.0816402e-7, 4.1703589e-7
-0.136, 5.4772551e-7, 4.2173576e-7
-0.137, 5.0570691e-7, 3.9152462e-7
-0.138, 5.0438769e-7, 4.4442714e-7
-0.139, 5.9853369e-7, 3.5931811e-7
-0.140, 4.8832561e-7, 4.0689406e-7
-0.141, 5.8695713e-7, 3.8482932e-7
-0.142, 5.2260998e-7, 3.4055154e-7
-0.143, 5.6375455e-7, 3.7185112e-7
-0.144, 5.5270567e-7, 3.8318026e-7
-0.145, 4.9086515e-7, 3.7137283e-7
-0.146, 5.7226379e-7, 4.2145541e-7
-0.147, 4.9393248e-7, 4.2112561e-7
-0.148, 5.2336856e-7, 3.9648833e-7
-0.149, 5.2452293e-7, 3.7460504e-7
-0.150, 5.3448332e-7, 4.1472714e-7
-0.151, 5.5217799e-7, 4.0437092e-7
-0.152, 5.3103679e-7, 3.5270523e-7
-0.153, 5.3103679e-7, 4.1645873e-7
-0.154, 5.1947677e-7, 3.6414991e-7
-0.155, 5.3136660e-7, 3.9985247e-7
-0.156, 5.1042332e-7, 4.3492841e-7
-0.157, 5.4911072e-7, 3.9779110e-7
-0.158, 4.9916008e-7, 4.0183136e-7
-0.159, 5.4328950e-7, 3.8192695e-7
-0.160, 5.5183170e-7, 4.0930166e-7
-0.161, 5.3858957e-7, 3.5824615e-7
-0.162, 5.7514967e-7, 3.9122779e-7
-0.163, 5.3233953e-7, 4.4500428e-7
-0.164, 5.2082902e-7, 4.1299560e-7
-0.165, 5.4230003e-7, 4.3713817e-7
-0.166, 5.2864561e-7, 3.9464135e-7
-0.167, 5.1975707e-7, 4.4535059e-7
-0.168, 5.5511339e-7, 4.0916976e-7
-0.169, 5.4396560e-7, 3.6253380e-7
-0.170, 5.8885354e-7, 4.1164338e-7
-0.171, 5.3271884e-7, 3.5277122e-7
-0.172, 5.6128090e-7, 4.3412035e-7
-0.173, 5.4861596e-7, 3.9066708e-7
-0.174, 5.5440427e-7, 4.2099367e-7
-0.175, 5.4693390e-7, 4.9239884e-7
-0.176, 5.2608959e-7, 3.2709502e-7
-0.177, 5.9947359e-7, 4.5062762e-7
-0.178, 5.2552883e-7, 4.0329903e-7
-0.179, 5.8484630e-7, 4.3741852e-7
-0.180, 5.7656791e-7, 3.7686431e-7
-0.181, 5.3141605e-7, 4.1598045e-7
-0.182, 5.7112595e-7, 4.7839819e-7
-0.183, 5.1863572e-7, 3.8651140e-7
-0.184, 5.9749470e-7, 4.7984935e-7
-0.185, 5.4480660e-7, 4.5026482e-7
-0.186, 5.8052569e-7, 4.3849039e-7
-0.187, 6.2414387e-7, 4.3926545e-7
-0.188, 5.5440427e-7, 4.1540326e-7
-0.189, 6.3718807e-7, 4.1662361e-7
-0.190, 5.6485942e-7, 4.6866856e-7
-0.191, 6.0829620e-7, 4.8387307e-7
-0.192, 5.8811145e-7, 4.6883352e-7
-0.193, 5.6779481e-7, 4.7397862e-7
-0.194, 6.6260043e-7, 4.3093763e-7
-0.195, 5.5524526e-7, 4.8492853e-7
-0.196, 6.6746514e-7, 4.3291652e-7
-0.197, 6.2183517e-7, 4.8191072e-7
-0.198, 6.6337543e-7, 4.4185455e-7
-0.199, 6.6334246e-7, 4.6136313e-7
-0.200, 5.9129417e-7, 5.1842136e-7
-0.201, 7.0539397e-7, 5.2417658e-7
-0.202, 6.1012668e-7, 5.0903805e-7
-0.203, 6.5882409e-7, 5.4952295e-7
-0.204, 6.5564126e-7, 5.2361594e-7
-0.205, 6.6832268e-7, 4.9129397e-7
-0.206, 6.9770931e-7, 5.7993202e-7
-0.207, 6.8857344e-7, 4.8822665e-7
-0.208, 7.2096134e-7, 5.1227028e-7
-0.209, 6.9225086e-7, 5.3699000e-7
-0.210, 7.2886041e-7, 5.5377762e-7
-0.211, 7.0867571e-7, 5.6040693e-7
-0.212, 7.4394956e-7, 5.8397228e-7
-0.213, 7.2335251e-7, 6.0437139e-7
-0.214, 7.7084599e-7, 5.5846095e-7
-0.215, 8.0242592e-7, 6.3257067e-7
-0.216, 7.9538432e-7, 6.4048623e-7
-0.217, 8.2419376e-7, 5.7815106e-7
-0.218, 8.2007114e-7, 6.7117566e-7
-0.219, 8.2582636e-7, 6.7909122e-7
-0.220, 8.4167397e-7, 6.7561166e-7
-0.221, 8.3811199e-7, 6.4165704e-7
-0.222, 8.5582320e-7, 7.5153531e-7
-0.223, 8.8283502e-7, 7.1482674e-7
-0.224, 9.1431599e-7, 6.6776204e-7
-0.225, 9.8494604e-7, 7.9246547e-7
-0.226, 9.4528571e-7, 7.0237621e-7
-0.227, 9.9360375e-7, 7.9460926e-7
-0.228, 9.9790793e-7, 7.8878799e-7
-0.229, 1.0181420e-6, 8.1187517e-7
-0.230, 1.0365129e-6, 8.7193462e-7
-0.231, 1.0158333e-6, 8.1645965e-7
-0.232, 1.1262064e-6, 9.4441168e-7
-0.233, 1.0856554e-6, 8.3809550e-7
-0.234, 1.1572751e-6, 9.4930948e-7
-0.235, 1.2057085e-6, 9.2374870e-7
-0.236, 1.1782513e-6, 9.0049673e-7
-0.237, 1.2614308e-6, 1.0658500e-6
-0.238, 1.2159987e-6, 9.5351464e-7
-0.239, 1.3213748e-6, 1.1060876e-6
-0.240, 1.3031691e-6, 1.0708136e-6
-0.241, 1.3639211e-6, 1.1374201e-6
-0.242, 1.4479419e-6, 1.1497058e-6
-0.243, 1.4061047e-6, 1.1475290e-6
-0.244, 1.5239316e-6, 1.2347323e-6
-0.245, 1.4834465e-6, 1.2076379e-6
-0.246, 1.5800990e-6, 1.2738814e-6
-0.247, 1.5718372e-6, 1.3444455e-6
-0.248, 1.5585126e-6, 1.3189674e-6
-0.249, 1.7108547e-6, 1.3418235e-6
-0.250, 1.6263393e-6, 1.4869097e-6
-0.251, 1.7726786e-6, 1.3992280e-6
-0.252, 1.7861846e-6, 1.4362334e-6
-0.253, 1.8439355e-6, 1.5350794e-6
-0.254, 1.9228110e-6, 1.5452870e-6
-0.255, 1.8290443e-6, 1.5563689e-6
-0.256, 2.0377024e-6, 1.6323420e-6
-0.257, 1.9372073e-6, 1.6634106e-6
-0.258, 2.0349978e-6, 1.7392683e-6
-0.259, 2.0640218e-6, 1.7680777e-6
-0.260, 2.0804300e-6, 1.7825566e-6
-0.261, 2.2201893e-6, 1.8275766e-6
-0.262, 2.1564526e-6, 1.8284341e-6
-0.263, 2.2716408e-6, 1.8912970e-6
-0.264, 2.2953711e-6, 1.9099316e-6
-0.265, 2.3202228e-6, 1.9503507e-6
-0.266, 2.3741809e-6, 2.0648956e-6
-0.267, 2.3713444e-6, 2.0114162e-6
-0.268, 2.4328549e-6, 2.0916109e-6
-0.269, 2.4674691e-6, 2.1349651e-6
-0.270, 2.5108070e-6, 2.1506810e-6
-0.271, 2.5435907e-6, 2.1739825e-6
-0.272, 2.5693657e-6, 2.1799522e-6
-0.273, 2.6063713e-6, 2.2264398e-6
-0.274, 2.6408864e-6, 2.2257468e-6
-0.275, 2.6358896e-6, 2.3422215e-6
-0.276, 2.6470043e-6, 2.2700413e-6
-0.277, 2.6696957e-6, 2.3395996e-6
-0.278, 2.7008141e-6, 2.4098174e-6
-0.279, 2.7128358e-6, 2.3104437e-6
-0.280, 2.7784527e-6, 2.3807274e-6
-0.281, 2.7572125e-6, 2.3674525e-6
-0.282, 2.7812889e-6, 2.4260773e-6
-0.283, 2.7981921e-6, 2.3742468e-6
-0.284, 2.7660678e-6, 2.4243457e-6
-0.285, 2.7974170e-6, 2.5031222e-6
-0.286, 2.7487033e-6, 2.3782045e-6
-0.287, 2.8060583e-6, 2.4899132e-6
-0.288, 2.7731755e-6, 2.4276933e-6
-0.289, 2.7720212e-6, 2.4352626e-6
-0.290, 2.8127372e-6, 2.4166939e-6
-0.291, 2.7529579e-6, 2.3596688e-6
-0.292, 2.8079219e-6, 2.4648141e-6
-0.293, 2.7191354e-6, 2.3402920e-6
-0.294, 2.7414637e-6, 2.4783531e-6
-0.295, 2.7012265e-6, 2.3753350e-6
-0.296, 2.6547882e-6, 2.3704208e-6
-0.297, 2.7077401e-6, 2.4335807e-6
-0.298, 2.6139239e-6, 2.2497247e-6
-0.299, 2.6664143e-6, 2.3164630e-6
-0.300, 2.5771992e-6, 2.2867466e-6
-0.301, 2.5834984e-6, 2.2358888e-6
-0.302, 2.5351969e-6, 2.2283029e-6
-0.303, 2.4427495e-6, 2.2398467e-6
-0.304, 2.4917435e-6, 2.1840253e-6
-0.305, 2.3681614e-6, 2.1655062e-6
-0.306, 2.4016542e-6, 2.1410008e-6
-0.307, 2.3530890e-6, 2.0759940e-6
-0.308, 2.3283858e-6, 2.0265052e-6
-0.309, 2.3297875e-6, 2.0465743e-6
-0.310, 2.1732073e-6, 1.9893348e-6
-0.311, 2.2719212e-6, 1.8661817e-6
-0.312, 2.1297374e-6, 1.9679628e-6
-0.313, 2.1207172e-6, 1.9108222e-6
-0.314, 2.0588766e-6, 1.8478934e-6
-0.315, 2.0073758e-6, 1.8221510e-6
-0.316, 2.0610369e-6, 1.8030055e-6
-0.317, 1.9117456e-6, 1.7075730e-6
-0.318, 1.9532529e-6, 1.7117782e-6
-0.319, 1.9028241e-6, 1.6509107e-6
-0.320, 1.8469533e-6, 1.5945286e-6
-0.321, 1.8161813e-6, 1.6355082e-6
-0.322, 1.7390869e-6, 1.5759930e-6
-0.323, 1.7301325e-6, 1.5412961e-6
-0.324, 1.6900763e-6, 1.4804452e-6
-0.325, 1.6749211e-6, 1.5137072e-6
-0.326, 1.6291427e-6, 1.4214412e-6
-0.327, 1.6066658e-6, 1.4019490e-6
-0.328, 1.5414281e-6, 1.4111343e-6
-0.329, 1.5655872e-6, 1.3263058e-6
-0.330, 1.4758937e-6, 1.3290431e-6
-0.331, 1.4516359e-6, 1.3240793e-6
-0.332, 1.4183737e-6, 1.2777567e-6
-0.333, 1.3807750e-6, 1.2536636e-6
-0.334, 1.3778890e-6, 1.1925654e-6
-0.335, 1.3423347e-6, 1.1730401e-6
-0.336, 1.3165433e-6, 1.1320442e-6
-0.337, 1.3021631e-6, 1.1782842e-6
-0.338, 1.2876676e-6, 1.0921364e-6
-0.339, 1.2287792e-6, 1.0843196e-6
-0.340, 1.2172025e-6, 1.1683733e-6
-0.341, 1.1475950e-6, 1.0289270e-6
-0.342, 1.1900092e-6, 1.0959293e-6
-0.343, 1.1436206e-6, 1.0615623e-6
-0.344, 1.1244089e-6, 1.0327693e-6
-0.345, 1.1297849e-6, 9.8253838e-7
-0.346, 1.1075058e-6, 9.5763733e-7
-0.347, 1.1160975e-6, 1.0307410e-6
-0.348, 1.0310710e-6, 8.7104411e-7
-0.349, 1.0622881e-6, 9.9190527e-7
-0.350, 1.0195603e-6, 9.2173701e-7
-0.351, 9.8740315e-7, 8.8862328e-7
-0.352, 1.0144812e-6, 9.6596511e-7
-0.353, 9.6047381e-7, 8.2788773e-7
-0.354, 1.0094515e-6, 8.7724470e-7
-0.355, 9.3705683e-7, 8.5036470e-7
-0.356, 9.6067163e-7, 8.4741288e-7
-0.357, 9.3438541e-7, 8.1240285e-7
-0.358, 8.6835615e-7, 8.3262051e-7
-0.359, 9.2681603e-7, 8.3517665e-7
-0.360, 8.4386727e-7, 8.1350771e-7
-0.361, 8.9531864e-7, 8.0763704e-7
-0.362, 8.5437193e-7, 7.7731039e-7
-0.363, 8.6182575e-7, 7.5983013e-7
-0.364, 8.9517027e-7, 7.7904190e-7
-0.365, 7.8456634e-7, 7.7991604e-7
-0.366, 8.9625860e-7, 6.8083926e-7
-0.367, 7.8540734e-7, 7.7678271e-7
-0.368, 8.1205661e-7, 7.6857037e-7
-0.369, 7.9099777e-7, 7.4103059e-7
-0.370, 7.6332623e-7, 7.3816125e-7
-0.371, 8.5641676e-7, 7.1685514e-7
-0.372, 7.1769614e-7, 7.4462571e-7
-0.373, 8.1715217e-7, 6.8324687e-7
-0.374, 7.7082950e-7, 6.9197063e-7
-0.375, 7.7086247e-7, 6.7848106e-7
-0.376, 7.6161115e-7, 6.9243225e-7
-0.377, 7.2074698e-7, 6.7895928e-7
-0.378, 7.4462559e-7, 7.0933527e-7
-0.379, 7.2153853e-7, 6.4568087e-7
-0.380, 7.3174624e-7, 6.3609968e-7
-0.381, 7.1466195e-7, 6.8715525e-7
-0.382, 7.3125159e-7, 6.1857003e-7
-0.383, 7.1469486e-7, 6.8118550e-7
-0.384, 7.2637033e-7, 5.9081594e-7
-0.385, 6.9220141e-7, 6.4939132e-7
-0.386, 6.7490254e-7, 6.2709569e-7
-0.387, 6.8512679e-7, 6.1509041e-7
-0.388, 6.5940117e-7, 6.5156803e-7
-0.389, 6.8870531e-7, 6.0470120e-7
-0.390, 6.5146912e-7, 5.8606656e-7
-0.391, 6.8103708e-7, 5.7829936e-7
-0.392, 6.9846794e-7, 6.3974414e-7
-0.393, 6.8095471e-7, 5.5994508e-7
-0.394, 6.8215854e-7, 5.8011341e-7
-0.395, 6.6045658e-7, 6.7866245e-7
-0.396, 6.2028505e-7, 5.7190107e-7
-0.397, 6.6408467e-7, 6.3807857e-7
-0.398, 6.3382390e-7, 5.9246497e-7
-0.399, 6.4602716e-7, 5.9343802e-7
-0.400, 6.4353696e-7, 5.6784427e-7
-0.401, 6.5234315e-7, 5.4079931e-7
-0.402, 6.9099758e-7, 6.0841165e-7
-0.403, 6.1063787e-7, 5.0090813e-7
-0.404, 6.5926918e-7, 6.1467813e-7
-0.405, 6.2303900e-7, 5.3854018e-7
-0.406, 6.1489249e-7, 5.4422947e-7
-0.407, 6.2577647e-7, 6.5108981e-7
-0.408, 5.9836873e-7, 4.8499453e-7
-0.409, 6.5422307e-7, 5.8514308e-7
-0.410, 5.8783110e-7, 5.5168323e-7
-0.411, 6.4625806e-7, 5.3158101e-7
-0.412, 6.1555215e-7, 5.3139956e-7
-0.413, 5.8017929e-7, 5.7147213e-7
-0.414, 6.1749807e-7, 5.3144902e-7
-0.415, 5.5681187e-7, 5.4215161e-7
-0.416, 6.2185171e-7, 5.9145907e-7
-0.417, 5.6909755e-7, 5.2391277e-7
-0.418, 6.1245191e-7, 5.2340152e-7
-0.419, 6.4075010e-7, 5.7696371e-7
-0.420, 5.6898210e-7, 5.1904794e-7
-0.421, 6.5379425e-7, 4.4693377e-7
-0.422, 5.8163062e-7, 5.7909097e-7
-0.423, 5.9991891e-7, 5.3585211e-7
-0.424, 5.6903156e-7, 5.2366545e-7
-0.425, 5.5473413e-7, 5.5666345e-7
-0.426, 6.5247508e-7, 5.2574319e-7
-0.427, 5.2876106e-7, 5.4139298e-7
-0.428, 6.2767288e-7, 5.1418317e-7
-0.429, 5.9279489e-7, 5.0232632e-7
-0.430, 6.0737267e-7, 4.8984276e-7
-0.431, 6.0268934e-7, 5.2170299e-7
-0.432, 5.6268260e-7, 5.3301562e-7
-0.433, 6.0933507e-7, 5.3299920e-7
-0.434, 5.6469452e-7, 5.2669969e-7
-0.435, 5.8890305e-7, 5.4225063e-7
-0.436, 5.8248810e-7, 5.0682831e-7
-0.437, 5.8725391e-7, 5.2676569e-7
-0.438, 5.8830938e-7, 5.3530789e-7
-0.439, 5.9845115e-7, 4.5298583e-7
-0.440, 5.8351048e-7, 5.3403812e-7
-0.441, 5.6794323e-7, 4.8050890e-7
-0.442, 5.9345450e-7, 5.0072663e-7
-0.443, 5.4561463e-7, 5.6769591e-7
-0.444, 5.8092149e-7, 5.2993192e-7
-0.445, 5.5832902e-7, 5.1774521e-7
-0.446, 5.8760020e-7, 5.0163368e-7
-0.447, 6.0489913e-7, 5.3642930e-7
-0.448, 5.7782120e-7, 4.8713827e-7
-0.449, 6.0651519e-7, 5.1375446e-7
-0.450, 5.8210884e-7, 5.6820710e-7
-0.451, 5.5320038e-7, 4.8120160e-7
-0.452, 5.8634691e-7, 5.6271563e-7
-0.453, 5.6861927e-7, 5.1017588e-7
-0.454, 5.6494184e-7, 5.2180195e-7
-0.455, 5.8621498e-7, 5.2351703e-7
-0.456, 5.9088188e-7, 4.4584530e-7
-0.457, 6.1969138e-7, 5.2630389e-7
-0.458, 5.6314440e-7, 4.8364217e-7
-0.459, 5.9493863e-7, 5.4426243e-7
-0.460, 5.7305539e-7, 4.8179527e-7
-0.461, 5.8464843e-7, 5.3651172e-7
-0.462, 5.7750788e-7, 5.5217799e-7
-0.463, 5.4223403e-7, 4.4793961e-7
-0.464, 6.2043341e-7, 5.5809818e-7
-0.465, 5.4892934e-7, 4.5880711e-7
-0.466, 6.0016617e-7, 5.0366202e-7
-0.467, 5.9887998e-7, 5.0961523e-7
-0.468, 5.5090823e-7, 4.8431832e-7
-0.469, 5.8252101e-7, 5.7087863e-7
-0.470, 5.4310800e-7, 5.0597077e-7
-0.471, 6.0738915e-7, 5.4330599e-7
-0.472, 5.4995172e-7, 5.2996484e-7
-0.473, 5.9658777e-7, 5.2427549e-7
-0.474, 6.2524873e-7, 5.2518254e-7
-0.475, 5.6873478e-7, 4.9657103e-7
-0.476, 6.4869869e-7, 4.9007366e-7
-0.477, 5.7425916e-7, 5.2958558e-7
-0.478, 6.0534433e-7, 5.5417331e-7
-0.479, 5.7110947e-7, 5.3720436e-7
-0.480, 5.5806515e-7, 5.3646227e-7
-0.481, 6.4911097e-7, 4.8854002e-7
-0.482, 5.3286726e-7, 5.6619518e-7
-0.483, 6.2287404e-7, 5.0804863e-7
-0.484, 5.8265300e-7, 5.0702619e-7
-0.485, 6.2137337e-7, 5.0620167e-7
-0.486, 6.0636683e-7, 5.2915686e-7
-0.487, 5.4200319e-7, 5.1429862e-7
-0.488, 6.4073356e-7, 5.5874136e-7
-0.489, 5.4667004e-7, 5.2061455e-7
-0.490, 5.9614246e-7, 5.1546954e-7
-0.491, 5.8268603e-7, 5.3290029e-7
-0.492, 5.9253102e-7, 5.0631712e-7
-0.493, 6.0445382e-7, 5.1441401e-7
-0.494, 5.9830279e-7, 5.0720757e-7
-0.495, 6.0303569e-7, 5.3722084e-7
-0.496, 5.8438451e-7, 4.8036054e-7
-0.497, 5.8946370e-7, 5.1921290e-7
-0.498, 5.7636998e-7, 5.5455268e-7
-0.499, 6.0809839e-7, 5.0829601e-7
-0.500, 5.6352360e-7, 5.5212854e-7
