Feb. 3, 2006   02:51:13
Square Wave Voltammetry
File: z:\users\scottsaunders\git\labwork\ida\01_23_19_psoralen_nonequil_3\data\control\3\75um_control_soak_3_swv_1.txt
Data Source:  Experiment
Instrument Model:  CHI760E
Header: 
Note: 

Init E (V) = 0.1
Final E (V) = -0.5
Incr E (V) = 0.001
Amplitude (V) = 0.025
Frequency (Hz) = 300
Quiet Time (sec) = 2
Sensitivity (A/V) = 1e-6
Sens 2 (A/V) = 1e-6

Potential/V, i1/A, i2/A

0.099, 1.6954855e-6, 9.6458007e-7
0.098, 2.1294902e-6, 1.1533007e-6
0.097, 2.1127191e-6, 1.2282019e-6
0.096, 2.1262581e-6, 1.2779218e-6
0.095, 2.1376698e-6, 1.2854416e-6
0.094, 2.1230753e-6, 1.3393829e-6
0.093, 2.1404237e-6, 1.4086279e-6
0.092, 2.0787481e-6, 1.3337597e-6
0.091, 2.0992957e-6, 1.2849468e-6
0.090, 2.1121091e-6, 1.2828031e-6
0.089, 2.1185404e-6, 1.1996235e-6
0.088, 2.1168912e-6, 1.2052963e-6
0.087, 2.0616142e-6, 1.1824400e-6
0.086, 2.1378182e-6, 1.2057744e-6
0.085, 2.0640218e-6, 1.2193959e-6
0.084, 2.0437051e-6, 1.2365792e-6
0.083, 2.0853115e-6, 1.3572590e-6
0.082, 2.0385437e-6, 1.2733703e-6
0.081, 2.0708490e-6, 1.2432416e-6
0.080, 1.9910501e-6, 1.2425819e-6
0.079, 2.0657699e-6, 1.2309559e-6
0.078, 2.0380817e-6, 1.1526740e-6
0.077, 2.0543089e-6, 1.1461602e-6
0.076, 2.0771815e-6, 1.2387231e-6
0.075, 1.9887084e-6, 1.1945442e-6
0.074, 2.0701896e-6, 1.1452862e-6
0.073, 1.9879496e-6, 1.2896961e-6
0.072, 1.9941999e-6, 1.3472327e-6
0.071, 2.0081015e-6, 1.2465233e-6
0.070, 1.9976299e-6, 1.1721662e-6
0.069, 2.0442822e-6, 1.2420708e-6
0.068, 1.9960139e-6, 1.1512559e-6
0.067, 2.0189855e-6, 1.1006291e-6
0.066, 2.0388734e-6, 1.1421200e-6
0.065, 2.0282862e-6, 1.1706820e-6
0.064, 2.0247408e-6, 1.2306755e-6
0.063, 1.9923527e-6, 1.1589736e-6
0.062, 1.9983886e-6, 1.2959133e-6
0.061, 1.9686224e-6, 1.2891026e-6
0.060, 1.9641041e-6, 1.2040596e-6
0.059, 1.9721847e-6, 1.2086274e-6
0.058, 1.9813040e-6, 1.1520804e-6
0.057, 1.9914128e-6, 1.1538284e-6
0.056, 1.9399945e-6, 1.1100124e-6
0.055, 1.9937215e-6, 1.1467869e-6
0.054, 1.9878178e-6, 1.1704676e-6
0.053, 1.9473659e-6, 1.1499531e-6
0.052, 1.9669899e-6, 1.2634428e-6
0.051, 1.9577881e-6, 1.2442310e-6
0.050, 1.9651102e-6, 1.1743431e-6
0.049, 1.9438039e-6, 1.1807414e-6
0.048, 1.9850145e-6, 1.1930601e-6
0.047, 2.0068153e-6, 1.1730732e-6
0.046, 1.9380320e-6, 1.0630961e-6
0.045, 1.9824420e-6, 1.1536636e-6
0.044, 1.9414128e-6, 1.1627994e-6
0.043, 1.9651759e-6, 1.1632447e-6
0.042, 1.9079694e-6, 1.1619254e-6
0.041, 1.9307763e-6, 1.2709957e-6
0.040, 1.9725637e-6, 1.3057911e-6
0.039, 1.9313204e-6, 1.1343034e-6
0.038, 1.9832828e-6, 1.1881788e-6
0.037, 1.9394338e-6, 1.1607217e-6
0.036, 1.9614326e-6, 1.1286635e-6
0.035, 1.9530553e-6, 1.0910151e-6
0.034, 1.9177319e-6, 1.1200717e-6
0.033, 1.9691997e-6, 1.2192804e-6
0.032, 1.8938532e-6, 1.0990791e-6
0.031, 1.9707663e-6, 1.2512726e-6
0.030, 1.9097174e-6, 1.2533339e-6
0.029, 1.9256311e-6, 1.1569452e-6
0.028, 1.9607235e-6, 1.1747883e-6
0.027, 1.9301660e-6, 1.1339406e-6
0.026, 1.9709807e-6, 1.1479412e-6
0.025, 1.8931771e-6, 1.0866779e-6
0.024, 1.9460631e-6, 1.1314174e-6
0.023, 1.9481245e-6, 1.1634097e-6
0.022, 1.9680124e-6, 1.1228258e-6
0.021, 1.9348495e-6, 1.2048181e-6
0.020, 1.9172041e-6, 1.2289111e-6
0.019, 1.9746583e-6, 1.2167905e-6
0.018, 1.9138402e-6, 1.1641187e-6
0.017, 1.9246249e-6, 1.1847651e-6
0.016, 1.9570955e-6, 1.1874038e-6
0.015, 1.9073427e-6, 1.0980401e-6
0.014, 1.9506147e-6, 1.0877663e-6
0.013, 1.8985037e-6, 1.1121563e-6
0.012, 1.9701397e-6, 1.1515692e-6
0.011, 1.9520658e-6, 1.1182908e-6
0.010, 1.9354432e-6, 1.1656524e-6
0.009, 1.9572108e-6, 1.2970511e-6
0.008, 1.9039289e-6, 1.2089407e-6
0.007, 1.9570296e-6, 1.1431424e-6
0.006, 1.9101792e-6, 1.1795212e-6
0.005, 1.9000703e-6, 1.1662626e-6
0.004, 1.9233057e-6, 1.1052136e-6
0.003, 1.9075735e-6, 1.0352431e-6
0.002, 1.9728773e-6, 1.1850620e-6
0.001, 1.9193644e-6, 1.1437692e-6
-0.000, 1.9386423e-6, 1.1429116e-6
-0.001, 1.9417262e-6, 1.2592047e-6
-0.002, 1.9456509e-6, 1.2541420e-6
-0.003, 1.9559907e-6, 1.2718202e-6
-0.004, 1.8974647e-6, 1.1562031e-6
-0.005, 1.9465083e-6, 1.1937527e-6
-0.006, 1.9364984e-6, 1.1284162e-6
-0.007, 1.9216236e-6, 1.0986668e-6
-0.008, 1.9338268e-6, 1.1747884e-6
-0.009, 1.9527090e-6, 1.1350619e-6
-0.010, 1.9479103e-6, 1.1936042e-6
-0.011, 1.8591071e-6, 1.1746234e-6
-0.012, 1.9365314e-6, 1.2700887e-6
-0.013, 1.9147801e-6, 1.2490134e-6
-0.014, 1.9021315e-6, 1.1971993e-6
-0.015, 1.9242127e-6, 1.2337100e-6
-0.016, 1.9254990e-6, 1.1771630e-6
-0.017, 1.9610698e-6, 1.1172024e-6
-0.018, 1.9149945e-6, 1.1558568e-6
-0.019, 1.9540280e-6, 1.2013879e-6
-0.020, 1.9517854e-6, 1.1709294e-6
-0.021, 1.9112674e-6, 1.1755138e-6
-0.022, 1.9358554e-6, 1.2539606e-6
-0.023, 1.8966402e-6, 1.2723478e-6
-0.024, 1.9558915e-6, 1.2048015e-6
-0.025, 1.9055947e-6, 1.1731062e-6
-0.026, 1.9156375e-6, 1.2242112e-6
-0.027, 1.9739491e-6, 1.2002336e-6
-0.028, 1.9291269e-6, 1.1075717e-6
-0.029, 1.9698593e-6, 1.1995739e-6
-0.030, 1.9203044e-6, 1.2192970e-6
-0.031, 1.9652748e-6, 1.2191156e-6
-0.032, 1.9456343e-6, 1.1809394e-6
-0.033, 1.9207994e-6, 1.3067641e-6
-0.034, 1.9453705e-6, 1.3752505e-6
-0.035, 1.9057925e-6, 1.1955832e-6
-0.036, 1.9713766e-6, 1.2177964e-6
-0.037, 1.9126032e-6, 1.2174005e-6
-0.038, 1.9450242e-6, 1.2043233e-6
-0.039, 1.9382464e-6, 1.1456655e-6
-0.040, 1.9182430e-6, 1.1667242e-6
-0.041, 1.9778079e-6, 1.2533504e-6
-0.042, 1.9157694e-6, 1.2254975e-6
-0.043, 1.9489655e-6, 1.2091222e-6
-0.044, 1.9396978e-6, 1.3274107e-6
-0.045, 1.9587942e-6, 1.3280044e-6
-0.046, 1.9592228e-6, 1.2723973e-6
-0.047, 1.9234708e-6, 1.2642014e-6
-0.048, 1.9708159e-6, 1.2481394e-6
-0.049, 1.9350141e-6, 1.2009922e-6
-0.050, 1.9227120e-6, 1.2073576e-6
-0.051, 1.9610202e-6, 1.2502172e-6
-0.052, 1.9513568e-6, 1.2426480e-6
-0.053, 1.9885433e-6, 1.2758604e-6
-0.054, 1.9288136e-6, 1.2402568e-6
-0.055, 1.9728111e-6, 1.3495084e-6
-0.056, 1.9740974e-6, 1.3234694e-6
-0.057, 1.9449253e-6, 1.2699237e-6
-0.058, 1.9736028e-6, 1.3400590e-6
-0.059, 1.9491304e-6, 1.3038452e-6
-0.060, 1.9838931e-6, 1.2231063e-6
-0.061, 1.9379497e-6, 1.2040430e-6
-0.062, 1.9447439e-6, 1.2885419e-6
-0.063, 1.9797044e-6, 1.3195445e-6
-0.064, 1.9434410e-6, 1.2265858e-6
-0.065, 1.9646318e-6, 1.3345677e-6
-0.066, 1.9250867e-6, 1.3928791e-6
-0.067, 1.9579202e-6, 1.3409660e-6
-0.068, 1.9648296e-6, 1.3075228e-6
-0.069, 1.9674187e-6, 1.3064673e-6
-0.070, 2.0052651e-6, 1.3914114e-6
-0.071, 1.9763568e-6, 1.2325556e-6
-0.072, 1.9904564e-6, 1.2771467e-6
-0.073, 1.9733884e-6, 1.3434396e-6
-0.074, 1.9947770e-6, 1.3216718e-6
-0.075, 1.9851464e-6, 1.3413949e-6
-0.076, 1.9773297e-6, 1.3327701e-6
-0.077, 1.9966405e-6, 1.4894492e-6
-0.078, 1.9577385e-6, 1.3602108e-6
-0.079, 1.9941172e-6, 1.3662135e-6
-0.080, 1.9686227e-6, 1.3577372e-6
-0.081, 1.9850968e-6, 1.3946601e-6
-0.082, 2.0063862e-6, 1.3264378e-6
-0.083, 1.9859544e-6, 1.2753821e-6
-0.084, 2.0457665e-6, 1.3760091e-6
-0.085, 1.9889392e-6, 1.3726449e-6
-0.086, 2.0025277e-6, 1.4027241e-6
-0.087, 2.0336456e-6, 1.4291754e-6
-0.088, 1.9856741e-6, 1.5114645e-6
-0.089, 2.0164953e-6, 1.4788952e-6
-0.090, 1.9587280e-6, 1.3860355e-6
-0.091, 2.0477949e-6, 1.4516853e-6
-0.092, 2.0031378e-6, 1.3701383e-6
-0.093, 2.0214920e-6, 1.3370743e-6
-0.094, 2.0532204e-6, 1.4323416e-6
-0.095, 2.0442162e-6, 1.4019820e-6
-0.096, 2.0488997e-6, 1.4911150e-6
-0.097, 1.9900772e-6, 1.4744262e-6
-0.098, 2.0629170e-6, 1.5884932e-6
-0.099, 2.0459643e-6, 1.5688524e-6
-0.100, 2.0479929e-6, 1.4881464e-6
-0.101, 2.0737350e-6, 1.5384105e-6
-0.102, 2.0395496e-6, 1.4909665e-6
-0.103, 2.1027918e-6, 1.4244094e-6
-0.104, 2.0367625e-6, 1.4195448e-6
-0.105, 2.0689197e-6, 1.5037468e-6
-0.106, 2.1064031e-6, 1.5578200e-6
-0.107, 2.0605917e-6, 1.5031037e-6
-0.108, 2.1036658e-6, 1.5954521e-6
-0.109, 2.0390382e-6, 1.6725467e-6
-0.110, 2.1042924e-6, 1.6223981e-6
-0.111, 2.0771154e-6, 1.5618605e-6
-0.112, 2.0871914e-6, 1.5657522e-6
-0.113, 2.1231579e-6, 1.6121244e-6
-0.114, 2.0864493e-6, 1.5001187e-6
-0.115, 2.1458986e-6, 1.5111018e-6
-0.116, 2.0928971e-6, 1.5715405e-6
-0.117, 2.1052651e-6, 1.6729919e-6
-0.118, 2.1251863e-6, 1.6753336e-6
-0.119, 2.1091244e-6, 1.6908020e-6
-0.120, 2.1454534e-6, 1.8090575e-6
-0.121, 2.1103281e-6, 1.6919729e-6
-0.122, 2.1341077e-6, 1.6875204e-6
-0.123, 2.1507635e-6, 1.7107559e-6
-0.124, 2.1550015e-6, 1.6501192e-6
-0.125, 2.1833328e-6, 1.6733383e-6
-0.126, 2.1576072e-6, 1.6379324e-6
-0.127, 2.1844046e-6, 1.7320124e-6
-0.128, 2.1610701e-6, 1.7264385e-6
-0.129, 2.1457668e-6, 1.7765707e-6
-0.130, 2.1917267e-6, 1.9085960e-6
-0.131, 2.1786495e-6, 1.8243775e-6
-0.132, 2.1937385e-6, 1.8229923e-6
-0.133, 2.1597839e-6, 1.8001854e-6
-0.134, 2.2098170e-6, 1.8287806e-6
-0.135, 2.2010274e-6, 1.7813694e-6
-0.136, 2.1970366e-6, 1.7314848e-6
-0.137, 2.2296883e-6, 1.8939686e-6
-0.138, 2.2347181e-6, 1.8395491e-6
-0.139, 2.2291608e-6, 1.8931441e-6
-0.140, 2.2094871e-6, 1.9085467e-6
-0.141, 2.2665783e-6, 2.0618616e-6
-0.142, 2.2675349e-6, 2.0444309e-6
-0.143, 2.2528086e-6, 1.9379827e-6
-0.144, 2.2843060e-6, 2.0360371e-6
-0.145, 2.2527756e-6, 1.9987017e-6
-0.146, 2.3040620e-6, 1.9554134e-6
-0.147, 2.2682439e-6, 1.8793083e-6
-0.148, 2.2893357e-6, 1.9686061e-6
-0.149, 2.3302989e-6, 2.0837449e-6
-0.150, 2.2864663e-6, 1.9875044e-6
-0.151, 2.3290950e-6, 2.0963273e-6
-0.152, 2.3038310e-6, 2.2064364e-6
-0.153, 2.3579209e-6, 2.2301667e-6
-0.154, 2.3376372e-6, 2.1088933e-6
-0.155, 2.3237026e-6, 2.0950740e-6
-0.156, 2.3873570e-6, 2.2064528e-6
-0.157, 2.3230759e-6, 2.0203211e-6
-0.158, 2.3833168e-6, 2.0712941e-6
-0.159, 2.3662653e-6, 2.1298695e-6
-0.160, 2.4053650e-6, 2.2012582e-6
-0.161, 2.4152594e-6, 2.2519016e-6
-0.162, 2.3983728e-6, 2.2259285e-6
-0.163, 2.4382148e-6, 2.4278090e-6
-0.164, 2.3744117e-6, 2.4063543e-6
-0.165, 2.4260116e-6, 2.3308760e-6
-0.166, 2.4335147e-6, 2.3347018e-6
-0.167, 2.4747087e-6, 2.3122416e-6
-0.168, 2.4846363e-6, 2.3250218e-6
-0.169, 2.4515061e-6, 2.2352458e-6
-0.170, 2.5343725e-6, 2.3586465e-6
-0.171, 2.4901769e-6, 2.4001374e-6
-0.172, 2.4979279e-6, 2.4364172e-6
-0.173, 2.5246925e-6, 2.6316518e-6
-0.174, 2.5065690e-6, 2.5551840e-6
-0.175, 2.5572454e-6, 2.5597683e-6
-0.176, 2.5016711e-6, 2.5201739e-6
-0.177, 2.5840759e-6, 2.5096692e-6
-0.178, 2.5978291e-6, 2.4706685e-6
-0.179, 2.5855434e-6, 2.4036499e-6
-0.180, 2.6358898e-6, 2.5371760e-6
-0.181, 2.5995278e-6, 2.5858733e-6
-0.182, 2.6643365e-6, 2.5863021e-6
-0.183, 2.5883469e-6, 2.6642870e-6
-0.184, 2.6372256e-6, 2.8468403e-6
-0.185, 2.6688056e-6, 2.8653922e-6
-0.186, 2.6470541e-6, 2.6800358e-6
-0.187, 2.6929811e-6, 2.7953065e-6
-0.188, 2.6828227e-6, 2.7843234e-6
-0.189, 2.7403262e-6, 2.7156066e-6
-0.190, 2.7726810e-6, 2.6695475e-6
-0.191, 2.7551678e-6, 2.7580868e-6
-0.192, 2.8214445e-6, 2.9606597e-6
-0.193, 2.7805472e-6, 2.8682948e-6
-0.194, 2.8159529e-6, 2.9517712e-6
-0.195, 2.8418599e-6, 3.1024476e-6
-0.196, 2.8528430e-6, 3.1252380e-6
-0.197, 2.8882157e-6, 3.0586975e-6
-0.198, 2.8887266e-6, 2.9558444e-6
-0.199, 2.9566361e-6, 3.1187901e-6
-0.200, 2.9280409e-6, 3.0406236e-6
-0.201, 2.9823782e-6, 3.0156730e-6
-0.202, 3.0176684e-6, 3.0662341e-6
-0.203, 3.0387932e-6, 3.1741829e-6
-0.204, 3.0681799e-6, 3.2966270e-6
-0.205, 3.0454389e-6, 3.2409046e-6
-0.206, 3.1316529e-6, 3.4290315e-6
-0.207, 3.1267550e-6, 3.4479626e-6
-0.208, 3.1850832e-6, 3.4037678e-6
-0.209, 3.2346047e-6, 3.4316699e-6
-0.210, 3.2429330e-6, 3.4535205e-6
-0.211, 3.3446152e-6, 3.4787017e-6
-0.212, 3.2838793e-6, 3.3631507e-6
-0.213, 3.4055815e-6, 3.5230457e-6
-0.214, 3.4238369e-6, 3.5722542e-6
-0.215, 3.4311752e-6, 3.6718091e-6
-0.216, 3.5040152e-6, 3.8200778e-6
-0.217, 3.5439393e-6, 3.8653943e-6
-0.218, 3.6367003e-6, 4.0062923e-6
-0.219, 3.6141571e-6, 3.8868329e-6
-0.220, 3.7204900e-6, 3.9487886e-6
-0.221, 3.8014102e-6, 3.9700781e-6
-0.222, 3.8233757e-6, 3.9363877e-6
-0.223, 3.9097054e-6, 4.0498280e-6
-0.224, 3.9075449e-6, 4.0567870e-6
-0.225, 4.0456885e-6, 4.1728326e-6
-0.226, 4.0502896e-6, 4.2444522e-6
-0.227, 4.1023509e-6, 4.3708542e-6
-0.228, 4.2282086e-6, 4.6333712e-6
-0.229, 4.2411211e-6, 4.5109600e-6
-0.230, 4.3614709e-6, 4.6185296e-6
-0.231, 4.3666328e-6, 4.6782925e-6
-0.232, 4.5180514e-6, 4.7087506e-6
-0.233, 4.5998618e-6, 4.6828768e-6
-0.234, 4.6523687e-6, 4.6839982e-6
-0.235, 4.7703934e-6, 4.9441569e-6
-0.236, 4.7994999e-6, 5.0194044e-6
-0.237, 4.9244336e-6, 5.0404633e-6
-0.238, 4.9264954e-6, 5.2177556e-6
-0.239, 5.0192398e-6, 5.5202800e-6
-0.240, 5.1686134e-6, 5.5863584e-6
-0.241, 5.1765292e-6, 5.3967801e-6
-0.242, 5.3239237e-6, 5.6013155e-6
-0.243, 5.3706749e-6, 5.6240560e-6
-0.244, 5.4899201e-6, 5.6347590e-6
-0.245, 5.6002928e-6, 5.5974238e-6
-0.246, 5.6417839e-6, 5.7357979e-6
-0.247, 5.7897396e-6, 6.0831762e-6
-0.248, 5.7798279e-6, 6.0138987e-6
-0.249, 5.8742880e-6, 6.1339192e-6
-0.250, 5.9424774e-6, 6.4061651e-6
-0.251, 5.9973090e-6, 6.5128606e-6
-0.252, 6.1166697e-6, 6.5114427e-6
-0.253, 6.1302248e-6, 6.3776197e-6
-0.254, 6.2762510e-6, 6.6401371e-6
-0.255, 6.2914560e-6, 6.5656318e-6
-0.256, 6.3888501e-6, 6.5445397e-6
-0.257, 6.4771257e-6, 6.6473431e-6
-0.258, 6.5108657e-6, 6.8406489e-6
-0.259, 6.5902527e-6, 7.0786937e-6
-0.260, 6.5752783e-6, 6.9824528e-6
-0.261, 6.6582606e-6, 7.2484336e-6
-0.262, 6.6866742e-6, 7.2945741e-6
-0.263, 6.7039073e-6, 7.2576190e-6
-0.264, 6.7605861e-6, 7.2687826e-6
-0.265, 6.7979208e-6, 7.2172988e-6
-0.266, 6.8511863e-6, 7.2788262e-6
-0.267, 6.8021427e-6, 7.1707282e-6
-0.268, 6.8796166e-6, 7.2250823e-6
-0.269, 6.8981681e-6, 7.3761712e-6
-0.270, 6.8628124e-6, 7.3998681e-6
-0.271, 6.8769777e-6, 7.5497696e-6
-0.272, 6.8640984e-6, 7.5440803e-6
-0.273, 6.8859981e-6, 7.5975931e-6
-0.274, 6.8110971e-6, 7.5073058e-6
-0.275, 6.8217173e-6, 7.4256268e-6
-0.276, 6.8421168e-6, 7.4654854e-6
-0.277, 6.7557048e-6, 7.2894954e-6
-0.278, 6.7538076e-6, 7.3459432e-6
-0.279, 6.6627463e-6, 7.1750819e-6
-0.280, 6.6845469e-6, 7.3090205e-6
-0.281, 6.6019447e-6, 7.3050460e-6
-0.282, 6.5246850e-6, 7.2886714e-6
-0.283, 6.5163572e-6, 7.4624018e-6
-0.284, 6.4271580e-6, 7.2805742e-6
-0.285, 6.3803736e-6, 7.2916719e-6
-0.286, 6.2667027e-6, 7.1158966e-6
-0.287, 6.2439949e-6, 7.0269120e-6
-0.288, 6.1920655e-6, 6.9220805e-6
-0.289, 6.0981997e-6, 6.7268948e-6
-0.290, 6.0032457e-6, 6.7713545e-6
-0.291, 5.9100894e-6, 6.6920661e-6
-0.292, 5.8818405e-6, 6.6000644e-6
-0.293, 5.7234956e-6, 6.5922477e-6
-0.294, 5.6440103e-6, 6.6504604e-6
-0.295, 5.5781129e-6, 6.6359653e-6
-0.296, 5.4548937e-6, 6.3637181e-6
-0.297, 5.3829772e-6, 6.2023391e-6
-0.298, 5.2642927e-6, 6.1632063e-6
-0.299, 5.1927886e-6, 6.0271414e-6
-0.300, 5.1156449e-6, 5.7897887e-6
-0.301, 5.0189592e-6, 5.6682848e-6
-0.302, 4.9427554e-6, 5.8005576e-6
-0.303, 4.7848393e-6, 5.6719291e-6
-0.304, 4.7123131e-6, 5.5039372e-6
-0.305, 4.6023360e-6, 5.5937298e-6
-0.306, 4.4981471e-6, 5.5910582e-6
-0.307, 4.4291987e-6, 5.5000455e-6
-0.308, 4.3109103e-6, 5.1188108e-6
-0.309, 4.2638289e-6, 5.1463508e-6
-0.310, 4.1472722e-6, 4.9866371e-6
-0.311, 4.0947320e-6, 4.7747308e-6
-0.312, 4.0096234e-6, 4.6975370e-6
-0.313, 3.9258002e-6, 4.6781602e-6
-0.314, 3.8585508e-6, 4.7399185e-6
-0.315, 3.7257832e-6, 4.5799575e-6
-0.316, 3.6641406e-6, 4.5453435e-6
-0.317, 3.5882504e-6, 4.5986085e-6
-0.318, 3.5069670e-6, 4.4785720e-6
-0.319, 3.4476498e-6, 4.3117348e-6
-0.320, 3.3749252e-6, 4.1239045e-6
-0.321, 3.3496940e-6, 4.1480143e-6
-0.322, 3.2377218e-6, 3.9372285e-6
-0.323, 3.1980119e-6, 3.8366679e-6
-0.324, 3.1521015e-6, 3.8764765e-6
-0.325, 3.0976817e-6, 3.8451112e-6
-0.326, 3.0177016e-6, 3.8372941e-6
-0.327, 2.9488851e-6, 3.7295763e-6
-0.328, 2.9292614e-6, 3.8049066e-6
-0.329, 2.8548880e-6, 3.7589466e-6
-0.330, 2.8299207e-6, 3.5922576e-6
-0.331, 2.7964115e-6, 3.5007499e-6
-0.332, 2.7356591e-6, 3.4547738e-6
-0.333, 2.7146004e-6, 3.4236225e-6
-0.334, 2.6217406e-6, 3.2390410e-6
-0.335, 2.6443331e-6, 3.2639091e-6
-0.336, 2.5719551e-6, 3.2893049e-6
-0.337, 2.5322947e-6, 3.2453570e-6
-0.338, 2.5075749e-6, 3.2706043e-6
-0.339, 2.4919914e-6, 3.2706703e-6
-0.340, 2.4719714e-6, 3.2853472e-6
-0.341, 2.3931948e-6, 3.1077577e-6
-0.342, 2.4127362e-6, 3.1012439e-6
-0.343, 2.3827395e-6, 3.0527112e-6
-0.344, 2.3416278e-6, 2.9115665e-6
-0.345, 2.3324922e-6, 2.9250230e-6
-0.346, 2.2855593e-6, 2.8594061e-6
-0.347, 2.3080527e-6, 2.9162995e-6
-0.348, 2.2354768e-6, 2.8606430e-6
-0.349, 2.1975975e-6, 2.9306793e-6
-0.350, 2.2236200e-6, 3.0324441e-6
-0.351, 2.1775279e-6, 2.9039807e-6
-0.352, 2.1927822e-6, 2.8611048e-6
-0.353, 2.1033031e-6, 2.8235220e-6
-0.354, 2.1732735e-6, 2.7541123e-6
-0.355, 2.1294738e-6, 2.6652765e-6
-0.356, 2.1361361e-6, 2.6062889e-6
-0.357, 2.1414132e-6, 2.7757978e-6
-0.358, 2.0830853e-6, 2.7292772e-6
-0.359, 2.0968716e-6, 2.6375885e-6
-0.360, 2.0534183e-6, 2.7738520e-6
-0.361, 2.0478444e-6, 2.8453233e-6
-0.362, 2.0370098e-6, 2.8163815e-6
-0.363, 2.0054631e-6, 2.6150126e-6
-0.364, 2.0521979e-6, 2.6734558e-6
-0.365, 2.0041932e-6, 2.5715428e-6
-0.366, 2.0177156e-6, 2.5160016e-6
-0.367, 2.0217724e-6, 2.5057611e-6
-0.368, 2.0099485e-6, 2.6005334e-6
-0.369, 2.0158357e-6, 2.6769353e-6
-0.370, 1.9494271e-6, 2.6048212e-6
-0.371, 1.9858555e-6, 2.7315200e-6
-0.372, 1.9584147e-6, 2.7184262e-6
-0.373, 1.9444965e-6, 2.6070311e-6
-0.374, 1.9400111e-6, 2.6305634e-6
-0.375, 1.9452054e-6, 2.5380996e-6
-0.376, 1.9716733e-6, 2.5693164e-6
-0.377, 1.9286983e-6, 2.4898804e-6
-0.378, 1.9456343e-6, 2.5592076e-6
-0.379, 1.9570130e-6, 2.6010941e-6
-0.380, 1.9340082e-6, 2.5758141e-6
-0.381, 1.9241138e-6, 2.7051019e-6
-0.382, 1.9340248e-6, 2.7001049e-6
-0.383, 1.9348495e-6, 2.5952895e-6
-0.384, 1.9203044e-6, 2.6165462e-6
-0.385, 1.9307597e-6, 2.6415626e-6
-0.386, 1.9408355e-6, 2.5894517e-6
-0.387, 1.9251199e-6, 2.4890887e-6
-0.388, 1.9259937e-6, 2.6278751e-6
-0.389, 1.8972833e-6, 2.6559758e-6
-0.390, 1.9208157e-6, 2.6488847e-6
-0.391, 1.8938039e-6, 2.6309756e-6
-0.392, 1.9198922e-6, 2.7760120e-6
-0.393, 1.9363831e-6, 2.8023646e-6
-0.394, 1.9008784e-6, 2.6136602e-6
-0.395, 1.9283850e-6, 2.6978789e-6
-0.396, 1.9051164e-6, 2.6928822e-6
-0.397, 1.9303804e-6, 2.6417276e-6
-0.398, 1.9254662e-6, 2.6179480e-6
-0.399, 1.8976791e-6, 2.6698112e-6
-0.400, 1.9344866e-6, 2.7536673e-6
-0.401, 1.8738499e-6, 2.6713287e-6
-0.402, 1.9235697e-6, 2.7656395e-6
-0.403, 1.8898789e-6, 2.7901283e-6
-0.404, 1.9082993e-6, 2.7271169e-6
-0.405, 1.9269503e-6, 2.7704714e-6
-0.406, 1.9193315e-6, 2.6885284e-6
-0.407, 1.9465413e-6, 2.7110220e-6
-0.408, 1.9111355e-6, 2.6202399e-6
-0.409, 1.9397471e-6, 2.6906723e-6
-0.410, 1.9431773e-6, 2.7503693e-6
-0.411, 1.9212114e-6, 2.7267870e-6
-0.412, 1.9369108e-6, 2.8919428e-6
-0.413, 1.8959475e-6, 2.8477307e-6
-0.414, 1.9460961e-6, 2.7041453e-6
-0.415, 1.8984872e-6, 2.7139076e-6
-0.416, 1.9225638e-6, 2.7628359e-6
-0.417, 1.9294239e-6, 2.7091583e-6
-0.418, 1.9079364e-6, 2.5740328e-6
-0.419, 1.9378672e-6, 2.7039641e-6
-0.420, 1.8816005e-6, 2.7271994e-6
-0.421, 1.9259114e-6, 2.7054975e-6
-0.422, 1.9062543e-6, 2.7149963e-6
-0.423, 1.9129991e-6, 2.7789640e-6
-0.424, 1.9292590e-6, 2.7869291e-6
-0.425, 1.8686387e-6, 2.6752205e-6
-0.426, 1.9383949e-6, 2.6579874e-6
-0.427, 1.8827219e-6, 2.6427335e-6
-0.428, 1.8897799e-6, 2.6031887e-6
-0.429, 1.8999054e-6, 2.6298378e-6
-0.430, 1.9160334e-6, 2.5835482e-6
-0.431, 1.9175011e-6, 2.6591749e-6
-0.432, 1.8627020e-6, 2.6273146e-6
-0.433, 1.9026429e-6, 2.7128854e-6
-0.434, 1.8974317e-6, 2.5925192e-6
-0.435, 1.8873724e-6, 2.5600816e-6
-0.436, 1.9067985e-6, 2.6159523e-6
-0.437, 1.8731737e-6, 2.4631156e-6
-0.438, 1.8876856e-6, 2.4487852e-6
-0.439, 1.8673030e-6, 2.4715921e-6
-0.440, 1.8880979e-6, 2.4851640e-6
-0.441, 1.8755650e-6, 2.4613182e-6
-0.442, 1.8558254e-6, 2.3815192e-6
-0.443, 1.8707331e-6, 2.5543759e-6
-0.444, 1.8230912e-6, 2.4206190e-6
-0.445, 1.8505979e-6, 2.3901439e-6
-0.446, 1.8451065e-6, 2.3831683e-6
-0.447, 1.8532035e-6, 2.3047214e-6
-0.448, 1.8381307e-6, 2.3013081e-6
-0.449, 1.8303306e-6, 2.2240815e-6
-0.450, 1.8680780e-6, 2.2922052e-6
-0.451, 1.8141532e-6, 2.2555955e-6
-0.452, 1.8447602e-6, 2.3807770e-6
-0.453, 1.8393017e-6, 2.3366476e-6
-0.454, 1.8084638e-6, 2.2318654e-6
-0.455, 1.8108716e-6, 2.2841082e-6
-0.456, 1.7912474e-6, 2.1851633e-6
-0.457, 1.8336618e-6, 2.1363505e-6
-0.458, 1.7820621e-6, 2.0647640e-6
-0.459, 1.7969038e-6, 2.1301169e-6
-0.460, 1.8294237e-6, 2.1653414e-6
-0.461, 1.7956504e-6, 2.0330190e-6
-0.462, 1.8230088e-6, 2.1995268e-6
-0.463, 1.7694632e-6, 2.1703052e-6
-0.464, 1.7981075e-6, 2.1148630e-6
-0.465, 1.7877844e-6, 2.0401430e-6
-0.466, 1.7751360e-6, 2.0103771e-6
-0.467, 1.7949249e-6, 2.0178475e-6
-0.468, 1.7407856e-6, 1.8859376e-6
-0.469, 1.7819467e-6, 1.9446779e-6
-0.470, 1.7489815e-6, 1.9404233e-6
-0.471, 1.7486022e-6, 1.9268346e-6
-0.472, 1.7572105e-6, 2.0320297e-6
-0.473, 1.7328371e-6, 1.9954034e-6
-0.474, 1.7568477e-6, 1.9441666e-6
-0.475, 1.7073257e-6, 1.9187707e-6
-0.476, 1.7478436e-6, 1.9133784e-6
-0.477, 1.7334307e-6, 1.8226956e-6
-0.478, 1.7491794e-6, 1.7724644e-6
-0.479, 1.7616629e-6, 1.8843874e-6
-0.480, 1.7066991e-6, 1.8450239e-6
-0.481, 1.7416761e-6, 1.7989983e-6
-0.482, 1.7067980e-6, 1.8788302e-6
-0.483, 1.7176161e-6, 1.9561719e-6
-0.484, 1.7202051e-6, 1.8379988e-6
-0.485, 1.6977611e-6, 1.7987672e-6
-0.486, 1.7339750e-6, 1.8155549e-6
-0.487, 1.6806272e-6, 1.7251357e-6
-0.488, 1.7166101e-6, 1.7182592e-6
-0.489, 1.7030547e-6, 1.7213100e-6
-0.490, 1.6994265e-6, 1.7345850e-6
-0.491, 1.6989155e-6, 1.7678635e-6
-0.492, 1.6822928e-6, 1.8332660e-6
-0.493, 1.7068311e-6, 1.8173525e-6
-0.494, 1.6574576e-6, 1.7280547e-6
-0.495, 1.6676489e-6, 1.7311879e-6
-0.496, 1.6807096e-6, 1.7603107e-6
-0.497, 1.6541100e-6, 1.6305611e-6
-0.498, 1.6810394e-6, 1.6486185e-6
-0.499, 1.6521310e-6, 1.7047201e-6
-0.500, 1.6785000e-6, 1.7037802e-6
