Feb. 3, 2006   03:27:20
Cyclic Voltammetry
File: z:\users\scottsaunders\git\labwork\ida\01_23_19_psoralen_nonequil_3\data\control\3\75um_control_transfer_3_gc_12.txt
Data Source:  Experiment
Instrument Model:  CHI760E
Header: 
Note: 

Init E (V) = 0
High E (V) = 0
Low E (V) = -0.4
Init P/N = N
Scan Rate (V/s) = 0.003
Segment = 1
Sample Interval (V) = 0.001
Quiet Time (sec) = 2
Sensitivity (A/V) = 1e-7
2nd E (V) = 0
Sens 2 (A/V) = 1e-7

Potential/V, i1/A, i2/A, Time/s

0.000, -7.5589867e-8, -9.3939533e-8, 3.3333334e-1
-0.001, -5.8912104e-8, -8.0452139e-8, 6.6666669e-1
-0.002, -4.8629790e-8, -7.0396773e-8, 1.0000000e+0
-0.003, -4.1919925e-8, -6.2731132e-8, 1.3333334e+0
-0.004, -3.6612459e-8, -5.6607991e-8, 1.6666667e+0
-0.005, -3.2274507e-8, -5.1639777e-8, 2.0000000e+0
-0.006, -2.8846163e-8, -4.7515108e-8, 2.3333333e+0
-0.007, -2.5960293e-8, -4.4095234e-8, 2.6666665e+0
-0.008, -2.3445551e-8, -4.1146176e-8, 2.9999998e+0
-0.009, -2.1525286e-8, -3.8627281e-8, 3.3333330e+0
-0.010, -1.9606459e-8, -3.6408103e-8, 3.6666663e+0
-0.011, -1.8063153e-8, -3.4507490e-8, 3.9999995e+0
-0.012, -1.6538380e-8, -3.2746424e-8, 4.3333330e+0
-0.013, -1.5294949e-8, -3.1265511e-8, 4.6666665e+0
-0.014, -1.4245551e-8, -2.9901614e-8, 5.0000000e+0
-0.015, -1.3082879e-8, -2.8665692e-8, 5.3333335e+0
-0.016, -1.2107528e-8, -2.7371376e-8, 5.6666670e+0
-0.017, -1.1297053e-8, -2.6358405e-8, 6.0000005e+0
-0.018, -1.0356132e-8, -2.5416604e-8, 6.3333340e+0
-0.019, -9.6740260e-9, -2.4556282e-8, 6.6666675e+0
-0.020, -9.0793897e-9, -2.3712417e-8, 7.0000010e+0
-0.021, -8.3044629e-9, -2.3028635e-8, 7.3333344e+0
-0.022, -7.7369062e-9, -2.2322563e-8, 7.6666679e+0
-0.023, -7.1668738e-9, -2.1659389e-8, 8.0000010e+0
-0.024, -6.6188885e-9, -2.1057165e-8, 8.3333340e+0
-0.025, -6.1734706e-9, -2.0499433e-8, 8.6666670e+0
-0.026, -5.5518350e-9, -1.9940344e-8, 9.0000000e+0
-0.027, -5.2188902e-9, -1.9434218e-8, 9.3333330e+0
-0.028, -4.7432769e-9, -1.8961879e-8, 9.6666660e+0
-0.029, -4.3370809e-9, -1.8513187e-8, 9.9999990e+0
-0.030, -3.9860031e-9, -1.8077674e-8, 1.0333332e+1
-0.031, -3.5148633e-9, -1.7675791e-8, 1.0666665e+1
-0.032, -3.2663527e-9, -1.7233649e-8, 1.0999998e+1
-0.033, -2.8716596e-9, -1.6856131e-8, 1.1333331e+1
-0.034, -2.5708269e-9, -1.6534848e-8, 1.1666664e+1
-0.035, -2.2878075e-9, -1.6199747e-8, 1.1999997e+1
-0.036, -1.9891315e-9, -1.5836447e-8, 1.2333330e+1
-0.037, -1.5971543e-9, -1.5568684e-8, 1.2666663e+1
-0.038, -1.3566320e-9, -1.5244845e-8, 1.2999996e+1
-0.039, -1.1927157e-9, -1.4974848e-8, 1.3333329e+1
-0.040, -8.4778845e-10, -1.4732808e-8, 1.3666662e+1
-0.041, -7.1063239e-10, -1.4393152e-8, 1.3999995e+1
-0.042, -4.0460732e-10, -1.4193610e-8, 1.4333328e+1
-0.043, -2.8638311e-10, -1.3877119e-8, 1.4666661e+1
-0.044, 4.8239402e-11, -1.3728061e-8, 1.4999994e+1
-0.045, 1.8795170e-10, -1.3447360e-8, 1.5333327e+1
-0.046, 3.1943623e-10, -1.3263792e-8, 1.5666660e+1
-0.047, 6.4303513e-10, -1.3044438e-8, 1.5999993e+1
-0.048, 7.0358513e-10, -1.2829638e-8, 1.6333326e+1
-0.049, 9.9555109e-10, -1.2664603e-8, 1.6666660e+1
-0.050, 1.1593075e-9, -1.2423601e-8, 1.6999994e+1
-0.051, 1.2212954e-9, -1.2268870e-8, 1.7333328e+1
-0.052, 1.4460813e-9, -1.2052392e-8, 1.7666662e+1
-0.053, 1.6290892e-9, -1.1859879e-8, 1.7999996e+1
-0.054, 1.6907575e-9, -1.1753877e-8, 1.8333330e+1
-0.055, 1.8161711e-9, -1.1539874e-8, 1.8666664e+1
-0.056, 2.0713917e-9, -1.1366931e-8, 1.8999998e+1
-0.057, 2.1276279e-9, -1.1274988e-8, 1.9333332e+1
-0.058, 2.1824265e-9, -1.1123134e-8, 1.9666666e+1
-0.059, 2.4664042e-9, -1.0905138e-8, 2.0000000e+1
-0.060, 2.5593860e-9, -1.0838836e-8, 2.0333334e+1
-0.061, 2.6503708e-9, -1.0769500e-8, 2.0666668e+1
-0.062, 2.7510212e-9, -1.0607980e-8, 2.1000002e+1
-0.063, 2.9438545e-9, -1.0402046e-8, 2.1333336e+1
-0.064, 3.0389131e-9, -1.0337103e-8, 2.1666670e+1
-0.065, 3.0779752e-9, -1.0230462e-8, 2.2000004e+1
-0.066, 3.3002847e-9, -1.0076211e-8, 2.2333338e+1
-0.067, 3.2459655e-9, -9.9307469e-9, 2.2666672e+1
-0.068, 3.3917487e-9, -9.8591730e-9, 2.3000006e+1
-0.069, 3.5910521e-9, -9.7607602e-9, 2.3333340e+1
-0.070, 3.5642918e-9, -9.6379020e-9, 2.3666674e+1
-0.071, 3.6178924e-9, -9.4794181e-9, 2.4000008e+1
-0.072, 3.7899563e-9, -9.3901109e-9, 2.4333342e+1
-0.073, 3.9228789e-9, -9.3142232e-9, 2.4666676e+1
-0.074, 3.9851864e-9, -9.2187653e-9, 2.5000010e+1
-0.075, 4.0183368e-9, -9.0997423e-9, 2.5333344e+1
-0.076, 4.1202655e-9, -8.9501251e-9, 2.5666677e+1
-0.077, 4.1368811e-9, -8.8839833e-9, 2.6000011e+1
-0.078, 4.2455195e-9, -8.8410070e-9, 2.6333345e+1
-0.079, 4.4466599e-9, -8.7674366e-9, 2.6666679e+1
-0.080, 4.4684678e-9, -8.6216536e-9, 2.7000013e+1
-0.081, 4.5168758e-9, -8.5039877e-9, 2.7333347e+1
-0.082, 4.6065027e-9, -8.4326546e-9, 2.7666681e+1
-0.083, 4.5960382e-9, -8.3856833e-9, 2.8000015e+1
-0.084, 4.6557096e-9, -8.3299270e-9, 2.8333349e+1
-0.085, 4.8782582e-9, -8.2359870e-9, 2.8666683e+1
-0.086, 4.8649187e-9, -8.1188007e-9, 2.9000017e+1
-0.087, 4.9441606e-9, -8.0183105e-9, 2.9333351e+1
-0.088, 5.0248405e-9, -7.9525684e-9, 2.9666685e+1
-0.089, 5.0305924e-9, -7.9020035e-9, 3.0000019e+1
-0.090, 5.0909823e-9, -7.8560713e-9, 3.0333353e+1
-0.091, 5.0879470e-9, -7.7954416e-9, 3.0666687e+1
-0.092, 5.1516920e-9, -7.7177971e-9, 3.1000021e+1
-0.093, 5.3315845e-9, -7.6227380e-9, 3.1333355e+1
-0.094, 5.2782236e-9, -7.5274400e-9, 3.1666689e+1
-0.095, 5.4804032e-9, -7.4515532e-9, 3.2000023e+1
-0.096, 5.4675424e-9, -7.4080178e-9, 3.2333355e+1
-0.097, 5.5419918e-9, -7.3716717e-9, 3.2666687e+1
-0.098, 5.5693912e-9, -7.3306130e-9, 3.3000019e+1
-0.099, 5.5713079e-9, -7.2619946e-9, 3.3333351e+1
-0.100, 5.5853673e-9, -7.1877855e-9, 3.3666683e+1
-0.101, 5.8235732e-9, -7.0727557e-9, 3.4000015e+1
-0.102, 5.7183693e-9, -7.0022210e-9, 3.4333347e+1
-0.103, 5.9779039e-9, -6.9456654e-9, 3.4666679e+1
-0.104, 5.9406791e-9, -6.9248962e-9, 3.5000011e+1
-0.105, 5.9886078e-9, -6.9050050e-9, 3.5333344e+1
-0.106, 5.9999508e-9, -6.8717747e-9, 3.5666676e+1
-0.107, 6.0538707e-9, -6.8128223e-9, 3.6000008e+1
-0.108, 6.0862226e-9, -6.7098553e-9, 3.6333340e+1
-0.109, 6.0678498e-9, -6.6057706e-9, 3.6666672e+1
-0.110, 6.1016396e-9, -6.5544064e-9, 3.7000004e+1
-0.111, 6.3716383e-9, -6.5062382e-9, 3.7333336e+1
-0.112, 6.3063754e-9, -6.4611054e-9, 3.7666668e+1
-0.113, 6.3471148e-9, -6.4346648e-9, 3.8000000e+1
-0.114, 6.5226140e-9, -6.3950436e-9, 3.8333332e+1
-0.115, 6.4981700e-9, -6.3341736e-9, 3.8666664e+1
-0.116, 6.4923391e-9, -6.3095706e-9, 3.8999996e+1
-0.117, 6.5979422e-9, -6.2279319e-9, 3.9333328e+1
-0.118, 6.5826042e-9, -6.1644263e-9, 3.9666660e+1
-0.119, 6.6110424e-9, -6.0774359e-9, 3.9999992e+1
-0.120, 6.6674382e-9, -6.0230367e-9, 4.0333324e+1
-0.121, 6.7889379e-9, -5.9896461e-9, 4.0666656e+1
-0.122, 6.8665824e-9, -5.9529008e-9, 4.0999989e+1
-0.123, 6.8638668e-9, -5.9343686e-9, 4.1333321e+1
-0.124, 6.9250556e-9, -5.9055316e-9, 4.1666653e+1
-0.125, 6.9350405e-9, -5.8730993e-9, 4.1999985e+1
-0.126, 6.9324049e-9, -5.8397891e-9, 4.2333317e+1
-0.127, 7.0327357e-9, -5.7619047e-9, 4.2666649e+1
-0.128, 7.0293806e-9, -5.7134968e-9, 4.2999981e+1
-0.129, 7.0239485e-9, -5.6614144e-9, 4.3333313e+1
-0.130, 7.1725275e-9, -5.5931157e-9, 4.3666645e+1
-0.131, 7.1813941e-9, -5.5498202e-9, 4.3999977e+1
-0.132, 7.2317197e-9, -5.5125153e-9, 4.4333309e+1
-0.133, 7.3924409e-9, -5.4790452e-9, 4.4666641e+1
-0.134, 7.3299735e-9, -5.4503682e-9, 4.4999973e+1
-0.135, 7.4058608e-9, -5.4282410e-9, 4.5333305e+1
-0.136, 7.4550677e-9, -5.3998828e-9, 4.5666637e+1
-0.137, 7.4981239e-9, -5.3670517e-9, 4.5999969e+1
-0.138, 7.4951680e-9, -5.3303864e-9, 4.6333302e+1
-0.139, 7.5181736e-9, -5.2738307e-9, 4.6666634e+1
-0.140, 7.6002111e-9, -5.2295763e-9, 4.6999966e+1
-0.141, 7.5486088e-9, -5.1677480e-9, 4.7333298e+1
-0.142, 7.5621882e-9, -5.1225353e-9, 4.7666630e+1
-0.143, 7.8364213e-9, -5.0874673e-9, 4.7999962e+1
-0.144, 7.7568592e-9, -5.0751656e-9, 4.8333294e+1
-0.145, 7.8133349e-9, -5.0262785e-9, 4.8666626e+1
-0.146, 7.9552036e-9, -5.0051101e-9, 4.8999958e+1
-0.147, 7.9091125e-9, -4.9822639e-9, 4.9333290e+1
-0.148, 7.9575209e-9, -4.9704414e-9, 4.9666622e+1
-0.149, 8.0359639e-9, -4.9563824e-9, 4.9999954e+1
-0.150, 8.0018543e-9, -4.9531073e-9, 5.0333286e+1
-0.151, 8.0248599e-9, -4.9432818e-9, 5.0666618e+1
-0.152, 8.1108933e-9, -4.9230717e-9, 5.0999950e+1
-0.153, 8.1670493e-9, -4.9147642e-9, 5.1333282e+1
-0.154, 8.3204208e-9, -4.9067763e-9, 5.1666615e+1
-0.155, 8.3859240e-9, -4.8333653e-9, 5.1999947e+1
-0.156, 8.3911953e-9, -4.8578088e-9, 5.2333279e+1
-0.157, 8.4402432e-9, -4.8202651e-9, 5.2666611e+1
-0.158, 8.3647551e-9, -4.8530957e-9, 5.2999943e+1
-0.159, 8.4624503e-9, -4.8250577e-9, 5.3333275e+1
-0.160, 8.4447160e-9, -4.7831201e-9, 5.3666607e+1
-0.161, 8.5059053e-9, -4.8000550e-9, 5.3999939e+1
-0.162, 8.6326768e-9, -4.7657860e-9, 5.4333271e+1
-0.163, 8.6889935e-9, -4.7568389e-9, 5.4666603e+1
-0.164, 8.6737355e-9, -4.7572386e-9, 5.4999935e+1
-0.165, 8.8393293e-9, -4.7218509e-9, 5.5333267e+1
-0.166, 8.7996286e-9, -4.7313566e-9, 5.5666599e+1
-0.167, 8.8752765e-9, -4.7029189e-9, 5.5999931e+1
-0.168, 8.8995602e-9, -4.7387059e-9, 5.6333263e+1
-0.169, 8.9188914e-9, -4.7090700e-9, 5.6666595e+1
-0.170, 8.9845535e-9, -4.7160196e-9, 5.6999928e+1
-0.171, 9.0046042e-9, -4.6834283e-9, 5.7333260e+1
-0.172, 8.9955767e-9, -4.6692894e-9, 5.7666592e+1
-0.173, 9.0873611e-9, -4.6837476e-9, 5.7999924e+1
-0.174, 9.1222692e-9, -4.6795141e-9, 5.8333256e+1
-0.175, 9.3528865e-9, -4.6712860e-9, 5.8666588e+1
-0.176, 9.2852268e-9, -4.6648161e-9, 5.8999920e+1
-0.177, 9.3391463e-9, -4.6777564e-9, 5.9333252e+1
-0.178, 9.4552135e-9, -4.6719255e-9, 5.9666584e+1
-0.179, 9.4485042e-9, -4.6656146e-9, 5.9999916e+1
-0.180, 9.4721493e-9, -4.6922950e-9, 6.0333248e+1
-0.181, 9.5497130e-9, -4.6720854e-9, 6.0666580e+1
-0.182, 9.5994794e-9, -4.7013216e-9, 6.0999912e+1
-0.183, 9.6329495e-9, -4.6917359e-9, 6.1333244e+1
-0.184, 9.7400701e-9, -4.6656945e-9, 6.1666576e+1
-0.185, 9.8423980e-9, -4.6841473e-9, 6.1999908e+1
-0.186, 9.8994342e-9, -4.6643365e-9, 6.2333241e+1
-0.187, 1.0058078e-8, -4.7065138e-9, 6.2666573e+1
-0.188, 9.9789945e-9, -4.7076321e-9, 6.2999905e+1
-0.189, 9.9857855e-9, -4.6855848e-9, 6.3333237e+1
-0.190, 9.9579864e-9, -4.6521147e-9, 6.3666569e+1
-0.191, 1.0163920e-8, -4.6745612e-9, 6.3999901e+1
-0.192, 1.0297641e-8, -4.6705675e-9, 6.4333237e+1
-0.193, 1.0277112e-8, -4.6674522e-9, 6.4666573e+1
-0.194, 1.0428168e-8, -4.6539519e-9, 6.4999908e+1
-0.195, 1.0442147e-8, -4.6295083e-9, 6.5333244e+1
-0.196, 1.0470504e-8, -4.6326236e-9, 6.5666580e+1
-0.197, 1.0771018e-8, -4.6167274e-9, 6.5999916e+1
-0.198, 1.0753923e-8, -4.6180850e-9, 6.6333252e+1
-0.199, 1.0772696e-8, -4.6227182e-9, 6.6666588e+1
-0.200, 1.0901703e-8, -4.6134523e-9, 6.6999924e+1
-0.201, 1.0918399e-8, -4.6120943e-9, 6.7333260e+1
-0.202, 1.0962413e-8, -4.5997126e-9, 6.7666595e+1
-0.203, 1.1009304e-8, -4.6096980e-9, 6.7999931e+1
-0.204, 1.1270835e-8, -4.5954791e-9, 6.8333267e+1
-0.205, 1.1097413e-8, -4.6053046e-9, 6.8666603e+1
-0.206, 1.1333222e-8, -4.5890882e-9, 6.8999939e+1
-0.207, 1.1556649e-8, -4.5938813e-9, 6.9333275e+1
-0.208, 1.1516150e-8, -4.5787836e-9, 6.9666611e+1
-0.209, 1.1721684e-8, -4.5944404e-9, 6.9999947e+1
-0.210, 1.1660735e-8, -4.5985940e-9, 7.0333282e+1
-0.211, 1.1830003e-8, -4.5881299e-9, 7.0666618e+1
-0.212, 1.1866908e-8, -4.5961182e-9, 7.0999954e+1
-0.213, 1.2013091e-8, -4.5838164e-9, 7.1333290e+1
-0.214, 1.2206804e-8, -4.5684794e-9, 7.1666626e+1
-0.215, 1.2344040e-8, -4.5703965e-9, 7.1999962e+1
-0.216, 1.2468494e-8, -4.5712749e-9, 7.2333298e+1
-0.217, 1.2495893e-8, -4.5799022e-9, 7.2666634e+1
-0.218, 1.2778672e-8, -4.5646447e-9, 7.2999969e+1
-0.219, 1.2846812e-8, -4.5717541e-9, 7.3333305e+1
-0.220, 1.2951297e-8, -4.5748698e-9, 7.3666641e+1
-0.221, 1.3142053e-8, -4.5698370e-9, 7.3999977e+1
-0.222, 1.3291671e-8, -4.5807007e-9, 7.4333313e+1
-0.223, 1.3416044e-8, -4.5958783e-9, 7.4666649e+1
-0.224, 1.3513100e-8, -4.5986743e-9, 7.4999985e+1
-0.225, 1.3785098e-8, -4.6259134e-9, 7.5333321e+1
-0.226, 1.3898369e-8, -4.6221591e-9, 7.5666656e+1
-0.227, 1.4040797e-8, -4.6529935e-9, 7.5999992e+1
-0.228, 1.4282836e-8, -4.6789550e-9, 7.6333328e+1
-0.229, 1.4415440e-8, -4.7101083e-9, 7.6666664e+1
-0.230, 1.4525676e-8, -4.7322355e-9, 7.7000000e+1
-0.231, 1.4799587e-8, -4.7547619e-9, 7.7333336e+1
-0.232, 1.4960788e-8, -4.8049276e-9, 7.7666672e+1
-0.233, 1.5255630e-8, -4.8360014e-9, 7.8000008e+1
-0.234, 1.5357399e-8, -4.8838502e-9, 7.8333344e+1
-0.235, 1.5494315e-8, -4.8987081e-9, 7.8666679e+1
-0.236, 1.5806810e-8, -4.9348148e-9, 7.9000015e+1
-0.237, 1.5955070e-8, -4.9467968e-9, 7.9333351e+1
-0.238, 1.6189842e-8, -4.9603766e-9, 7.9666687e+1
-0.239, 1.6374846e-8, -4.9757936e-9, 8.0000023e+1
-0.240, 1.6629986e-8, -5.0029532e-9, 8.0333359e+1
-0.241, 1.6710908e-8, -5.0226836e-9, 8.0666695e+1
-0.242, 1.7135317e-8, -5.0469677e-9, 8.1000031e+1
-0.243, 1.7226620e-8, -5.1071982e-9, 8.1333366e+1
-0.244, 1.7316486e-8, -5.1626361e-9, 8.1666702e+1
-0.245, 1.7726835e-8, -5.2308540e-9, 8.2000038e+1
-0.246, 1.7764540e-8, -5.2871703e-9, 8.2333374e+1
-0.247, 1.7966800e-8, -5.3466818e-9, 8.2666710e+1
-0.248, 1.8272186e-8, -5.3897380e-9, 8.3000046e+1
-0.249, 1.8327384e-8, -5.4322347e-9, 8.3333382e+1
-0.250, 1.8615276e-8, -5.4538027e-9, 8.3666718e+1
-0.251, 1.8744204e-8, -5.4821609e-9, 8.4000053e+1
-0.252, 1.9024826e-8, -5.5163500e-9, 8.4333389e+1
-0.253, 1.9214225e-8, -5.5701896e-9, 8.4666725e+1
-0.254, 1.9271420e-8, -5.6462368e-9, 8.5000061e+1
-0.255, 1.9560670e-8, -5.7216449e-9, 8.5333397e+1
-0.256, 1.9699904e-8, -5.8274874e-9, 8.5666733e+1
-0.257, 1.9796479e-8, -5.8850818e-9, 8.6000069e+1
-0.258, 2.0097552e-8, -5.9236642e-9, 8.6333405e+1
-0.259, 2.0197882e-8, -5.9475491e-9, 8.6666740e+1
-0.260, 2.0281998e-8, -5.9844538e-9, 8.7000076e+1
-0.261, 2.0618538e-8, -6.0561072e-9, 8.7333412e+1
-0.262, 2.0685638e-8, -6.1442162e-9, 8.7666748e+1
-0.263, 2.0750262e-8, -6.2718666e-9, 8.8000084e+1
-0.264, 2.1062197e-8, -6.3456769e-9, 8.8333420e+1
-0.265, 2.1177867e-8, -6.4071859e-9, 8.8666756e+1
-0.266, 2.1219323e-8, -6.4547949e-9, 8.9000092e+1
-0.267, 2.1404889e-8, -6.5040813e-9, 8.9333427e+1
-0.268, 2.1606349e-8, -6.5871584e-9, 8.9666763e+1
-0.269, 2.1679680e-8, -6.6993109e-9, 9.0000099e+1
-0.270, 2.1763077e-8, -6.8581949e-9, 9.0333435e+1
-0.271, 2.1931147e-8, -6.9101178e-9, 9.0666771e+1
-0.272, 2.2149861e-8, -6.9355997e-9, 9.1000107e+1
-0.273, 2.2217121e-8, -7.0028596e-9, 9.1333443e+1
-0.274, 2.2496065e-8, -7.1346640e-9, 9.1666779e+1
-0.275, 2.2569317e-8, -7.2720594e-9, 9.2000114e+1
-0.276, 2.2615168e-8, -7.3514621e-9, 9.2333450e+1
-0.277, 2.2836920e-8, -7.4144082e-9, 9.2666786e+1
-0.278, 2.2971998e-8, -7.4724023e-9, 9.3000122e+1
-0.279, 2.3063862e-8, -7.5981346e-9, 9.3333458e+1
-0.280, 2.3155167e-8, -7.7255455e-9, 9.3666794e+1
-0.281, 2.3212522e-8, -7.8313080e-9, 9.4000130e+1
-0.282, 2.3292161e-8, -7.8856273e-9, 9.4333466e+1
-0.283, 2.3373561e-8, -7.9320390e-9, 9.4666801e+1
-0.284, 2.3580133e-8, -7.9872366e-9, 9.5000137e+1
-0.285, 2.3613126e-8, -8.0962739e-9, 9.5333473e+1
-0.286, 2.3657940e-8, -8.2148981e-9, 9.5666809e+1
-0.287, 2.3756833e-8, -8.3176248e-9, 9.6000145e+1
-0.288, 2.3751479e-8, -8.3714653e-9, 9.6333481e+1
-0.289, 2.3900697e-8, -8.4114058e-9, 9.6666817e+1
-0.290, 2.4089218e-8, -8.4796241e-9, 9.7000153e+1
-0.291, 2.4103596e-8, -8.5467242e-9, 9.7333488e+1
-0.292, 2.4111344e-8, -8.6556025e-9, 9.7666824e+1
-0.293, 2.4226054e-8, -8.7552143e-9, 9.8000160e+1
-0.294, 2.4204647e-8, -8.8295042e-9, 9.8333496e+1
-0.295, 2.4345077e-8, -8.8659302e-9, 9.8666832e+1
-0.296, 2.4433426e-8, -8.8894154e-9, 9.9000168e+1
-0.297, 2.4495733e-8, -8.9161754e-9, 9.9333504e+1
-0.298, 2.4550532e-8, -8.9877483e-9, 9.9666840e+1
-0.299, 2.4566667e-8, -9.0801713e-9, 1.0000018e+2
-0.300, 2.4625219e-8, -9.1699581e-9, 1.0033351e+2
-0.301, 2.4677703e-8, -9.2298684e-9, 1.0066685e+2
-0.302, 2.4676345e-8, -9.2710879e-9, 1.0100018e+2
-0.303, 2.4729705e-8, -9.3297210e-9, 1.0133352e+2
-0.304, 2.4741208e-8, -9.3564809e-9, 1.0166685e+2
-0.305, 2.4841698e-8, -9.3847587e-9, 1.0200019e+2
-0.306, 2.5030777e-8, -9.4035304e-9, 1.0233353e+2
-0.307, 2.5011847e-8, -9.4515391e-9, 1.0266686e+2
-0.308, 2.5080144e-8, -9.4969916e-9, 1.0300020e+2
-0.309, 2.5139895e-8, -9.5295833e-9, 1.0333353e+2
-0.310, 2.5123040e-8, -9.5911723e-9, 1.0366687e+2
-0.311, 2.5130868e-8, -9.6477279e-9, 1.0400021e+2
-0.312, 2.5153795e-8, -9.6938191e-9, 1.0433354e+2
-0.313, 2.5162823e-8, -9.7471000e-9, 1.0466688e+2
-0.314, 2.5243661e-8, -9.7931121e-9, 1.0500021e+2
-0.315, 2.5251172e-8, -9.8217887e-9, 1.0533355e+2
-0.316, 2.5323221e-8, -9.8404014e-9, 1.0566689e+2
-0.317, 2.5341437e-8, -9.8495878e-9, 1.0600022e+2
-0.318, 2.5450314e-8, -9.8844950e-9, 1.0633356e+2
-0.319, 2.5550166e-8, -9.8932027e-9, 1.0666689e+2
-0.320, 2.5530035e-8, -9.9261932e-9, 1.0700023e+2
-0.321, 2.5533629e-8, -9.9650954e-9, 1.0733356e+2
-0.322, 2.5650095e-8, -1.0014862e-8, 1.0766690e+2
-0.323, 2.5629726e-8, -1.0051687e-8, 1.0800024e+2
-0.324, 2.5640592e-8, -1.0111519e-8, 1.0833357e+2
-0.325, 2.5780622e-8, -1.0152656e-8, 1.0866691e+2
-0.326, 2.5681091e-8, -1.0207136e-8, 1.0900024e+2
-0.327, 2.5757616e-8, -1.0232698e-8, 1.0933358e+2
-0.328, 2.5911548e-8, -1.0266888e-8, 1.0966692e+2
-0.329, 2.5890538e-8, -1.0308825e-8, 1.1000025e+2
-0.330, 2.5935352e-8, -1.0318970e-8, 1.1033359e+2
-0.331, 2.5997899e-8, -1.0330393e-8, 1.1066692e+2
-0.332, 2.6036403e-8, -1.0355875e-8, 1.1100026e+2
-0.333, 2.6085448e-8, -1.0375365e-8, 1.1133360e+2
-0.334, 2.6047585e-8, -1.0381756e-8, 1.1166693e+2
-0.335, 2.6091442e-8, -1.0393340e-8, 1.1200027e+2
-0.336, 2.6113169e-8, -1.0405641e-8, 1.1233360e+2
-0.337, 2.6117004e-8, -1.0409475e-8, 1.1266694e+2
-0.338, 2.6165731e-8, -1.0431283e-8, 1.1300027e+2
-0.339, 2.6133456e-8, -1.0435676e-8, 1.1333361e+2
-0.340, 2.6129625e-8, -1.0437034e-8, 1.1366695e+2
-0.341, 2.6217414e-8, -1.0456046e-8, 1.1400028e+2
-0.342, 2.6134735e-8, -1.0438233e-8, 1.1433362e+2
-0.343, 2.6172280e-8, -1.0444143e-8, 1.1466695e+2
-0.344, 2.6227877e-8, -1.0452770e-8, 1.1500029e+2
-0.345, 2.6181946e-8, -1.0463155e-8, 1.1533363e+2
-0.346, 2.6205031e-8, -1.0456206e-8, 1.1566696e+2
-0.347, 2.6169324e-8, -1.0455966e-8, 1.1600030e+2
-0.348, 2.6260150e-8, -1.0466191e-8, 1.1633363e+2
-0.349, 2.6274687e-8, -1.0480091e-8, 1.1666697e+2
-0.350, 2.6285312e-8, -1.0502137e-8, 1.1700031e+2
-0.351, 2.6444354e-8, -1.0502058e-8, 1.1733364e+2
-0.352, 2.6491085e-8, -1.0549826e-8, 1.1766698e+2
-0.353, 2.6380050e-8, -1.0543835e-8, 1.1800031e+2
-0.354, 2.6562262e-8, -1.0578503e-8, 1.1833365e+2
-0.355, 2.6522640e-8, -1.0591844e-8, 1.1866698e+2
-0.356, 2.6539416e-8, -1.0623237e-8, 1.1900032e+2
-0.357, 2.6596689e-8, -1.0641850e-8, 1.1933366e+2
-0.358, 2.6568092e-8, -1.0699524e-8, 1.1966699e+2
-0.359, 2.6610271e-8, -1.0695770e-8, 1.2000033e+2
-0.360, 2.6642541e-8, -1.0696009e-8, 1.2033366e+2
-0.361, 2.6638148e-8, -1.0726205e-8, 1.2066700e+2
-0.362, 2.6657080e-8, -1.0741701e-8, 1.2100034e+2
-0.363, 2.6661233e-8, -1.0722769e-8, 1.2133367e+2
-0.364, 2.6768435e-8, -1.0729798e-8, 1.2166701e+2
-0.365, 2.6843045e-8, -1.0763748e-8, 1.2200034e+2
-0.366, 2.6775304e-8, -1.0772456e-8, 1.2233368e+2
-0.367, 2.6922443e-8, -1.0744178e-8, 1.2266702e+2
-0.368, 2.6878990e-8, -1.0770538e-8, 1.2300035e+2
-0.369, 2.6921805e-8, -1.0738986e-8, 1.2333369e+2
-0.370, 2.7013112e-8, -1.0736509e-8, 1.2366702e+2
-0.371, 2.6993060e-8, -1.0738107e-8, 1.2400036e+2
-0.372, 2.7011671e-8, -1.0720213e-8, 1.2433369e+2
-0.373, 2.7047939e-8, -1.0695690e-8, 1.2466703e+2
-0.374, 2.7062399e-8, -1.0663578e-8, 1.2500037e+2
-0.375, 2.7053291e-8, -1.0652953e-8, 1.2533370e+2
-0.376, 2.7086040e-8, -1.0624595e-8, 1.2566704e+2
-0.377, 2.7069268e-8, -1.0558693e-8, 1.2600037e+2
-0.378, 2.7098743e-8, -1.0532812e-8, 1.2633371e+2
-0.379, 2.7068708e-8, -1.0515797e-8, 1.2666705e+2
-0.380, 2.7116878e-8, -1.0474818e-8, 1.2700038e+2
-0.381, 2.7122788e-8, -1.0459400e-8, 1.2733372e+2
-0.382, 2.7113202e-8, -1.0429606e-8, 1.2766705e+2
-0.383, 2.7229667e-8, -1.0426410e-8, 1.2800038e+2
-0.384, 2.7210175e-8, -1.0405641e-8, 1.2833371e+2
-0.385, 2.7213851e-8, -1.0401248e-8, 1.2866704e+2
-0.386, 2.7372176e-8, -1.0391342e-8, 1.2900037e+2
-0.387, 2.7260903e-8, -1.0379041e-8, 1.2933369e+2
-0.388, 2.7338068e-8, -1.0366419e-8, 1.2966702e+2
-0.389, 2.7520276e-8, -1.0365620e-8, 1.3000035e+2
-0.390, 2.7476103e-8, -1.0352200e-8, 1.3033368e+2
-0.391, 2.7539366e-8, -1.0352441e-8, 1.3066701e+2
-0.392, 2.7561894e-8, -1.0358830e-8, 1.3100034e+2
-0.393, 2.7528266e-8, -1.0352520e-8, 1.3133366e+2
-0.394, 2.7608225e-8, -1.0360188e-8, 1.3166699e+2
-0.395, 2.7662304e-8, -1.0357232e-8, 1.3200032e+2
-0.396, 2.7722216e-8, -1.0363704e-8, 1.3233365e+2
-0.397, 2.7766712e-8, -1.0368576e-8, 1.3266698e+2
-0.398, 2.7901629e-8, -1.0387827e-8, 1.3300031e+2
-0.399, 2.8096620e-8, -1.0390064e-8, 1.3333363e+2
