Feb. 3, 2006   03:24:54
Square Wave Voltammetry
File: z:\users\scottsaunders\git\labwork\ida\01_23_19_psoralen_nonequil_3\data\control\3\75um_control_transfer_3_swv_12.txt
Data Source:  Experiment
Instrument Model:  CHI760E
Header: 
Note: 

Init E (V) = 0.1
Final E (V) = -0.5
Incr E (V) = 0.001
Amplitude (V) = 0.025
Frequency (Hz) = 300
Quiet Time (sec) = 2
Sensitivity (A/V) = 1e-6
Sens 2 (A/V) = 1e-6

Potential/V, i1/A, i2/A

0.099, 1.8703703e-6, 1.0659160e-6
0.098, 2.2560901e-6, 1.2762562e-6
0.097, 2.3218886e-6, 1.4107552e-6
0.096, 2.2703218e-6, 1.3753495e-6
0.095, 2.2628021e-6, 1.4397790e-6
0.094, 2.2686231e-6, 1.3955837e-6
0.093, 2.2516706e-6, 1.3391357e-6
0.092, 2.2595698e-6, 1.3163453e-6
0.091, 2.2545730e-6, 1.3303461e-6
0.090, 2.2398467e-6, 1.3599799e-6
0.089, 2.2565023e-6, 1.4711279e-6
0.088, 2.2112185e-6, 1.3398942e-6
0.087, 2.2269674e-6, 1.2985847e-6
0.086, 2.2018849e-6, 1.2677965e-6
0.085, 2.2405393e-6, 1.3201711e-6
0.084, 2.1975807e-6, 1.3194292e-6
0.083, 2.1927160e-6, 1.3800658e-6
0.082, 2.1908854e-6, 1.3463751e-6
0.081, 2.1751862e-6, 1.3427141e-6
0.080, 2.1832668e-6, 1.2103919e-6
0.079, 2.1640881e-6, 1.2687858e-6
0.078, 2.1452390e-6, 1.3022623e-6
0.077, 2.1698434e-6, 1.4107716e-6
0.076, 2.1292926e-6, 1.2632120e-6
0.075, 2.1559911e-6, 1.2861177e-6
0.074, 2.1256315e-6, 1.2042244e-6
0.073, 2.1893356e-6, 1.2331657e-6
0.072, 2.1392693e-6, 1.2358207e-6
0.071, 2.1083820e-6, 1.3389872e-6
0.070, 2.1374058e-6, 1.3011079e-6
0.069, 2.1125873e-6, 1.2569619e-6
0.068, 2.1477622e-6, 1.1845343e-6
0.067, 2.0858720e-6, 1.1919552e-6
0.066, 2.1058424e-6, 1.2597488e-6
0.065, 2.1260439e-6, 1.2861836e-6
0.064, 2.0943814e-6, 1.1916419e-6
0.063, 2.1044079e-6, 1.2387231e-6
0.062, 2.0900113e-6, 1.1912955e-6
0.061, 2.1200740e-6, 1.1925654e-6
0.060, 2.0910338e-6, 1.1781854e-6
0.059, 2.0704367e-6, 1.2829844e-6
0.058, 2.0822936e-6, 1.2815498e-6
0.057, 2.0552488e-6, 1.2072258e-6
0.056, 2.0811558e-6, 1.1309062e-6
0.055, 2.0517855e-6, 1.1579511e-6
0.054, 2.0758621e-6, 1.2103260e-6
0.053, 2.0473663e-6, 1.2349303e-6
0.052, 2.0435896e-6, 1.1860185e-6
0.051, 2.0448924e-6, 1.2064670e-6
0.050, 2.0219538e-6, 1.1854578e-6
0.049, 2.0471518e-6, 1.1462262e-6
0.048, 2.0371253e-6, 1.1430434e-6
0.047, 2.0231575e-6, 1.1519980e-6
0.046, 2.0629004e-6, 1.2612165e-6
0.045, 2.0343055e-6, 1.1648608e-6
0.044, 2.0344537e-6, 1.0975124e-6
0.043, 2.0161820e-6, 1.0698574e-6
0.042, 2.0617790e-6, 1.1744255e-6
0.041, 2.0372077e-6, 1.1305435e-6
0.040, 2.0058917e-6, 1.1879645e-6
0.039, 2.0233720e-6, 1.1502170e-6
0.038, 2.0109378e-6, 1.1526082e-6
0.037, 2.0129994e-6, 1.0528718e-6
0.036, 2.0065513e-6, 1.0995573e-6
0.035, 2.0011589e-6, 1.1151576e-6
0.034, 2.0316834e-6, 1.2163287e-6
0.033, 2.0043253e-6, 1.1091220e-6
0.032, 2.0036819e-6, 1.1036304e-6
0.031, 1.9937875e-6, 1.0697748e-6
0.030, 2.0149782e-6, 1.0937690e-6
0.029, 1.9852946e-6, 1.0884095e-6
0.028, 1.9890217e-6, 1.1373047e-6
0.027, 1.9983554e-6, 1.1580996e-6
0.026, 1.9874219e-6, 1.1047518e-6
0.025, 1.9941667e-6, 1.0584292e-6
0.024, 1.9625209e-6, 1.0433071e-6
0.023, 1.9809247e-6, 1.0822419e-6
0.022, 1.9982235e-6, 1.1630138e-6
0.021, 1.9775441e-6, 1.1085448e-6
0.020, 1.9603112e-6, 1.0913448e-6
0.019, 1.9724484e-6, 1.0479081e-6
0.018, 1.9850804e-6, 1.0550486e-6
0.017, 1.9775439e-6, 1.0564833e-6
0.016, 1.9444965e-6, 1.0505960e-6
0.015, 1.9698264e-6, 1.1684888e-6
0.014, 1.9532861e-6, 1.0847484e-6
0.013, 1.9594206e-6, 1.0287622e-6
0.012, 1.9388567e-6, 9.8199428e-7
0.011, 1.9814358e-6, 1.0750355e-6
0.010, 1.9610202e-6, 1.0606225e-6
0.009, 1.9469535e-6, 1.1003158e-6
0.008, 1.9539127e-6, 1.0431917e-6
0.007, 1.9493118e-6, 1.0656191e-6
0.006, 1.9587940e-6, 9.9403258e-7
0.005, 1.9633289e-6, 1.0235347e-6
0.004, 1.9290117e-6, 1.0179112e-6
0.003, 1.9438203e-6, 1.1489142e-6
0.002, 1.9238994e-6, 1.0367767e-6
0.001, 1.9463268e-6, 1.0317141e-6
-0.000, 1.9129002e-6, 9.7602458e-7
-0.001, 1.9428639e-6, 1.0213083e-6
-0.002, 1.9481574e-6, 1.0277398e-6
-0.003, 1.9141371e-6, 1.0736997e-6
-0.004, 1.9257300e-6, 1.0772617e-6
-0.005, 1.8989983e-6, 1.0653388e-6
-0.006, 1.9462775e-6, 9.9696786e-7
-0.007, 1.9257136e-6, 9.7963618e-7
-0.008, 1.9267195e-6, 1.0051969e-6
-0.009, 1.9445624e-6, 1.0886733e-6
-0.010, 1.9127187e-6, 1.0095505e-6
-0.011, 1.9161819e-6, 9.9617637e-7
-0.012, 1.9046877e-6, 9.8832675e-7
-0.013, 1.9315348e-6, 9.9754516e-7
-0.014, 1.9260103e-6, 1.0107213e-6
-0.015, 1.8863169e-6, 9.9038812e-7
-0.016, 1.9075571e-6, 1.0523275e-6
-0.017, 1.8891699e-6, 1.0356719e-6
-0.018, 1.9043248e-6, 9.7985048e-7
-0.019, 1.8938202e-6, 9.0908850e-7
-0.020, 1.9090082e-6, 9.9912825e-7
-0.021, 1.9113336e-6, 1.0063677e-6
-0.022, 1.8935069e-6, 1.0693626e-6
-0.023, 1.9063368e-6, 9.9144359e-7
-0.024, 1.8772964e-6, 9.5958330e-7
-0.025, 1.9075242e-6, 9.8859073e-7
-0.026, 1.9139557e-6, 9.9721535e-7
-0.027, 1.8744271e-6, 9.6687222e-7
-0.028, 1.8939027e-6, 1.0856224e-6
-0.029, 1.8628175e-6, 1.0120571e-6
-0.030, 1.8958981e-6, 9.8997589e-7
-0.031, 1.8707663e-6, 9.0603760e-7
-0.032, 1.8951559e-6, 9.9774297e-7
-0.033, 1.8879166e-6, 1.0085939e-6
-0.034, 1.8844536e-6, 1.0533336e-6
-0.035, 1.8704528e-6, 9.7760767e-7
-0.036, 1.8722008e-6, 1.0095670e-6
-0.037, 1.8850142e-6, 9.6525616e-7
-0.038, 1.8648955e-6, 9.5117298e-7
-0.039, 1.8729925e-6, 9.5203058e-7
-0.040, 1.8681935e-6, 1.0774926e-6
-0.041, 1.8385595e-6, 9.9713282e-7
-0.042, 1.8661981e-6, 9.9843567e-7
-0.043, 1.8459309e-6, 9.3169734e-7
-0.044, 1.8777089e-6, 9.6108397e-7
-0.045, 1.8831013e-6, 1.0024099e-6
-0.046, 1.8494601e-6, 1.0295208e-6
-0.047, 1.8435398e-6, 9.8042767e-7
-0.048, 1.8414124e-6, 9.9739668e-7
-0.049, 1.8880814e-6, 9.8004841e-7
-0.050, 1.8426987e-6, 9.5052985e-7
-0.051, 1.8367786e-6, 9.7712950e-7
-0.052, 1.8580353e-6, 1.0409984e-6
-0.053, 1.8353107e-6, 1.0427959e-6
-0.054, 1.8454691e-6, 9.8333010e-7
-0.055, 1.8373887e-6, 9.4617627e-7
-0.056, 1.8421215e-6, 9.6459644e-7
-0.057, 1.8691995e-6, 1.0046857e-6
-0.058, 1.8180119e-6, 9.9873250e-7
-0.059, 1.8429791e-6, 1.0627828e-6
-0.060, 1.8175668e-6, 1.0100121e-6
-0.061, 1.8474482e-6, 9.9012425e-7
-0.062, 1.8294072e-6, 9.5115649e-7
-0.063, 1.8371084e-6, 9.8179635e-7
-0.064, 1.8290280e-6, 1.0224462e-6
-0.065, 1.8254659e-6, 1.0526080e-6
-0.066, 1.8392852e-6, 9.7788813e-7
-0.067, 1.8245919e-6, 9.9073441e-7
-0.068, 1.8267357e-6, 9.8455030e-7
-0.069, 1.8332165e-6, 1.0088579e-6
-0.070, 1.8086946e-6, 9.6119936e-7
-0.071, 1.8230087e-6, 1.0965559e-6
-0.072, 1.7978273e-6, 1.0312028e-6
-0.073, 1.8365641e-6, 1.0176475e-6
-0.074, 1.8092884e-6, 9.2429298e-7
-0.075, 1.8371579e-6, 1.0048506e-6
-0.076, 1.8302483e-6, 1.0436700e-6
-0.077, 1.8073260e-6, 1.0804774e-6
-0.078, 1.8189189e-6, 9.9917770e-7
-0.079, 1.8188200e-6, 1.0210281e-6
-0.080, 1.8282034e-6, 9.7419411e-7
-0.081, 1.8250207e-6, 1.0065492e-6
-0.082, 1.7963102e-6, 9.8951409e-7
-0.083, 1.8074744e-6, 1.0730236e-6
-0.084, 1.7945126e-6, 1.0409490e-6
-0.085, 1.8190510e-6, 1.0409489e-6
-0.086, 1.7995422e-6, 9.6401936e-7
-0.087, 1.8084475e-6, 9.9098179e-7
-0.088, 1.8209145e-6, 1.0533995e-6
-0.089, 1.7937211e-6, 1.1184557e-6
-0.090, 1.8066004e-6, 1.0646462e-6
-0.091, 1.7794400e-6, 1.0523440e-6
-0.092, 1.8110693e-6, 1.0511402e-6
-0.093, 1.8039948e-6, 1.0034818e-6
-0.094, 1.7949250e-6, 1.0155036e-6
-0.095, 1.7951227e-6, 1.0847980e-6
-0.096, 1.7914454e-6, 1.1182083e-6
-0.097, 1.8004494e-6, 1.0695276e-6
-0.098, 1.7786319e-6, 1.0151408e-6
-0.099, 1.7988167e-6, 1.0370570e-6
-0.100, 1.8097667e-6, 1.0935711e-6
-0.101, 1.7930780e-6, 1.0620572e-6
-0.102, 1.7940014e-6, 1.1517507e-6
-0.103, 1.7766201e-6, 1.0908996e-6
-0.104, 1.8086287e-6, 1.0720506e-6
-0.105, 1.7801822e-6, 1.0131289e-6
-0.106, 1.7990146e-6, 1.0588909e-6
-0.107, 1.8001360e-6, 1.1178125e-6
-0.108, 1.7836121e-6, 1.1876346e-6
-0.109, 1.7962276e-6, 1.0989801e-6
-0.110, 1.7716234e-6, 1.0615295e-6
-0.111, 1.7882461e-6, 1.0881126e-6
-0.112, 1.8153901e-6, 1.1390362e-6
-0.113, 1.7712441e-6, 1.0917076e-6
-0.114, 1.7902910e-6, 1.1877501e-6
-0.115, 1.7784341e-6, 1.1346167e-6
-0.116, 1.8073094e-6, 1.1207974e-6
-0.117, 1.7847005e-6, 1.0533006e-6
-0.118, 1.7921709e-6, 1.1308898e-6
-0.119, 1.7949084e-6, 1.1575223e-6
-0.120, 1.7811055e-6, 1.2554613e-6
-0.121, 1.7982890e-6, 1.1598477e-6
-0.122, 1.7584968e-6, 1.1658997e-6
-0.123, 1.7915772e-6, 1.1358535e-6
-0.124, 1.7997897e-6, 1.1718860e-6
-0.125, 1.7852612e-6, 1.1361999e-6
-0.126, 1.8026426e-6, 1.2842543e-6
-0.127, 1.7660332e-6, 1.2107382e-6
-0.128, 1.8052317e-6, 1.2301314e-6
-0.129, 1.7797204e-6, 1.1305765e-6
-0.130, 1.7857890e-6, 1.1582315e-6
-0.131, 1.7969038e-6, 1.2423016e-6
-0.132, 1.7812210e-6, 1.2921698e-6
-0.133, 1.7951393e-6, 1.2058075e-6
-0.134, 1.7602117e-6, 1.2181591e-6
-0.135, 1.7929459e-6, 1.2182086e-6
-0.136, 1.7933747e-6, 1.2277897e-6
-0.137, 1.7804296e-6, 1.2175819e-6
-0.138, 1.7887903e-6, 1.3098314e-6
-0.139, 1.7668081e-6, 1.3204185e-6
-0.140, 1.7990972e-6, 1.2872060e-6
-0.141, 1.7802645e-6, 1.2315166e-6
-0.142, 1.7868774e-6, 1.2385912e-6
-0.143, 1.8088101e-6, 1.3200392e-6
-0.144, 1.7763728e-6, 1.3412134e-6
-0.145, 1.7923689e-6, 1.3485683e-6
-0.146, 1.7604922e-6, 1.3049172e-6
-0.147, 1.7992124e-6, 1.3283673e-6
-0.148, 1.7956834e-6, 1.2998050e-6
-0.149, 1.7992950e-6, 1.3132285e-6
-0.150, 1.7893015e-6, 1.3528561e-6
-0.151, 1.7691992e-6, 1.4527902e-6
-0.152, 1.8007132e-6, 1.3720183e-6
-0.153, 1.7922698e-6, 1.3404384e-6
-0.154, 1.7926491e-6, 1.3288783e-6
-0.155, 1.8129493e-6, 1.4106397e-6
-0.156, 1.7734540e-6, 1.3880308e-6
-0.157, 1.7932430e-6, 1.4699406e-6
-0.158, 1.7711781e-6, 1.4175824e-6
-0.159, 1.8029723e-6, 1.4386906e-6
-0.160, 1.7859045e-6, 1.3507453e-6
-0.161, 1.7937375e-6, 1.3864146e-6
-0.162, 1.7884770e-6, 1.4565006e-6
-0.163, 1.7804294e-6, 1.5542416e-6
-0.164, 1.7845852e-6, 1.4665270e-6
-0.165, 1.7795885e-6, 1.4437204e-6
-0.166, 1.7935067e-6, 1.4423680e-6
-0.167, 1.8045391e-6, 1.5123055e-6
-0.168, 1.7846347e-6, 1.4743932e-6
-0.169, 1.7829525e-6, 1.5461777e-6
-0.170, 1.7879656e-6, 1.5051651e-6
-0.171, 1.8110366e-6, 1.5444626e-6
-0.172, 1.7894665e-6, 1.5024275e-6
-0.173, 1.7862178e-6, 1.4800826e-6
-0.174, 1.7982397e-6, 1.5878334e-6
-0.175, 1.7899283e-6, 1.6731567e-6
-0.176, 1.7990476e-6, 1.6153401e-6
-0.177, 1.7595028e-6, 1.5779553e-6
-0.178, 1.7988002e-6, 1.5746077e-6
-0.179, 1.8042751e-6, 1.6047036e-6
-0.180, 1.8030548e-6, 1.5845353e-6
-0.181, 1.7931604e-6, 1.6565341e-6
-0.182, 1.7854097e-6, 1.6878007e-6
-0.183, 1.8136091e-6, 1.6637900e-6
-0.184, 1.8034837e-6, 1.6437373e-6
-0.185, 1.7857395e-6, 1.6185559e-6
-0.186, 1.8351295e-6, 1.7161153e-6
-0.187, 1.7739815e-6, 1.7105580e-6
-0.188, 1.8109870e-6, 1.7895654e-6
-0.189, 1.7685066e-6, 1.6941332e-6
-0.190, 1.8010430e-6, 1.7108382e-6
-0.191, 1.8149448e-6, 1.6679952e-6
-0.192, 1.8118609e-6, 1.7116795e-6
-0.193, 1.8035992e-6, 1.7694136e-6
-0.194, 1.7901095e-6, 1.8941666e-6
-0.195, 1.8177811e-6, 1.8053636e-6
-0.196, 1.7969039e-6, 1.7930120e-6
-0.197, 1.7969533e-6, 1.7039616e-6
-0.198, 1.8217720e-6, 1.8532694e-6
-0.199, 1.7894005e-6, 1.8147964e-6
-0.200, 1.8113333e-6, 1.9147305e-6
-0.201, 1.7819302e-6, 1.8492292e-6
-0.202, 1.8182758e-6, 1.8850635e-6
-0.203, 1.8191994e-6, 1.8189851e-6
-0.204, 1.7983384e-6, 1.8121249e-6
-0.205, 1.8073260e-6, 1.9111521e-6
-0.206, 1.7870094e-6, 2.0354928e-6
-0.207, 1.8034837e-6, 1.9661984e-6
-0.208, 1.7925832e-6, 1.9153076e-6
-0.209, 1.8129988e-6, 1.8949746e-6
-0.210, 1.8205681e-6, 1.9389061e-6
-0.211, 1.8074250e-6, 1.9421548e-6
-0.212, 1.8099315e-6, 2.0381642e-6
-0.213, 1.7813366e-6, 1.9918912e-6
-0.214, 1.8070125e-6, 2.0643022e-6
-0.215, 1.8068972e-6, 1.9821450e-6
-0.216, 1.7984210e-6, 1.9318645e-6
-0.217, 1.8120588e-6, 2.0520001e-6
-0.218, 1.7897632e-6, 2.1224816e-6
-0.219, 1.7969534e-6, 2.1232897e-6
-0.220, 1.7831835e-6, 2.0345033e-6
-0.221, 1.8052810e-6, 2.0318153e-6
-0.222, 1.8138398e-6, 2.0810899e-6
-0.223, 1.7938034e-6, 2.0924354e-6
-0.224, 1.8022467e-6, 2.1114824e-6
-0.225, 1.7848324e-6, 2.2012086e-6
-0.226, 1.8005484e-6, 2.1816836e-6
-0.227, 1.7914288e-6, 2.1046221e-6
-0.228, 1.7963102e-6, 2.0412151e-6
-0.229, 1.8120095e-6, 2.1844212e-6
-0.230, 1.7897303e-6, 2.2285999e-6
-0.231, 1.8022138e-6, 2.2875877e-6
-0.232, 1.7775600e-6, 2.1646817e-6
-0.233, 1.8057759e-6, 2.1836295e-6
-0.234, 1.8031044e-6, 2.2241475e-6
-0.235, 1.8119269e-6, 2.2128843e-6
-0.236, 1.7889387e-6, 2.2466079e-6
-0.237, 1.7891201e-6, 2.3661828e-6
-0.238, 1.8097502e-6, 2.3068983e-6
-0.239, 1.7871412e-6, 2.2905888e-6
-0.240, 1.7930449e-6, 2.1951898e-6
-0.241, 1.8190015e-6, 2.3258133e-6
-0.242, 1.7828866e-6, 2.3107903e-6
-0.243, 1.8103933e-6, 2.4047877e-6
-0.244, 1.7645652e-6, 2.3131154e-6
-0.245, 1.7936551e-6, 2.3069642e-6
-0.246, 1.8086948e-6, 2.2989168e-6
-0.247, 1.7988827e-6, 2.3270500e-6
-0.248, 1.7930449e-6, 2.3545404e-6
-0.249, 1.7779064e-6, 2.5053157e-6
-0.250, 1.8120588e-6, 2.4154242e-6
-0.251, 1.7884440e-6, 2.3563543e-6
-0.252, 1.7792257e-6, 2.3197613e-6
-0.253, 1.8061221e-6, 2.4676838e-6
-0.254, 1.7623556e-6, 2.4152923e-6
-0.255, 1.7923853e-6, 2.5303157e-6
-0.256, 1.7547368e-6, 2.4102956e-6
-0.257, 1.7929955e-6, 2.4763578e-6
-0.258, 1.7842717e-6, 2.4109388e-6
-0.259, 1.7744103e-6, 2.4167434e-6
-0.260, 1.7745423e-6, 2.4740327e-6
-0.261, 1.7545553e-6, 2.6273642e-6
-0.262, 1.7728767e-6, 2.5238678e-6
-0.263, 1.7638067e-6, 2.4791943e-6
-0.264, 1.7747566e-6, 2.3932278e-6
-0.265, 1.7749876e-6, 2.5160675e-6
-0.266, 1.7578207e-6, 2.4862525e-6
-0.267, 1.7658681e-6, 2.5956028e-6
-0.268, 1.7321445e-6, 2.5167933e-6
-0.269, 1.7609702e-6, 2.5756985e-6
-0.270, 1.7605580e-6, 2.4808598e-6
-0.271, 1.7471345e-6, 2.4545241e-6
-0.272, 1.7580845e-6, 2.5621100e-6
-0.273, 1.7371246e-6, 2.7047554e-6
-0.274, 1.7489981e-6, 2.5886766e-6
-0.275, 1.7252678e-6, 2.5373738e-6
-0.276, 1.7493774e-6, 2.5068657e-6
-0.277, 1.7520324e-6, 2.5696299e-6
-0.278, 1.7356240e-6, 2.5640725e-6
-0.279, 1.7257130e-6, 2.5958007e-6
-0.280, 1.6920883e-6, 2.6319485e-6
-0.281, 1.7201556e-6, 2.6620444e-6
-0.282, 1.7081503e-6, 2.5733073e-6
-0.283, 1.6960626e-6, 2.5295737e-6
-0.284, 1.7167421e-6, 2.6254347e-6
-0.285, 1.6821442e-6, 2.7152767e-6
-0.286, 1.7003832e-6, 2.7345709e-6
-0.287, 1.6789287e-6, 2.6024300e-6
-0.288, 1.6953205e-6, 2.5678489e-6
-0.289, 1.6870586e-6, 2.6118792e-6
-0.290, 1.6913133e-6, 2.6285516e-6
-0.291, 1.6744597e-6, 2.6190528e-6
-0.292, 1.6507294e-6, 2.7409692e-6
-0.293, 1.6715572e-6, 2.6874402e-6
-0.294, 1.6649774e-6, 2.6778755e-6
-0.295, 1.6513560e-6, 2.5435249e-6
-0.296, 1.6631634e-6, 2.6962628e-6
-0.297, 1.6252510e-6, 2.6866487e-6
-0.298, 1.6510755e-6, 2.7689707e-6
-0.299, 1.6168572e-6, 2.6342573e-6
-0.300, 1.6398453e-6, 2.6577566e-6
-0.301, 1.6318473e-6, 2.6326577e-6
-0.302, 1.6337108e-6, 2.6519353e-6
-0.303, 1.6201225e-6, 2.6456030e-6
-0.304, 1.5974805e-6, 2.8218897e-6
-0.305, 1.6202213e-6, 2.7111209e-6
-0.306, 1.6096342e-6, 2.6907878e-6
-0.307, 1.5921046e-6, 2.6023640e-6
-0.308, 1.6102114e-6, 2.7259298e-6
-0.309, 1.5785491e-6, 2.7186074e-6
-0.310, 1.5946276e-6, 2.7704548e-6
-0.311, 1.5617120e-6, 2.6992147e-6
-0.312, 1.5773453e-6, 2.7564543e-6
-0.313, 1.5948419e-6, 2.7046565e-6
-0.314, 1.5745418e-6, 2.6344883e-6
-0.315, 1.5714251e-6, 2.6890068e-6
-0.316, 1.5654224e-6, 2.8537002e-6
-0.317, 1.5756302e-6, 2.8096865e-6
-0.318, 1.5476783e-6, 2.7175852e-6
-0.319, 1.5546044e-6, 2.6515067e-6
-0.320, 1.5564349e-6, 2.7416950e-6
-0.321, 1.5440503e-6, 2.7241158e-6
-0.322, 1.5473979e-6, 2.7726646e-6
-0.323, 1.5237997e-6, 2.7589608e-6
-0.324, 1.5311380e-6, 2.7814708e-6
-0.325, 1.5448584e-6, 2.7185583e-6
-0.326, 1.5198253e-6, 2.6510120e-6
-0.327, 1.5424836e-6, 2.7537992e-6
-0.328, 1.4970020e-6, 2.8067345e-6
-0.329, 1.5228431e-6, 2.8790632e-6
-0.330, 1.5078861e-6, 2.7341750e-6
-0.331, 1.5228926e-6, 2.6820476e-6
-0.332, 1.5160490e-6, 2.7121598e-6
-0.333, 1.5238326e-6, 2.7418928e-6
-0.334, 1.5127177e-6, 2.7079877e-6
-0.335, 1.4887401e-6, 2.8703396e-6
-0.336, 1.5031533e-6, 2.8145018e-6
-0.337, 1.5070780e-6, 2.8052832e-6
-0.338, 1.4845185e-6, 2.6392208e-6
-0.339, 1.5064019e-6, 2.7804813e-6
-0.340, 1.4643502e-6, 2.8002537e-6
-0.341, 1.4924341e-6, 2.8798549e-6
-0.342, 1.4628827e-6, 2.7423380e-6
-0.343, 1.4812533e-6, 2.7654253e-6
-0.344, 1.4965403e-6, 2.7722028e-6
-0.345, 1.4677639e-6, 2.7331198e-6
-0.346, 1.4809400e-6, 2.7270346e-6
-0.347, 1.4506134e-6, 2.8893041e-6
-0.348, 1.4680771e-6, 2.9073451e-6
-0.349, 1.4442480e-6, 2.8059594e-6
-0.350, 1.4607554e-6, 2.6705702e-6
-0.351, 1.4589083e-6, 2.7555473e-6
-0.352, 1.4459300e-6, 2.7979122e-6
-0.353, 1.4471833e-6, 2.8512763e-6
-0.354, 1.4308246e-6, 2.7996930e-6
-0.355, 1.4481234e-6, 2.7964277e-6
-0.356, 1.4431596e-6, 2.7935750e-6
-0.357, 1.4371735e-6, 2.7121598e-6
-0.358, 1.4551485e-6, 2.7399960e-6
-0.359, 1.4132783e-6, 2.8044424e-6
-0.360, 1.4468535e-6, 2.9004023e-6
-0.361, 1.4275099e-6, 2.7789476e-6
-0.362, 1.4227605e-6, 2.6767375e-6
-0.363, 1.4312037e-6, 2.6937230e-6
-0.364, 1.4322758e-6, 2.7724666e-6
-0.365, 1.4260256e-6, 2.7436079e-6
-0.366, 1.4025427e-6, 2.8526288e-6
-0.367, 1.4223976e-6, 2.7766553e-6
-0.368, 1.4251682e-6, 2.8050690e-6
-0.369, 1.4159664e-6, 2.6282710e-6
-0.370, 1.4205177e-6, 2.7136605e-6
-0.371, 1.3962598e-6, 2.7506326e-6
-0.372, 1.4236180e-6, 2.8726317e-6
-0.373, 1.3922031e-6, 2.7296733e-6
-0.374, 1.4026912e-6, 2.7087792e-6
-0.375, 1.4161972e-6, 2.7136605e-6
-0.376, 1.4051648e-6, 2.6929151e-6
-0.377, 1.4196933e-6, 2.6983239e-6
-0.378, 1.3801812e-6, 2.7854285e-6
-0.379, 1.3946602e-6, 2.7738190e-6
-0.380, 1.3969028e-6, 2.7435913e-6
-0.381, 1.3939840e-6, 2.6021498e-6
-0.382, 1.4018996e-6, 2.6300686e-6
-0.383, 1.3927802e-6, 2.6929647e-6
-0.384, 1.4011741e-6, 2.7368135e-6
-0.385, 1.3817480e-6, 2.7003362e-6
-0.386, 1.3830506e-6, 2.6499235e-6
-0.387, 1.4035321e-6, 2.6793596e-6
-0.388, 1.3899273e-6, 2.5849167e-6
-0.389, 1.4177473e-6, 2.6109064e-6
-0.390, 1.3670216e-6, 2.5913316e-6
-0.391, 1.3903066e-6, 2.7541125e-6
-0.392, 1.3828857e-6, 2.6106095e-6
-0.393, 1.3731561e-6, 2.5497584e-6
-0.394, 1.3823744e-6, 2.5096856e-6
-0.395, 1.3710619e-6, 2.5968891e-6
-0.396, 1.3905045e-6, 2.5608565e-6
-0.397, 1.3678625e-6, 2.6597686e-6
-0.398, 1.3696435e-6, 2.5301015e-6
-0.399, 1.3814015e-6, 2.5932941e-6
-0.400, 1.3791423e-6, 2.4498736e-6
-0.401, 1.3871897e-6, 2.4521660e-6
-0.402, 1.3535815e-6, 2.4791611e-6
-0.403, 1.3895975e-6, 2.5524960e-6
-0.404, 1.3707979e-6, 2.5083168e-6
-0.405, 1.3580670e-6, 2.4477959e-6
-0.406, 1.3729912e-6, 2.4255332e-6
-0.407, 1.3537631e-6, 2.4286499e-6
-0.408, 1.3801482e-6, 2.4310741e-6
-0.409, 1.3388552e-6, 2.4307938e-6
-0.410, 1.3631297e-6, 2.4724495e-6
-0.411, 1.3730241e-6, 2.4220371e-6
-0.412, 1.3543731e-6, 2.3188709e-6
-0.413, 1.3713092e-6, 2.2561067e-6
-0.414, 1.3504978e-6, 2.3286825e-6
-0.415, 1.3555934e-6, 2.3805958e-6
-0.416, 1.3539609e-6, 2.4010444e-6
-0.417, 1.3512399e-6, 2.2621753e-6
-0.418, 1.3570941e-6, 2.3116313e-6
-0.419, 1.3477438e-6, 2.1992134e-6
-0.420, 1.3667907e-6, 2.2456682e-6
-0.421, 1.3327701e-6, 2.2022311e-6
-0.422, 1.3613488e-6, 2.3057110e-6
-0.423, 1.3553131e-6, 2.2458494e-6
-0.424, 1.3461113e-6, 2.1897313e-6
-0.425, 1.3500031e-6, 2.0865978e-6
-0.426, 1.3378163e-6, 2.1274950e-6
-0.427, 1.3658837e-6, 2.1509118e-6
-0.428, 1.3386574e-6, 2.2062056e-6
-0.429, 1.3310056e-6, 2.0704038e-6
-0.430, 1.3434562e-6, 2.1137416e-6
-0.431, 1.3366950e-6, 2.0344044e-6
-0.432, 1.3423019e-6, 2.0193811e-6
-0.433, 1.3205670e-6, 2.0233390e-6
-0.434, 1.3386573e-6, 2.0631974e-6
-0.435, 1.3355572e-6, 2.1173200e-6
-0.436, 1.3319456e-6, 1.9823428e-6
-0.437, 1.3435551e-6, 1.9064687e-6
-0.438, 1.3159166e-6, 1.9102285e-6
-0.439, 1.3469851e-6, 1.9561389e-6
-0.440, 1.3178130e-6, 1.9294898e-6
-0.441, 1.3270479e-6, 1.9707004e-6
-0.442, 1.3299173e-6, 1.9246252e-6
-0.443, 1.3200557e-6, 1.8378009e-6
-0.444, 1.3338256e-6, 1.7870424e-6
-0.445, 1.3078691e-6, 1.8195292e-6
-0.446, 1.3225624e-6, 1.8135102e-6
-0.447, 1.3307417e-6, 1.9287147e-6
-0.448, 1.3228263e-6, 1.7386748e-6
-0.449, 1.3284331e-6, 1.7913959e-6
-0.450, 1.3061374e-6, 1.6993936e-6
-0.451, 1.3410155e-6, 1.7303139e-6
-0.452, 1.3183571e-6, 1.6861516e-6
-0.453, 1.3201876e-6, 1.7805285e-6
-0.454, 1.3232384e-6, 1.7408021e-6
-0.455, 1.3043730e-6, 1.6840736e-6
-0.456, 1.3269984e-6, 1.6007293e-6
-0.457, 1.3025920e-6, 1.5930610e-6
-0.458, 1.3294884e-6, 1.6307260e-6
-0.459, 1.3141686e-6, 1.6775268e-6
-0.460, 1.2995577e-6, 1.6152412e-6
-0.461, 1.3068795e-6, 1.6138064e-6
-0.462, 1.2989971e-6, 1.5464085e-6
-0.463, 1.3214409e-6, 1.5223980e-6
-0.464, 1.2983044e-6, 1.5212271e-6
-0.465, 1.3053129e-6, 1.5311711e-6
-0.466, 1.3179945e-6, 1.6445123e-6
-0.467, 1.2978427e-6, 1.5170714e-6
-0.468, 1.3148942e-6, 1.4121075e-6
-0.469, 1.2830504e-6, 1.4347328e-6
-0.470, 1.3219521e-6, 1.4895811e-6
-0.471, 1.2940333e-6, 1.4534169e-6
-0.472, 1.2836936e-6, 1.4915437e-6
-0.473, 1.3067971e-6, 1.4220514e-6
-0.474, 1.2851942e-6, 1.4436049e-6
-0.475, 1.3116126e-6, 1.3241786e-6
-0.476, 1.2837925e-6, 1.3602109e-6
-0.477, 1.2925657e-6, 1.3821435e-6
-0.478, 1.3036145e-6, 1.4942316e-6
-0.479, 1.2801975e-6, 1.4049670e-6
-0.480, 1.3038123e-6, 1.3626515e-6
-0.481, 1.2840234e-6, 1.2947094e-6
-0.482, 1.2978591e-6, 1.3391686e-6
-0.483, 1.2744916e-6, 1.3173512e-6
-0.484, 1.2846830e-6, 1.3723151e-6
-0.485, 1.2911473e-6, 1.3307088e-6
-0.486, 1.2732878e-6, 1.3383440e-6
-0.487, 1.2981725e-6, 1.2643169e-6
-0.488, 1.2654712e-6, 1.2301314e-6
-0.489, 1.2948908e-6, 1.2937199e-6
-0.490, 1.2834626e-6, 1.3247227e-6
-0.491, 1.2775755e-6, 1.3078526e-6
-0.492, 1.2818795e-6, 1.2838915e-6
-0.493, 1.2626843e-6, 1.2587925e-6
-0.494, 1.2944785e-6, 1.1928622e-6
-0.495, 1.2791916e-6, 1.2396466e-6
-0.496, 1.2664276e-6, 1.2011570e-6
-0.497, 1.2841388e-6, 1.3617939e-6
-0.498, 1.2622390e-6, 1.2455832e-6
-0.499, 1.2833142e-6, 1.2125026e-6
-0.500, 1.2654878e-6, 1.1649928e-6
