Feb. 3, 2006   03:27:40
Square Wave Voltammetry
File: z:\users\scottsaunders\git\labwork\ida\01_23_19_psoralen_nonequil_3\data\control\3\75um_control_transfer_3_swv_13.txt
Data Source:  Experiment
Instrument Model:  CHI760E
Header: 
Note: 

Init E (V) = 0.1
Final E (V) = -0.5
Incr E (V) = 0.001
Amplitude (V) = 0.025
Frequency (Hz) = 300
Quiet Time (sec) = 2
Sensitivity (A/V) = 1e-6
Sens 2 (A/V) = 1e-6

Potential/V, i1/A, i2/A

0.099, 1.8601957e-6, 1.1927797e-6
0.098, 2.2801996e-6, 1.4105244e-6
0.097, 2.3061727e-6, 1.3342873e-6
0.096, 2.2996589e-6, 1.3288784e-6
0.095, 2.2819313e-6, 1.3740301e-6
0.094, 2.2635770e-6, 1.4321108e-6
0.093, 2.2722181e-6, 1.4675495e-6
0.092, 2.2236859e-6, 1.3590895e-6
0.091, 2.2601469e-6, 1.3605572e-6
0.090, 2.2449258e-6, 1.3477438e-6
0.089, 2.2344047e-6, 1.3759266e-6
0.088, 2.1964761e-6, 1.3413619e-6
0.087, 2.2280392e-6, 1.4119755e-6
0.086, 2.2264398e-6, 1.3747227e-6
0.085, 2.2282043e-6, 1.2891024e-6
0.084, 2.2130494e-6, 1.2719191e-6
0.083, 2.1739661e-6, 1.3231065e-6
0.082, 2.2103118e-6, 1.3844688e-6
0.081, 2.1763899e-6, 1.3958805e-6
0.080, 2.1617957e-6, 1.2863486e-6
0.079, 2.1700248e-6, 1.2717047e-6
0.078, 2.1611690e-6, 1.2697753e-6
0.077, 2.1958658e-6, 1.2972985e-6
0.076, 2.1530554e-6, 1.3270314e-6
0.075, 2.1800017e-6, 1.3448910e-6
0.074, 2.1629337e-6, 1.3122885e-6
0.073, 2.1271817e-6, 1.2318135e-6
0.072, 2.1277920e-6, 1.2088088e-6
0.071, 2.1152919e-6, 1.2583802e-6
0.070, 2.1447445e-6, 1.3311046e-6
0.069, 2.1113833e-6, 1.2872060e-6
0.068, 2.1134776e-6, 1.2370741e-6
0.067, 2.1425510e-6, 1.2315826e-6
0.066, 2.1044739e-6, 1.2182745e-6
0.065, 2.1198928e-6, 1.2252501e-6
0.064, 2.0714263e-6, 1.3211771e-6
0.063, 2.0808259e-6, 1.2415267e-6
0.062, 2.0977786e-6, 1.2619421e-6
0.061, 2.0745429e-6, 1.1453851e-6
0.060, 2.0837942e-6, 1.1878819e-6
0.059, 2.0787152e-6, 1.2014209e-6
0.058, 2.0793748e-6, 1.2606888e-6
0.057, 2.0717230e-6, 1.1855568e-6
0.056, 2.0412645e-6, 1.1986834e-6
0.055, 2.0792759e-6, 1.1886900e-6
0.054, 2.0619768e-6, 1.1660645e-6
0.053, 2.0722507e-6, 1.1791583e-6
0.052, 2.0377850e-6, 1.2638551e-6
0.051, 2.0412481e-6, 1.2454843e-6
0.050, 2.0693979e-6, 1.2108867e-6
0.049, 2.0447605e-6, 1.0957149e-6
0.048, 2.0561556e-6, 1.1345671e-6
0.047, 2.0298364e-6, 1.1699400e-6
0.046, 2.0542097e-6, 1.2614639e-6
0.045, 2.0220527e-6, 1.1509260e-6
0.044, 2.0153245e-6, 1.1507777e-6
0.043, 2.0406214e-6, 1.1229413e-6
0.042, 2.0301168e-6, 1.1045704e-6
0.041, 2.0242460e-6, 1.1106886e-6
0.040, 2.0050670e-6, 1.2119090e-6
0.039, 2.0067491e-6, 1.1781524e-6
0.038, 2.0485204e-6, 1.1347651e-6
0.037, 2.0043251e-6, 1.0464569e-6
0.036, 2.0095529e-6, 1.1473971e-6
0.035, 1.9757795e-6, 1.1352433e-6
0.034, 2.0081675e-6, 1.1858701e-6
0.033, 1.9936722e-6, 1.1038283e-6
0.032, 2.0161986e-6, 1.1221002e-6
0.031, 2.0237183e-6, 1.0999530e-6
0.030, 1.9914128e-6, 1.0857709e-6
0.029, 2.0012085e-6, 1.0813349e-6
0.028, 1.9828046e-6, 1.1839406e-6
0.027, 1.9884938e-6, 1.1808239e-6
0.026, 1.9985368e-6, 1.1169220e-6
0.025, 1.9720526e-6, 1.0235182e-6
0.024, 1.9972506e-6, 1.0729082e-6
0.023, 1.9684412e-6, 1.0938844e-6
0.022, 1.9900772e-6, 1.1703357e-6
0.021, 1.9418085e-6, 1.0586436e-6
0.020, 1.9623890e-6, 1.0844021e-6
0.019, 1.9885103e-6, 1.0166744e-6
0.018, 1.9633949e-6, 1.0588909e-6
0.017, 1.9783520e-6, 1.0409160e-6
0.016, 1.9374879e-6, 1.1445441e-6
0.015, 1.9641207e-6, 1.0892176e-6
0.014, 1.9589754e-6, 1.0784161e-6
0.013, 1.9362346e-6, 9.6317831e-7
0.012, 1.9737511e-6, 1.0749529e-6
0.011, 1.9228276e-6, 1.0510083e-6
0.010, 1.9427321e-6, 1.1266187e-6
0.009, 1.9226131e-6, 1.0458302e-6
0.008, 1.9416600e-6, 1.0888713e-6
0.007, 1.9674187e-6, 1.0439832e-6
0.006, 1.9303309e-6, 1.0174165e-6
0.005, 1.9339755e-6, 1.0276904e-6
0.004, 1.9272470e-6, 1.1304445e-6
0.003, 1.9413467e-6, 1.0771627e-6
0.002, 1.9198592e-6, 1.0425980e-6
0.001, 1.9126692e-6, 9.8880491e-7
-0.000, 1.9465085e-6, 1.0179772e-6
-0.001, 1.9195459e-6, 1.0291581e-6
-0.002, 1.9383783e-6, 1.0788283e-6
-0.003, 1.8969041e-6, 1.0149923e-6
-0.004, 1.9246086e-6, 1.0472319e-6
-0.005, 1.9426495e-6, 1.0143327e-6
-0.006, 1.9097338e-6, 9.7513407e-7
-0.007, 1.9230420e-6, 1.0143822e-6
-0.008, 1.8866963e-6, 1.0722486e-6
-0.009, 1.9354429e-6, 1.0697913e-6
-0.010, 1.9199747e-6, 1.0129311e-6
-0.011, 1.8996909e-6, 9.8265400e-7
-0.012, 1.9171382e-6, 1.0260907e-6
-0.013, 1.8953538e-6, 1.0022779e-6
-0.014, 1.8941830e-6, 1.0387062e-6
-0.015, 1.8797205e-6, 9.9197132e-7
-0.016, 1.8904066e-6, 1.0524925e-6
-0.017, 1.9115810e-6, 9.8525948e-7
-0.018, 1.8812542e-6, 9.5542759e-7
-0.019, 1.8914950e-6, 1.0153551e-6
-0.020, 1.8887906e-6, 1.0915921e-6
-0.021, 1.9011258e-6, 1.0306587e-6
-0.022, 1.8854430e-6, 1.0074066e-6
-0.023, 1.8694964e-6, 9.3535834e-7
-0.024, 1.9018019e-6, 1.0224792e-6
-0.025, 1.8778077e-6, 9.8611702e-7
-0.026, 1.8958817e-6, 1.0451870e-6
-0.027, 1.8612509e-6, 9.8135115e-7
-0.028, 1.8845525e-6, 1.0041909e-6
-0.029, 1.8901592e-6, 9.2937211e-7
-0.030, 1.8676164e-6, 9.7043426e-7
-0.031, 1.8514554e-6, 1.0072417e-6
-0.032, 1.8599646e-6, 1.0836436e-6
-0.033, 1.8821119e-6, 1.0012556e-6
-0.034, 1.8554463e-6, 9.3283523e-7
-0.035, 1.8791765e-6, 9.3026267e-7
-0.036, 1.8978606e-6, 1.0198902e-6
-0.037, 1.8408848e-6, 1.0410644e-6
-0.038, 1.8852945e-6, 1.0137885e-6
-0.039, 1.8098822e-6, 9.8793100e-7
-0.040, 1.8667092e-6, 9.8953069e-7
-0.041, 1.8529561e-6, 9.5874225e-7
-0.042, 1.8544567e-6, 9.6418421e-7
-0.043, 1.8626361e-6, 1.0271131e-6
-0.044, 1.8332165e-6, 1.0084620e-6
-0.045, 1.8648293e-6, 9.9414797e-7
-0.046, 1.8443150e-6, 9.1784511e-7
-0.047, 1.8701725e-6, 9.4556611e-7
-0.048, 1.8745095e-6, 1.0054113e-6
-0.049, 1.8457331e-6, 1.0294877e-6
-0.050, 1.8389223e-6, 9.8116971e-7
-0.051, 1.8209473e-6, 9.9878196e-7
-0.052, 1.8636915e-6, 9.8206033e-7
-0.053, 1.8404230e-6, 9.5854432e-7
-0.054, 1.8209474e-6, 9.3901929e-7
-0.055, 1.8399612e-6, 1.0604246e-6
-0.056, 1.8378009e-6, 9.8631494e-7
-0.057, 1.8466237e-6, 9.9648969e-7
-0.058, 1.8081505e-6, 9.2150600e-7
-0.059, 1.8290774e-6, 9.8860710e-7
-0.060, 1.8208156e-6, 1.0248539e-6
-0.061, 1.8332331e-6, 1.0659489e-6
-0.062, 1.8293742e-6, 9.8553983e-7
-0.063, 1.8012574e-6, 1.0244746e-6
-0.064, 1.8409671e-6, 9.7442501e-7
-0.065, 1.8372567e-6, 9.7793759e-7
-0.066, 1.8128999e-6, 9.6176007e-7
-0.067, 1.8252845e-6, 1.0865625e-6
-0.068, 1.7890542e-6, 1.0123869e-6
-0.069, 1.8262574e-6, 9.7393024e-7
-0.070, 1.7837936e-6, 9.1441507e-7
-0.071, 1.8168578e-6, 1.0142833e-6
-0.072, 1.8121414e-6, 1.0204839e-6
-0.073, 1.8083319e-6, 1.0402563e-6
-0.074, 1.8074743e-6, 1.0110840e-6
-0.075, 1.7833813e-6, 9.8309920e-7
-0.076, 1.8135102e-6, 9.9061901e-7
-0.077, 1.8097996e-6, 9.9683598e-7
-0.078, 1.7854757e-6, 1.0450386e-6
-0.079, 1.8236024e-6, 1.1003488e-6
-0.080, 1.7756965e-6, 1.0126176e-6
-0.081, 1.7950074e-6, 9.7087957e-7
-0.082, 1.7722500e-6, 9.5389396e-7
-0.083, 1.8039784e-6, 1.0342042e-6
-0.084, 1.7952383e-6, 1.0654543e-6
-0.085, 1.7888069e-6, 1.0242437e-6
-0.086, 1.7999216e-6, 1.0426475e-6
-0.087, 1.7859209e-6, 1.0189501e-6
-0.088, 1.8026426e-6, 1.0023934e-6
-0.089, 1.7793741e-6, 1.0155366e-6
-0.090, 1.8004660e-6, 1.0840394e-6
-0.091, 1.7970192e-6, 1.0805434e-6
-0.092, 1.7881966e-6, 1.0337590e-6
-0.093, 1.8047699e-6, 9.8219220e-7
-0.094, 1.7612671e-6, 1.0036302e-6
-0.095, 1.8060726e-6, 1.0690658e-6
-0.096, 1.7795224e-6, 1.0865955e-6
-0.097, 1.7668740e-6, 1.0371890e-6
-0.098, 1.7812210e-6, 1.0793066e-6
-0.099, 1.7681605e-6, 1.0328520e-6
-0.100, 1.7836286e-6, 1.0508763e-6
-0.101, 1.7687045e-6, 1.0049990e-6
-0.102, 1.7718708e-6, 1.1385085e-6
-0.103, 1.7749051e-6, 1.1408667e-6
-0.104, 1.7742784e-6, 1.0906688e-6
-0.105, 1.7908847e-6, 1.0180597e-6
-0.106, 1.7567487e-6, 1.0410313e-6
-0.107, 1.7805944e-6, 1.1244583e-6
-0.108, 1.7690179e-6, 1.1684228e-6
-0.109, 1.7640047e-6, 1.0611997e-6
-0.110, 1.7919731e-6, 1.1099959e-6
-0.111, 1.7826558e-6, 1.0295703e-6
-0.112, 1.8033352e-6, 1.0907511e-6
-0.113, 1.7477942e-6, 1.0839240e-6
-0.114, 1.7810232e-6, 1.1984196e-6
-0.115, 1.7832165e-6, 1.1240954e-6
-0.116, 1.7661321e-6, 1.1173179e-6
-0.117, 1.7662474e-6, 1.0514370e-6
-0.118, 1.7758616e-6, 1.1305269e-6
-0.119, 1.7911157e-6, 1.1559227e-6
-0.120, 1.7665278e-6, 1.2242277e-6
-0.121, 1.7623886e-6, 1.1135909e-6
-0.122, 1.7814189e-6, 1.1675323e-6
-0.123, 1.7622401e-6, 1.0782346e-6
-0.124, 1.7833648e-6, 1.1498706e-6
-0.125, 1.7375203e-6, 1.1367936e-6
-0.126, 1.7679295e-6, 1.2816652e-6
-0.127, 1.7689849e-6, 1.2182745e-6
-0.128, 1.7670719e-6, 1.1732876e-6
-0.129, 1.7690343e-6, 1.0943627e-6
-0.130, 1.7611022e-6, 1.2003820e-6
-0.131, 1.7950238e-6, 1.1975291e-6
-0.132, 1.7529064e-6, 1.2880637e-6
-0.133, 1.7676161e-6, 1.2150424e-6
-0.134, 1.7880152e-6, 1.2402568e-6
-0.135, 1.7643509e-6, 1.1539439e-6
-0.136, 1.7938200e-6, 1.2170707e-6
-0.137, 1.7566497e-6, 1.2092046e-6
-0.138, 1.7765212e-6, 1.3443797e-6
-0.139, 1.7707330e-6, 1.2763056e-6
-0.140, 1.7663134e-6, 1.2415265e-6
-0.141, 1.7768839e-6, 1.1847652e-6
-0.142, 1.7682593e-6, 1.2554942e-6
-0.143, 1.7803470e-6, 1.2806921e-6
-0.144, 1.7548853e-6, 1.3518006e-6
-0.145, 1.7510595e-6, 1.2692311e-6
-0.146, 1.7741629e-6, 1.3291092e-6
-0.147, 1.7639221e-6, 1.2065001e-6
-0.148, 1.7811385e-6, 1.2839574e-6
-0.149, 1.7395982e-6, 1.2827866e-6
-0.150, 1.7609209e-6, 1.4326550e-6
-0.151, 1.7764552e-6, 1.3409991e-6
-0.152, 1.7678140e-6, 1.3234858e-6
-0.153, 1.7758450e-6, 1.3104911e-6
-0.154, 1.7535659e-6, 1.3716390e-6
-0.155, 1.7736352e-6, 1.3524107e-6
-0.156, 1.7476788e-6, 1.4146140e-6
-0.157, 1.7548357e-6, 1.3971668e-6
-0.158, 1.7760759e-6, 1.3954023e-6
-0.159, 1.7641530e-6, 1.2993598e-6
-0.160, 1.7885429e-6, 1.3677143e-6
-0.161, 1.7533846e-6, 1.3961278e-6
-0.162, 1.7822764e-6, 1.5186710e-6
-0.163, 1.7718872e-6, 1.4381465e-6
-0.164, 1.7672369e-6, 1.3663785e-6
-0.165, 1.7805780e-6, 1.3885091e-6
-0.166, 1.7695620e-6, 1.4551979e-6
-0.167, 1.7838925e-6, 1.5201222e-6
-0.168, 1.7588595e-6, 1.5049505e-6
-0.169, 1.7655879e-6, 1.4795878e-6
-0.170, 1.7823589e-6, 1.5016194e-6
-0.171, 1.7708154e-6, 1.4335620e-6
-0.172, 1.7806110e-6, 1.4737170e-6
-0.173, 1.7501525e-6, 1.5617285e-6
-0.174, 1.7924348e-6, 1.6005807e-6
-0.175, 1.7510099e-6, 1.5476619e-6
-0.176, 1.7680120e-6, 1.4775100e-6
-0.177, 1.7833813e-6, 1.5196109e-6
-0.178, 1.7699249e-6, 1.5755808e-6
-0.179, 1.7823259e-6, 1.6339417e-6
-0.180, 1.7522797e-6, 1.5919726e-6
-0.181, 1.7729922e-6, 1.6118440e-6
-0.182, 1.7919235e-6, 1.5970353e-6
-0.183, 1.7684737e-6, 1.5592549e-6
-0.184, 1.7836617e-6, 1.5953203e-6
-0.185, 1.7502019e-6, 1.6770321e-6
-0.186, 1.7804459e-6, 1.6640209e-6
-0.187, 1.7628834e-6, 1.6589416e-6
-0.188, 1.7755153e-6, 1.5996573e-6
-0.189, 1.7748062e-6, 1.6579688e-6
-0.190, 1.7759274e-6, 1.6830843e-6
-0.191, 1.7797699e-6, 1.8078372e-6
-0.192, 1.7582825e-6, 1.7131965e-6
-0.193, 1.7816993e-6, 1.7408352e-6
-0.194, 1.7895159e-6, 1.7410989e-6
-0.195, 1.7787968e-6, 1.6715077e-6
-0.196, 1.7857230e-6, 1.7085791e-6
-0.197, 1.7673522e-6, 1.8566830e-6
-0.198, 1.7992455e-6, 1.8178636e-6
-0.199, 1.7718871e-6, 1.7854757e-6
-0.200, 1.7749380e-6, 1.7330844e-6
-0.201, 1.7943148e-6, 1.7794565e-6
-0.202, 1.7856901e-6, 1.8196446e-6
-0.203, 1.7951393e-6, 1.9192162e-6
-0.204, 1.7592388e-6, 1.8309903e-6
-0.205, 1.7698919e-6, 1.8840742e-6
-0.206, 1.7862671e-6, 1.8540774e-6
-0.207, 1.7836287e-6, 1.7789289e-6
-0.208, 1.7856241e-6, 1.8807596e-6
-0.209, 1.7462605e-6, 1.9851300e-6
-0.210, 1.7923687e-6, 1.9381805e-6
-0.211, 1.7654394e-6, 1.9075405e-6
-0.212, 1.7831176e-6, 1.8756309e-6
-0.213, 1.7955185e-6, 1.9514061e-6
-0.214, 1.7846346e-6, 1.9223658e-6
-0.215, 1.7915607e-6, 2.0263074e-6
-0.216, 1.7607229e-6, 2.0039129e-6
-0.217, 1.7720688e-6, 1.9925176e-6
-0.218, 1.7897798e-6, 1.9840249e-6
-0.219, 1.7774776e-6, 1.9315346e-6
-0.220, 1.7811715e-6, 2.0546879e-6
-0.221, 1.7575732e-6, 2.1184910e-6
-0.222, 1.7872072e-6, 2.1104599e-6
-0.223, 1.7582494e-6, 2.0141206e-6
-0.224, 1.7830680e-6, 2.0248563e-6
-0.225, 1.7928636e-6, 2.0833820e-6
-0.226, 1.7816334e-6, 2.0580687e-6
-0.227, 1.7897469e-6, 2.1255491e-6
-0.228, 1.7670225e-6, 2.1301828e-6
-0.229, 1.7850139e-6, 2.1652095e-6
-0.230, 1.7866960e-6, 2.0997904e-6
-0.231, 1.7703042e-6, 2.0541108e-6
-0.232, 1.7813036e-6, 2.1330029e-6
-0.233, 1.7675832e-6, 2.2345366e-6
-0.234, 1.7827713e-6, 2.2163968e-6
-0.235, 1.7402908e-6, 2.1558922e-6
-0.236, 1.7800173e-6, 2.1554963e-6
-0.237, 1.7919401e-6, 2.2054305e-6
-0.238, 1.7879822e-6, 2.1937385e-6
-0.239, 1.7783682e-6, 2.2594049e-6
-0.240, 1.7650107e-6, 2.3014563e-6
-0.241, 1.7812871e-6, 2.2748072e-6
-0.242, 1.7735034e-6, 2.2092067e-6
-0.243, 1.7771148e-6, 2.1542264e-6
-0.244, 1.7996248e-6, 2.2758131e-6
-0.245, 1.7615309e-6, 2.3152593e-6
-0.246, 1.7847171e-6, 2.3883958e-6
-0.247, 1.7516861e-6, 2.2902921e-6
-0.248, 1.7835628e-6, 2.3256814e-6
-0.249, 1.7820457e-6, 2.3185244e-6
-0.250, 1.7799841e-6, 2.3211628e-6
-0.251, 1.7564848e-6, 2.3179966e-6
-0.252, 1.7506470e-6, 2.4737194e-6
-0.253, 1.7725963e-6, 2.3765224e-6
-0.254, 1.7601294e-6, 2.3315026e-6
-0.255, 1.7569960e-6, 2.2240652e-6
-0.256, 1.7833813e-6, 2.3980760e-6
-0.257, 1.7455350e-6, 2.4105429e-6
-0.258, 1.7667421e-6, 2.4994945e-6
-0.259, 1.7408845e-6, 2.3604275e-6
-0.260, 1.7560560e-6, 2.4328056e-6
-0.261, 1.7665773e-6, 2.3915127e-6
-0.262, 1.7644004e-6, 2.3998405e-6
-0.263, 1.7574248e-6, 2.4175515e-6
-0.264, 1.7368443e-6, 2.5602631e-6
-0.265, 1.7620092e-6, 2.4911831e-6
-0.266, 1.7405382e-6, 2.4048209e-6
-0.267, 1.7345192e-6, 2.3851308e-6
-0.268, 1.7627843e-6, 2.5399795e-6
-0.269, 1.7213924e-6, 2.4982742e-6
-0.270, 1.7394168e-6, 2.5623574e-6
-0.271, 1.7025927e-6, 2.4676012e-6
-0.272, 1.7314189e-6, 2.5186732e-6
-0.273, 1.7328371e-6, 2.4823771e-6
-0.274, 1.7276423e-6, 2.4695964e-6
-0.275, 1.7251523e-6, 2.5384127e-6
-0.276, 1.7003996e-6, 2.5911668e-6
-0.277, 1.7266364e-6, 2.5468889e-6
-0.278, 1.6978436e-6, 2.4640722e-6
-0.279, 1.7014549e-6, 2.4624233e-6
-0.280, 1.7113166e-6, 2.5766385e-6
-0.281, 1.6922203e-6, 2.5806294e-6
-0.282, 1.6957329e-6, 2.5668264e-6
-0.283, 1.6647959e-6, 2.5384456e-6
-0.284, 1.6978765e-6, 2.5415295e-6
-0.285, 1.6909834e-6, 2.5274462e-6
-0.286, 1.6783515e-6, 2.5077234e-6
-0.287, 1.6898455e-6, 2.7093070e-6
-0.288, 1.6522464e-6, 2.6535020e-6
-0.289, 1.6744762e-6, 2.6194484e-6
-0.290, 1.6594365e-6, 2.4750384e-6
-0.291, 1.6721509e-6, 2.5361535e-6
-0.292, 1.6544233e-6, 2.6513417e-6
-0.293, 1.6497564e-6, 2.7061571e-6
-0.294, 1.6437373e-6, 2.5622419e-6
-0.295, 1.6254654e-6, 2.5889901e-6
-0.296, 1.6423520e-6, 2.5472518e-6
-0.297, 1.6425168e-6, 2.5905731e-6
-0.298, 1.6166923e-6, 2.5635941e-6
-0.299, 1.6314020e-6, 2.7565036e-6
-0.300, 1.6074904e-6, 2.6497091e-6
-0.301, 1.6357227e-6, 2.6043592e-6
-0.302, 1.6009601e-6, 2.4741480e-6
-0.303, 1.6129984e-6, 2.6361868e-6
-0.304, 1.5919726e-6, 2.6709492e-6
-0.305, 1.6026751e-6, 2.7509957e-6
-0.306, 1.5845187e-6, 2.5965098e-6
-0.307, 1.5710293e-6, 2.6177995e-6
-0.308, 1.5984535e-6, 2.5792110e-6
-0.309, 1.5872563e-6, 2.6457019e-6
-0.310, 1.5573913e-6, 2.6007810e-6
-0.311, 1.5774277e-6, 2.7699436e-6
-0.312, 1.5509270e-6, 2.6918431e-6
-0.313, 1.5714086e-6, 2.6519024e-6
-0.314, 1.5473485e-6, 2.5838945e-6
-0.315, 1.5581169e-6, 2.6700918e-6
-0.316, 1.5433247e-6, 2.7481758e-6
-0.317, 1.5396637e-6, 2.7559595e-6
-0.318, 1.5501685e-6, 2.6517046e-6
-0.319, 1.5321934e-6, 2.6537657e-6
-0.320, 1.5425661e-6, 2.6439868e-6
-0.321, 1.5385589e-6, 2.6754512e-6
-0.322, 1.5330015e-6, 2.6796235e-6
-0.323, 1.5299013e-6, 2.8204713e-6
-0.324, 1.5127508e-6, 2.7036504e-6
-0.325, 1.5222496e-6, 2.6282214e-6
-0.326, 1.4908179e-6, 2.6292605e-6
-0.327, 1.5163953e-6, 2.7120609e-6
-0.328, 1.4990799e-6, 2.8058607e-6
-0.329, 1.4993932e-6, 2.7559429e-6
-0.330, 1.4986676e-6, 2.6976149e-6
-0.331, 1.4834302e-6, 2.6797718e-6
-0.332, 1.5114316e-6, 2.6780237e-6
-0.333, 1.4998055e-6, 2.6817509e-6
-0.334, 1.4742777e-6, 2.7315034e-6
-0.335, 1.5004816e-6, 2.8175359e-6
-0.336, 1.4783839e-6, 2.7224830e-6
-0.337, 1.4907355e-6, 2.6544253e-6
-0.338, 1.4495580e-6, 2.6507812e-6
-0.339, 1.4856894e-6, 2.7448609e-6
-0.340, 1.4649274e-6, 2.7806134e-6
-0.341, 1.4656201e-6, 2.7307615e-6
-0.342, 1.4698418e-6, 2.7507649e-6
-0.343, 1.4519162e-6, 2.7092080e-6
-0.344, 1.4766854e-6, 2.7067508e-6
-0.345, 1.4535983e-6, 2.7271828e-6
-0.346, 1.4590238e-6, 2.7540959e-6
-0.347, 1.4610357e-6, 2.8554648e-6
-0.348, 1.4422031e-6, 2.7256658e-6
-0.349, 1.4572757e-6, 2.6332018e-6
-0.350, 1.4300164e-6, 2.6578227e-6
-0.351, 1.4583641e-6, 2.7350163e-6
-0.352, 1.4457321e-6, 2.7717413e-6
-0.353, 1.4224141e-6, 2.7932617e-6
-0.354, 1.4458807e-6, 2.7218068e-6
-0.355, 1.4188851e-6, 2.7080041e-6
-0.356, 1.4399274e-6, 2.7045742e-6
-0.357, 1.4185388e-6, 2.7060087e-6
-0.358, 1.4219523e-6, 2.7320641e-6
-0.359, 1.4385422e-6, 2.8769359e-6
-0.360, 1.4241457e-6, 2.7023807e-6
-0.361, 1.4380969e-6, 2.6717244e-6
-0.362, 1.4024273e-6, 2.6742312e-6
-0.363, 1.4439346e-6, 2.7820806e-6
-0.364, 1.4114314e-6, 2.7166618e-6
-0.365, 1.4139378e-6, 2.7686574e-6
-0.366, 1.4120744e-6, 2.7377534e-6
-0.367, 1.4060388e-6, 2.6790794e-6
-0.368, 1.4171042e-6, 2.6136438e-6
-0.369, 1.4038949e-6, 2.6783041e-6
-0.370, 1.4031035e-6, 2.6914640e-6
-0.371, 1.4098978e-6, 2.8373745e-6
-0.372, 1.4008937e-6, 2.6806626e-6
-0.373, 1.3924339e-6, 2.6370278e-6
-0.374, 1.3775098e-6, 2.6537987e-6
-0.375, 1.4163785e-6, 2.7234232e-6
-0.376, 1.3710453e-6, 2.6877699e-6
-0.377, 1.3887894e-6, 2.7060087e-6
-0.378, 1.3764709e-6, 2.6803657e-6
-0.379, 1.3854252e-6, 2.6537989e-6
-0.380, 1.3965895e-6, 2.5929808e-6
-0.381, 1.3841885e-6, 2.6263913e-6
-0.382, 1.3766522e-6, 2.6627865e-6
-0.383, 1.3774106e-6, 2.8019522e-6
-0.384, 1.3758606e-6, 2.5930963e-6
-0.385, 1.3905704e-6, 2.6313053e-6
-0.386, 1.3668401e-6, 2.5723014e-6
-0.387, 1.3961443e-6, 2.6581524e-6
-0.388, 1.3645645e-6, 2.5981258e-6
-0.389, 1.3699075e-6, 2.6756823e-6
-0.390, 1.3950558e-6, 2.6273642e-6
-0.391, 1.3719028e-6, 2.5375386e-6
-0.392, 1.3851943e-6, 2.4641215e-6
-0.393, 1.3488323e-6, 2.5479444e-6
-0.394, 1.3741950e-6, 2.5524298e-6
-0.395, 1.3761244e-6, 2.6785185e-6
-0.396, 1.3656694e-6, 2.5044417e-6
-0.397, 1.3669555e-6, 2.4563217e-6
-0.398, 1.3596666e-6, 2.4668429e-6
-0.399, 1.3889708e-6, 2.5067009e-6
-0.400, 1.3463422e-6, 2.4621593e-6
-0.401, 1.3498217e-6, 2.5749564e-6
-0.402, 1.3613322e-6, 2.5044912e-6
-0.403, 1.3518006e-6, 2.4005660e-6
-0.404, 1.3605572e-6, 2.3469215e-6
-0.405, 1.3416751e-6, 2.3927823e-6
-0.406, 1.3546866e-6, 2.4239498e-6
-0.407, 1.3572591e-6, 2.5172715e-6
-0.408, 1.3458144e-6, 2.3545404e-6
-0.409, 1.3583639e-6, 2.4034684e-6
-0.410, 1.3418565e-6, 2.3088114e-6
-0.411, 1.3634925e-6, 2.3373900e-6
-0.412, 1.3377999e-6, 2.3088442e-6
-0.413, 1.3524601e-6, 2.4287490e-6
-0.414, 1.3453360e-6, 2.3586958e-6
-0.415, 1.3510751e-6, 2.3039465e-6
-0.416, 1.3661476e-6, 2.1651765e-6
-0.417, 1.3334957e-6, 2.2226468e-6
-0.418, 1.3512565e-6, 2.2786166e-6
-0.419, 1.3497063e-6, 2.3336795e-6
-0.420, 1.3361838e-6, 2.1922872e-6
-0.421, 1.3433903e-6, 2.2344377e-6
-0.422, 1.3338256e-6, 2.1547871e-6
-0.423, 1.3537629e-6, 2.1596354e-6
-0.424, 1.3229086e-6, 2.1251863e-6
-0.425, 1.3406197e-6, 2.1786823e-6
-0.426, 1.3482055e-6, 2.1749224e-6
-0.427, 1.3250194e-6, 2.1130654e-6
-0.428, 1.3603099e-6, 2.0331511e-6
-0.429, 1.3109363e-6, 2.0334644e-6
-0.430, 1.3469192e-6, 2.1098663e-6
-0.431, 1.3222821e-6, 2.0941836e-6
-0.432, 1.3271963e-6, 2.0743946e-6
-0.433, 1.3295049e-6, 2.0390548e-6
-0.434, 1.3156198e-6, 1.9743284e-6
-0.435, 1.3365795e-6, 1.9266533e-6
-0.436, 1.3165267e-6, 1.9592887e-6
-0.437, 1.3268995e-6, 1.9357728e-6
-0.438, 1.3303295e-6, 2.0494440e-6
-0.439, 1.3187365e-6, 1.9165941e-6
-0.440, 1.3317972e-6, 1.9017194e-6
-0.441, 1.3192641e-6, 1.7907363e-6
-0.442, 1.3352933e-6, 1.8615807e-6
-0.443, 1.3137069e-6, 1.8329691e-6
-0.444, 1.3217212e-6, 1.8919734e-6
-0.445, 1.3158835e-6, 1.8429956e-6
-0.446, 1.3138223e-6, 1.8295061e-6
-0.447, 1.3241950e-6, 1.6823257e-6
-0.448, 1.2991125e-6, 1.7306437e-6
-0.449, 1.3166092e-6, 1.7633615e-6
-0.450, 1.3138222e-6, 1.8510431e-6
-0.451, 1.2988321e-6, 1.6865309e-6
-0.452, 1.3090894e-6, 1.6826390e-6
-0.453, 1.3092707e-6, 1.6397794e-6
-0.454, 1.3209792e-6, 1.6415770e-6
-0.455, 1.3052305e-6, 1.6529556e-6
-0.456, 1.3049338e-6, 1.6683250e-6
-0.457, 1.3224139e-6, 1.7287308e-6
-0.458, 1.2850458e-6, 1.6378006e-6
-0.459, 1.3126185e-6, 1.5347000e-6
-0.460, 1.2797688e-6, 1.5212106e-6
-0.461, 1.3159331e-6, 1.6071276e-6
-0.462, 1.3044390e-6, 1.5651584e-6
-0.463, 1.2961111e-6, 1.6020650e-6
-0.464, 1.2933571e-6, 1.5337436e-6
-0.465, 1.2901414e-6, 1.5405212e-6
-0.466, 1.3188684e-6, 1.4949077e-6
-0.467, 1.2872061e-6, 1.4323251e-6
-0.468, 1.3004482e-6, 1.4417084e-6
-0.469, 1.3005637e-6, 1.5938690e-6
-0.470, 1.2828029e-6, 1.4729915e-6
-0.471, 1.2944785e-6, 1.4392842e-6
-0.472, 1.2828690e-6, 1.3780210e-6
-0.473, 1.2896467e-6, 1.3906529e-6
-0.474, 1.2994258e-6, 1.3993766e-6
-0.475, 1.2891355e-6, 1.4280705e-6
-0.476, 1.2789112e-6, 1.4453528e-6
-0.477, 1.2631624e-6, 1.4090072e-6
-0.478, 1.3020477e-6, 1.3741621e-6
-0.479, 1.2808241e-6, 1.2729251e-6
-0.480, 1.2952206e-6, 1.3282516e-6
-0.481, 1.2787298e-6, 1.3712101e-6
-0.482, 1.2839574e-6, 1.3805935e-6
-0.483, 1.2888056e-6, 1.3122557e-6
-0.484, 1.2622720e-6, 1.2755966e-6
-0.485, 1.2844026e-6, 1.2714410e-6
-0.486, 1.2866124e-6, 1.3152569e-6
-0.487, 1.2626842e-6, 1.2390365e-6
-0.488, 1.2786969e-6, 1.3946601e-6
-0.489, 1.2620247e-6, 1.3053955e-6
-0.490, 1.2813683e-6, 1.2377171e-6
-0.491, 1.2657350e-6, 1.1794057e-6
-0.492, 1.2843532e-6, 1.2407845e-6
-0.493, 1.2793729e-6, 1.2600951e-6
-0.494, 1.2641684e-6, 1.3229912e-6
-0.495, 1.2698908e-6, 1.2434890e-6
-0.496, 1.2443301e-6, 1.2524436e-6
-0.497, 1.2773611e-6, 1.1875356e-6
-0.498, 1.2628822e-6, 1.2336768e-6
-0.499, 1.2639871e-6, 1.1816979e-6
-0.500, 1.2762562e-6, 1.3197260e-6
