Feb. 3, 2006   03:24:38
Cyclic Voltammetry
File: z:\users\scottsaunders\git\labwork\ida\01_23_19_psoralen_nonequil_3\data\control\3\75um_control_transfer_3_gc_11.txt
Data Source:  Experiment
Instrument Model:  CHI760E
Header: 
Note: 

Init E (V) = 0
High E (V) = 0
Low E (V) = -0.4
Init P/N = N
Scan Rate (V/s) = 0.003
Segment = 1
Sample Interval (V) = 0.001
Quiet Time (sec) = 2
Sensitivity (A/V) = 1e-7
2nd E (V) = 0
Sens 2 (A/V) = 1e-7

Potential/V, i1/A, i2/A, Time/s

0.000, -7.6301376e-8, -9.5210765e-8, 3.3333334e-1
-0.001, -5.9551152e-8, -8.1573518e-8, 6.6666669e-1
-0.002, -4.9260933e-8, -7.1475164e-8, 1.0000000e+0
-0.003, -4.2353282e-8, -6.3572756e-8, 1.3333334e+0
-0.004, -3.7152692e-8, -5.7480293e-8, 1.6666667e+0
-0.005, -3.2604657e-8, -5.2416624e-8, 2.0000000e+0
-0.006, -2.9272730e-8, -4.8296990e-8, 2.3333333e+0
-0.007, -2.6413378e-8, -4.4788283e-8, 2.6666665e+0
-0.008, -2.3900075e-8, -4.1827406e-8, 2.9999998e+0
-0.009, -2.1835227e-8, -3.9240611e-8, 3.3333330e+0
-0.010, -1.9946514e-8, -3.7050668e-8, 3.6666663e+0
-0.011, -1.8396259e-8, -3.5066019e-8, 3.9999995e+0
-0.012, -1.6990509e-8, -3.3391228e-8, 4.3333330e+0
-0.013, -1.5654255e-8, -3.1842170e-8, 4.6666665e+0
-0.014, -1.4571385e-8, -3.0510471e-8, 5.0000000e+0
-0.015, -1.3399528e-8, -2.9255137e-8, 5.3333335e+0
-0.016, -1.2541523e-8, -2.8018976e-8, 5.6666670e+0
-0.017, -1.1683759e-8, -2.6939219e-8, 6.0000005e+0
-0.018, -1.0703136e-8, -2.6026097e-8, 6.3333340e+0
-0.019, -1.0034291e-8, -2.5130150e-8, 6.6666675e+0
-0.020, -9.3840580e-9, -2.4390928e-8, 7.0000010e+0
-0.021, -8.6795842e-9, -2.3594753e-8, 7.3333344e+0
-0.022, -8.1720195e-9, -2.2978229e-8, 7.6666679e+0
-0.023, -7.5280964e-9, -2.2300837e-8, 8.0000010e+0
-0.024, -6.9625377e-9, -2.1661148e-8, 8.3333340e+0
-0.025, -6.5619328e-9, -2.1098783e-8, 8.6666670e+0
-0.026, -5.9071468e-9, -2.0575801e-8, 9.0000000e+0
-0.027, -5.6258052e-9, -2.0046668e-8, 9.3333330e+0
-0.028, -5.1497127e-9, -1.9600051e-8, 9.6666660e+0
-0.029, -4.7050936e-9, -1.9103830e-8, 9.9999990e+0
-0.030, -4.3608055e-9, -1.8674069e-8, 1.0333332e+1
-0.031, -3.8660213e-9, -1.8211555e-8, 1.0666665e+1
-0.032, -3.6246199e-9, -1.7845620e-8, 1.0999998e+1
-0.033, -3.3379264e-9, -1.7485036e-8, 1.1333331e+1
-0.034, -2.8893932e-9, -1.7157603e-8, 1.1666664e+1
-0.035, -2.7031901e-9, -1.6766665e-8, 1.1999997e+1
-0.036, -2.3382125e-9, -1.6445302e-8, 1.2333330e+1
-0.037, -1.9861759e-9, -1.6163961e-8, 1.2666663e+1
-0.038, -1.8366384e-9, -1.5815518e-8, 1.2999996e+1
-0.039, -1.5077672e-9, -1.5589293e-8, 1.3333329e+1
-0.040, -1.2248279e-9, -1.5259145e-8, 1.3666662e+1
-0.041, -9.6098018e-10, -1.5079891e-8, 1.3999995e+1
-0.042, -8.6440377e-10, -1.4758450e-8, 1.4333328e+1
-0.043, -5.5390537e-10, -1.4511696e-8, 1.4666661e+1
-0.044, -3.2129122e-10, -1.4248887e-8, 1.4999994e+1
-0.045, -7.2700790e-11, -1.4019868e-8, 1.5333327e+1
-0.046, 8.3147503e-11, -1.3774073e-8, 1.5666660e+1
-0.047, 2.3715852e-10, -1.3616228e-8, 1.5999993e+1
-0.048, 5.0396187e-10, -1.3343273e-8, 1.6333326e+1
-0.049, 5.8927502e-10, -1.3198290e-8, 1.6666660e+1
-0.050, 9.3436192e-10, -1.2983649e-8, 1.6999994e+1
-0.051, 9.6176123e-10, -1.2789457e-8, 1.7333328e+1
-0.052, 1.0891718e-9, -1.2657173e-8, 1.7666662e+1
-0.053, 1.3638833e-9, -1.2396841e-8, 1.7999996e+1
-0.054, 1.5103856e-9, -1.2231486e-8, 1.8333330e+1
-0.055, 1.5947401e-9, -1.2037535e-8, 1.8666664e+1
-0.056, 1.7355709e-9, -1.1845021e-8, 1.8999998e+1
-0.057, 1.8280734e-9, -1.1738139e-8, 1.9333332e+1
-0.058, 2.0407172e-9, -1.1565437e-8, 1.9666666e+1
-0.059, 2.0745867e-9, -1.1370606e-8, 2.0000000e+1
-0.060, 2.2714941e-9, -1.1270116e-8, 2.0333334e+1
-0.061, 2.3845259e-9, -1.1165231e-8, 2.0666668e+1
-0.062, 2.4965994e-9, -1.0959537e-8, 2.1000002e+1
-0.063, 2.7024534e-9, -1.0846265e-8, 2.1333336e+1
-0.064, 2.7147551e-9, -1.0804168e-8, 2.1666670e+1
-0.065, 2.9659815e-9, -1.0672684e-8, 2.2000004e+1
-0.066, 3.0127918e-9, -1.0467629e-8, 2.2333338e+1
-0.067, 3.0469811e-9, -1.0357392e-8, 2.2666672e+1
-0.068, 3.1151997e-9, -1.0289973e-8, 2.3000006e+1
-0.069, 3.2233589e-9, -1.0182612e-8, 2.3333340e+1
-0.070, 3.2892609e-9, -1.0017578e-8, 2.3666674e+1
-0.071, 3.4869672e-9, -9.9144515e-9, 2.4000008e+1
-0.072, 3.5314609e-9, -9.8488693e-9, 2.4333342e+1
-0.073, 3.5400083e-9, -9.7713038e-9, 2.4666676e+1
-0.074, 3.6405787e-9, -9.6700949e-9, 2.5000010e+1
-0.075, 3.7710248e-9, -9.5602584e-9, 2.5333344e+1
-0.076, 3.8666426e-9, -9.4304511e-9, 2.5666677e+1
-0.077, 4.0047570e-9, -9.3663859e-9, 2.6000011e+1
-0.078, 4.0349519e-9, -9.3324362e-9, 2.6333345e+1
-0.079, 4.1153925e-9, -9.2896997e-9, 2.6666679e+1
-0.080, 4.1137951e-9, -9.2300292e-9, 2.7000013e+1
-0.081, 4.1240198e-9, -9.0672305e-9, 2.7333347e+1
-0.082, 4.4244532e-9, -9.0067607e-9, 2.7666681e+1
-0.083, 4.3369832e-9, -8.9034744e-9, 2.8000015e+1
-0.084, 4.4944293e-9, -8.8599394e-9, 2.8333349e+1
-0.085, 4.5896473e-9, -8.8330987e-9, 2.8666683e+1
-0.086, 4.5560178e-9, -8.7700727e-9, 2.9000017e+1
-0.087, 4.6034674e-9, -8.6780494e-9, 2.9333351e+1
-0.088, 4.7605133e-9, -8.5618224e-9, 2.9666685e+1
-0.089, 4.7776081e-9, -8.4651655e-9, 3.0000019e+1
-0.090, 4.8300901e-9, -8.4208320e-9, 3.0333353e+1
-0.091, 4.9254680e-9, -8.3888789e-9, 3.0666687e+1
-0.092, 4.9847402e-9, -8.3209004e-9, 3.1000021e+1
-0.093, 4.9888937e-9, -8.2589127e-9, 3.1333355e+1
-0.094, 5.0301128e-9, -8.2124219e-9, 3.1666689e+1
-0.095, 5.1106332e-9, -8.1444425e-9, 3.2000023e+1
-0.096, 5.0885061e-9, -8.0393185e-9, 3.2333355e+1
-0.097, 5.1955471e-9, -7.9886746e-9, 3.2666687e+1
-0.098, 5.4327143e-9, -7.9210150e-9, 3.3000019e+1
-0.099, 5.3527529e-9, -7.9051183e-9, 3.3333351e+1
-0.100, 5.4101075e-9, -7.8640596e-9, 3.3666683e+1
-0.101, 5.5224207e-9, -7.8019120e-9, 3.4000015e+1
-0.102, 5.5182672e-9, -7.7548616e-9, 3.4333347e+1
-0.103, 5.6269855e-9, -7.7231492e-9, 3.4666679e+1
-0.104, 5.6713994e-9, -7.6427087e-9, 3.5000011e+1
-0.105, 5.8024048e-9, -7.5418178e-9, 3.5333344e+1
-0.106, 5.6750737e-9, -7.4670492e-9, 3.5666676e+1
-0.107, 5.7500826e-9, -7.4238340e-9, 3.6000008e+1
-0.108, 5.8474576e-9, -7.3834143e-9, 3.6333340e+1
-0.109, 5.9236642e-9, -7.3446715e-9, 3.6666672e+1
-0.110, 5.8507328e-9, -7.3173525e-9, 3.7000004e+1
-0.111, 6.0166458e-9, -7.2918698e-9, 3.7333336e+1
-0.112, 6.0378942e-9, -7.2618351e-9, 3.7666668e+1
-0.113, 6.0386132e-9, -7.1831519e-9, 3.8000000e+1
-0.114, 6.1856746e-9, -7.1176491e-9, 3.8333332e+1
-0.115, 6.2252159e-9, -7.0166788e-9, 3.8666664e+1
-0.116, 6.2681123e-9, -7.0103683e-9, 3.8999996e+1
-0.117, 6.2574084e-9, -6.9518156e-9, 3.9333328e+1
-0.118, 6.1732934e-9, -6.9377566e-9, 3.9666660e+1
-0.119, 6.4532775e-9, -6.9348007e-9, 3.9999992e+1
-0.120, 6.4364216e-9, -6.9063635e-9, 4.0333324e+1
-0.121, 6.4867476e-9, -6.8781651e-9, 4.0666656e+1
-0.122, 6.5323591e-9, -6.8148198e-9, 4.0999989e+1
-0.123, 6.5873973e-9, -6.7449237e-9, 4.1333321e+1
-0.124, 6.5897137e-9, -6.6585719e-9, 4.1666653e+1
-0.125, 6.6754269e-9, -6.5850014e-9, 4.1999985e+1
-0.126, 6.7295058e-9, -6.5463386e-9, 4.2333317e+1
-0.127, 6.8568373e-9, -6.4948948e-9, 4.2666649e+1
-0.128, 6.9118755e-9, -6.4508803e-9, 4.2999981e+1
-0.129, 6.8961383e-9, -6.4073453e-9, 4.3333313e+1
-0.130, 6.9661139e-9, -6.3789076e-9, 4.3666645e+1
-0.131, 6.9770585e-9, -6.3566210e-9, 4.3999977e+1
-0.132, 6.9604429e-9, -6.3265055e-9, 4.4333309e+1
-0.133, 7.0936048e-9, -6.2712275e-9, 4.4666641e+1
-0.134, 7.0391262e-9, -6.2346417e-9, 4.4999973e+1
-0.135, 7.1551138e-9, -6.1665033e-9, 4.5333305e+1
-0.136, 7.2116695e-9, -6.0871810e-9, 4.5666637e+1
-0.137, 7.2033615e-9, -6.0384533e-9, 4.5999969e+1
-0.138, 7.3648012e-9, -6.0009895e-9, 4.6333302e+1
-0.139, 7.3430741e-9, -5.9675189e-9, 4.6666634e+1
-0.140, 7.4120918e-9, -5.9529008e-9, 4.6999966e+1
-0.141, 7.4450823e-9, -5.9326912e-9, 4.7333298e+1
-0.142, 7.4243127e-9, -5.9022560e-9, 4.7666630e+1
-0.143, 7.5473299e-9, -5.8865193e-9, 4.7999962e+1
-0.144, 7.5174551e-9, -5.8583214e-9, 4.8333294e+1
-0.145, 7.5731323e-9, -5.7908220e-9, 4.8666626e+1
-0.146, 7.6599624e-9, -5.7774021e-9, 4.8999958e+1
-0.147, 7.7344922e-9, -5.7335470e-9, 4.9333290e+1
-0.148, 7.7203524e-9, -5.6800267e-9, 4.9666622e+1
-0.149, 7.9389881e-9, -5.6245089e-9, 4.9999954e+1
-0.150, 7.8991276e-9, -5.5757812e-9, 5.0333286e+1
-0.151, 7.9383495e-9, -5.5235390e-9, 5.0666618e+1
-0.152, 7.9858777e-9, -5.4903087e-9, 5.0999950e+1
-0.153, 8.0004972e-9, -5.4856755e-9, 5.1333282e+1
-0.154, 8.0306117e-9, -5.4607527e-9, 5.1666615e+1
-0.155, 8.0473077e-9, -5.4242468e-9, 5.1999947e+1
-0.156, 8.2359071e-9, -5.3914953e-9, 5.2333279e+1
-0.157, 8.1858209e-9, -5.3743210e-9, 5.2666611e+1
-0.158, 8.2288771e-9, -5.3470015e-9, 5.2999943e+1
-0.159, 8.4018206e-9, -5.3428479e-9, 5.3333275e+1
-0.160, 8.4270626e-9, -5.3301465e-9, 5.3666607e+1
-0.161, 8.4530232e-9, -5.2466711e-9, 5.3999939e+1
-0.162, 8.5676533e-9, -5.2360463e-9, 5.4333271e+1
-0.163, 8.4982368e-9, -5.1780531e-9, 5.4666603e+1
-0.164, 8.5349825e-9, -5.1170232e-9, 5.4999935e+1
-0.165, 8.7940366e-9, -5.1929105e-9, 5.5333267e+1
-0.166, 8.6826031e-9, -5.0599085e-9, 5.5666599e+1
-0.167, 8.7399572e-9, -5.0631037e-9, 5.5999931e+1
-0.168, 8.8781524e-9, -5.0555151e-9, 5.6333263e+1
-0.169, 8.8741583e-9, -5.0382609e-9, 5.6666595e+1
-0.170, 8.8987608e-9, -5.0191691e-9, 5.6999928e+1
-0.171, 8.9181720e-9, -4.9986397e-9, 5.7333260e+1
-0.172, 9.0419086e-9, -5.0171720e-9, 5.7666592e+1
-0.173, 9.0057224e-9, -4.9994382e-9, 5.7999924e+1
-0.174, 9.0941503e-9, -4.9833822e-9, 5.8333256e+1
-0.175, 9.2146912e-9, -4.9860183e-9, 5.8666588e+1
-0.176, 9.2257153e-9, -4.9833822e-9, 5.8999920e+1
-0.177, 9.2700487e-9, -4.9771516e-9, 5.9333252e+1
-0.178, 9.4136752e-9, -4.9717195e-9, 5.9666584e+1
-0.179, 9.3794066e-9, -4.9575806e-9, 5.9999916e+1
-0.180, 9.4336459e-9, -4.9522284e-9, 6.0333248e+1
-0.181, 9.5357349e-9, -4.9378501e-9, 6.0666580e+1
-0.182, 9.5038617e-9, -4.9384092e-9, 6.0999912e+1
-0.183, 9.5333377e-9, -4.9326578e-9, 6.1333244e+1
-0.184, 9.7883186e-9, -4.9143649e-9, 6.1666576e+1
-0.185, 9.7784136e-9, -4.9164419e-9, 6.1999908e+1
-0.186, 9.8834576e-9, -4.8258566e-9, 6.2333241e+1
-0.187, 9.9039070e-9, -4.8530957e-9, 6.2666573e+1
-0.188, 9.9607815e-9, -4.8112381e-9, 6.2999905e+1
-0.189, 9.9794750e-9, -4.7846376e-9, 6.3333237e+1
-0.190, 1.0043539e-8, -4.7796052e-9, 6.3666569e+1
-0.191, 1.0238369e-8, -4.8016524e-9, 6.3999901e+1
-0.192, 1.0267127e-8, -4.7421409e-9, 6.4333237e+1
-0.193, 1.0348286e-8, -4.7226498e-9, 6.4666573e+1
-0.194, 1.0453011e-8, -4.6323043e-9, 6.4999908e+1
-0.195, 1.0430644e-8, -4.6310262e-9, 6.5333244e+1
-0.196, 1.0480809e-8, -4.5957185e-9, 6.5666580e+1
-0.197, 1.0807364e-8, -4.5372457e-9, 6.5999916e+1
-0.198, 1.0820624e-8, -4.5336508e-9, 6.6333252e+1
-0.199, 1.0817109e-8, -4.5263020e-9, 6.6666588e+1
-0.200, 1.0854015e-8, -4.4855626e-9, 6.6999924e+1
-0.201, 1.0889082e-8, -4.4877990e-9, 6.7333260e+1
-0.202, 1.0974954e-8, -4.4693462e-9, 6.7666595e+1
-0.203, 1.1091661e-8, -4.4642339e-9, 6.7999931e+1
-0.204, 1.1243515e-8, -4.4849231e-9, 6.8333267e+1
-0.205, 1.1007306e-8, -4.4561661e-9, 6.8666603e+1
-0.206, 1.1320600e-8, -4.4677488e-9, 6.8999939e+1
-0.207, 1.1467023e-8, -4.4365951e-9, 6.9333275e+1
-0.208, 1.1537877e-8, -4.4218171e-9, 6.9666611e+1
-0.209, 1.1646276e-8, -4.4232551e-9, 6.9999947e+1
-0.210, 1.1815625e-8, -4.4417874e-9, 7.0333282e+1
-0.211, 1.1883204e-8, -4.4230952e-9, 7.0666618e+1
-0.212, 1.1974987e-8, -4.4499355e-9, 7.0999954e+1
-0.213, 1.2197856e-8, -4.4157460e-9, 7.1333290e+1
-0.214, 1.2221261e-8, -4.4158264e-9, 7.1666626e+1
-0.215, 1.2367525e-8, -4.4265303e-9, 7.1999962e+1
-0.216, 1.2520577e-8, -4.4191011e-9, 7.2333298e+1
-0.217, 1.2556043e-8, -4.4092756e-9, 7.2666634e+1
-0.218, 1.2788817e-8, -4.4150270e-9, 7.2999969e+1
-0.219, 1.2885155e-8, -4.4349977e-9, 7.3333305e+1
-0.220, 1.3021751e-8, -4.4371542e-9, 7.3666641e+1
-0.221, 1.3269464e-8, -4.4454618e-9, 7.3999977e+1
-0.222, 1.3298060e-8, -4.4639146e-9, 7.4333313e+1
-0.223, 1.3459180e-8, -4.4492161e-9, 7.4666649e+1
-0.224, 1.3682130e-8, -4.4969055e-9, 7.4999985e+1
-0.225, 1.3801632e-8, -4.5375650e-9, 7.5333321e+1
-0.226, 1.4074666e-8, -4.5691979e-9, 7.5666656e+1
-0.227, 1.4195606e-8, -4.5662425e-9, 7.5999992e+1
-0.228, 1.4336357e-8, -4.6000319e-9, 7.6333328e+1
-0.229, 1.4687435e-8, -4.5806212e-9, 7.6666664e+1
-0.230, 1.4754376e-8, -4.6424491e-9, 7.7000000e+1
-0.231, 1.4894007e-8, -4.7269637e-9, 7.7333336e+1
-0.232, 1.5210258e-8, -4.8016524e-9, 7.7666672e+1
-0.233, 1.5322490e-8, -4.8577289e-9, 7.8000008e+1
-0.234, 1.5526908e-8, -4.8918380e-9, 7.8333344e+1
-0.235, 1.5766071e-8, -4.9360924e-9, 7.8666679e+1
-0.236, 1.6014663e-8, -4.9610955e-9, 7.9000015e+1
-0.237, 1.6275953e-8, -5.0022342e-9, 7.9333351e+1
-0.238, 1.6368135e-8, -5.0430535e-9, 7.9666687e+1
-0.239, 1.6745336e-8, -5.1115916e-9, 8.0000023e+1
-0.240, 1.6925149e-8, -5.2018576e-9, 8.0333359e+1
-0.241, 1.7193310e-8, -5.3354188e-9, 8.0666695e+1
-0.242, 1.7473772e-8, -5.3729630e-9, 8.1000031e+1
-0.243, 1.7699518e-8, -5.4082707e-9, 8.1333366e+1
-0.244, 1.7845140e-8, -5.4725748e-9, 8.1666702e+1
-0.245, 1.8265874e-8, -5.5548526e-9, 8.2000038e+1
-0.246, 1.8356859e-8, -5.6075740e-9, 8.2333374e+1
-0.247, 1.8706819e-8, -5.7503220e-9, 8.2666710e+1
-0.248, 1.8965395e-8, -5.8310818e-9, 8.3000046e+1
-0.249, 1.9179556e-8, -5.9028951e-9, 8.3333382e+1
-0.250, 1.9410972e-8, -5.9506640e-9, 8.3666718e+1
-0.251, 1.9594619e-8, -6.0049037e-9, 8.4000053e+1
-0.252, 1.9873164e-8, -6.1235270e-9, 8.4333389e+1
-0.253, 2.0080059e-8, -6.2490209e-9, 8.4666725e+1
-0.254, 2.0270974e-8, -6.3162804e-9, 8.5000061e+1
-0.255, 2.0635632e-8, -6.3931265e-9, 8.5333397e+1
-0.256, 2.0749463e-8, -6.4500019e-9, 8.5666733e+1
-0.257, 2.0857382e-8, -6.5633534e-9, 8.6000069e+1
-0.258, 2.1245604e-8, -6.6363648e-9, 8.6333405e+1
-0.259, 2.1381563e-8, -6.8490884e-9, 8.6666740e+1
-0.260, 2.1589335e-8, -6.8908661e-9, 8.7000076e+1
-0.261, 2.1833293e-8, -6.9320851e-9, 8.7333412e+1
-0.262, 2.2027082e-8, -6.9981470e-9, 8.7666748e+1
-0.263, 2.2170790e-8, -7.1890631e-9, 8.8000084e+1
-0.264, 2.2452131e-8, -7.2919502e-9, 8.8333420e+1
-0.265, 2.2605263e-8, -7.3523405e-9, 8.8666756e+1
-0.266, 2.2703757e-8, -7.4296653e-9, 8.9000092e+1
-0.267, 2.2878536e-8, -7.5240054e-9, 8.9333427e+1
-0.268, 2.3105081e-8, -7.6660340e-9, 8.9666763e+1
-0.269, 2.3231852e-8, -7.8220417e-9, 9.0000099e+1
-0.270, 2.3446173e-8, -7.8907405e-9, 9.0333435e+1
-0.271, 2.3686455e-8, -7.9942657e-9, 9.0666771e+1
-0.272, 2.3784150e-8, -8.1615372e-9, 9.1000107e+1
-0.273, 2.3997833e-8, -8.3159479e-9, 9.1333443e+1
-0.274, 2.4178764e-8, -8.4026990e-9, 9.1666779e+1
-0.275, 2.4281890e-8, -8.5062251e-9, 9.2000114e+1
-0.276, 2.4511071e-8, -8.7002565e-9, 9.2333450e+1
-0.277, 2.4639441e-8, -8.8359746e-9, 9.2666786e+1
-0.278, 2.4705901e-8, -8.9090664e-9, 9.3000122e+1
-0.279, 2.4954332e-8, -9.0570058e-9, 9.3333458e+1
-0.280, 2.5106985e-8, -9.2204431e-9, 9.3666794e+1
-0.281, 2.5153634e-8, -9.3134247e-9, 9.4000130e+1
-0.282, 2.5357972e-8, -9.4073647e-9, 9.4333466e+1
-0.283, 2.5464052e-8, -9.5537871e-9, 9.4666801e+1
-0.284, 2.5586591e-8, -9.6827160e-9, 9.5000137e+1
-0.285, 2.5634680e-8, -9.7834461e-9, 9.5333473e+1
-0.286, 2.5681009e-8, -9.8623687e-9, 9.5666809e+1
-0.287, 2.5890380e-8, -9.9156496e-9, 9.6000145e+1
-0.288, 2.5865537e-8, -1.0022051e-8, 9.6333481e+1
-0.289, 2.5999418e-8, -1.0147065e-8, 9.6666817e+1
-0.290, 2.6135297e-8, -1.0253387e-8, 9.7000153e+1
-0.291, 2.6060928e-8, -1.0301715e-8, 9.7333488e+1
-0.292, 2.6154146e-8, -1.0347008e-8, 9.7666824e+1
-0.293, 2.6186660e-8, -1.0363224e-8, 9.8000160e+1
-0.294, 2.6281318e-8, -1.0418342e-8, 9.8333496e+1
-0.295, 2.6302168e-8, -1.0481129e-8, 9.8666832e+1
-0.296, 2.6297453e-8, -1.0579463e-8, 9.9000168e+1
-0.297, 2.6299132e-8, -1.0568598e-8, 9.9333504e+1
-0.298, 2.6422867e-8, -1.0695770e-8, 9.9666840e+1
-0.299, 2.6453064e-8, -1.0748172e-8, 1.0000018e+2
-0.300, 2.6513133e-8, -1.0789869e-8, 1.0033351e+2
-0.301, 2.6511536e-8, -1.0808882e-8, 1.0066685e+2
-0.302, 2.6480464e-8, -1.0822461e-8, 1.0100018e+2
-0.303, 2.6549959e-8, -1.0815272e-8, 1.0133352e+2
-0.304, 2.6535821e-8, -1.0825816e-8, 1.0166685e+2
-0.305, 2.6494682e-8, -1.0860165e-8, 1.0200019e+2
-0.306, 2.6539174e-8, -1.0862162e-8, 1.0233353e+2
-0.307, 2.6502830e-8, -1.0840594e-8, 1.0266686e+2
-0.308, 2.6531826e-8, -1.0838038e-8, 1.0300020e+2
-0.309, 2.6536060e-8, -1.0832207e-8, 1.0333353e+2
-0.310, 2.6490129e-8, -1.0841313e-8, 1.0366687e+2
-0.311, 2.6454023e-8, -1.0834284e-8, 1.0400021e+2
-0.312, 2.6474792e-8, -1.0800414e-8, 1.0433354e+2
-0.313, 2.6465845e-8, -1.0812077e-8, 1.0466688e+2
-0.314, 2.6416316e-8, -1.0782920e-8, 1.0500021e+2
-0.315, 2.6196005e-8, -1.0758796e-8, 1.0533355e+2
-0.316, 2.6334281e-8, -1.0699524e-8, 1.0566689e+2
-0.317, 2.6259750e-8, -1.0603108e-8, 1.0600022e+2
-0.318, 2.6133698e-8, -1.0566762e-8, 1.0633356e+2
-0.319, 2.6153108e-8, -1.0583457e-8, 1.0666689e+2
-0.320, 2.6102624e-8, -1.0467469e-8, 1.0700023e+2
-0.321, 2.6071710e-8, -1.0405002e-8, 1.0733356e+2
-0.322, 2.6108138e-8, -1.0424413e-8, 1.0766690e+2
-0.323, 2.6019066e-8, -1.0373289e-8, 1.0800024e+2
-0.324, 2.6027214e-8, -1.0349724e-8, 1.0833357e+2
-0.325, 2.6039997e-8, -1.0268964e-8, 1.0866691e+2
-0.326, 2.5879595e-8, -1.0266648e-8, 1.0900024e+2
-0.327, 2.5864178e-8, -1.0232858e-8, 1.0933358e+2
-0.328, 2.5853634e-8, -1.0196352e-8, 1.0966692e+2
-0.329, 2.5819606e-8, -1.0144189e-8, 1.1000025e+2
-0.330, 2.5739084e-8, -1.0094184e-8, 1.1033359e+2
-0.331, 2.5660160e-8, -9.9099777e-9, 1.1066692e+2
-0.332, 2.5679094e-8, -9.9325037e-9, 1.1100026e+2
-0.333, 2.5655130e-8, -9.8968771e-9, 1.1133360e+2
-0.334, 2.5658085e-8, -9.8689181e-9, 1.1166693e+2
-0.335, 2.5624535e-8, -9.8801820e-9, 1.1200027e+2
-0.336, 2.5644344e-8, -9.8531023e-9, 1.1233360e+2
-0.337, 2.5573090e-8, -9.8435962e-9, 1.1266694e+2
-0.338, 2.5636357e-8, -9.8116439e-9, 1.1300027e+2
-0.339, 2.5606480e-8, -9.8038155e-9, 1.1333361e+2
-0.340, 2.5568697e-8, -9.7661914e-9, 1.1366695e+2
-0.341, 2.5615750e-8, -9.7827275e-9, 1.1400028e+2
-0.342, 2.5540022e-8, -9.7322417e-9, 1.1433362e+2
-0.343, 2.5575567e-8, -9.7513331e-9, 1.1466695e+2
-0.344, 2.5588829e-8, -9.6722514e-9, 1.1500029e+2
-0.345, 2.5581080e-8, -9.6587511e-9, 1.1533363e+2
-0.346, 2.5538901e-8, -9.7308837e-9, 1.1566696e+2
-0.347, 2.5544972e-8, -9.5750359e-9, 1.1600030e+2
-0.348, 2.5573090e-8, -9.5597779e-9, 1.1633363e+2
-0.349, 2.5547928e-8, -9.5191188e-9, 1.1666697e+2
-0.350, 2.5447997e-8, -9.5088941e-9, 1.1700031e+2
-0.351, 2.5556874e-8, -9.4814947e-9, 1.1733364e+2
-0.352, 2.5507909e-8, -9.4321280e-9, 1.1766698e+2
-0.353, 2.5522047e-8, -9.4385184e-9, 1.1800031e+2
-0.354, 2.5580039e-8, -9.4170307e-9, 1.1833365e+2
-0.355, 2.5527719e-8, -9.4436308e-9, 1.1866698e+2
-0.356, 2.5488097e-8, -9.4102406e-9, 1.1900032e+2
-0.357, 2.5564622e-8, -9.3643893e-9, 1.1933366e+2
-0.358, 2.5514780e-8, -9.3626316e-9, 1.1966699e+2
-0.359, 2.5538901e-8, -9.3431405e-9, 1.2000033e+2
-0.360, 2.5556156e-8, -9.3250074e-9, 1.2033366e+2
-0.361, 2.5563025e-8, -9.3149426e-9, 1.2066700e+2
-0.362, 2.5591305e-8, -9.3163006e-9, 1.2100034e+2
-0.363, 2.5557673e-8, -9.2965697e-9, 1.2133367e+2
-0.364, 2.5574609e-8, -9.2560706e-9, 1.2166701e+2
-0.365, 2.5602167e-8, -9.2404138e-9, 1.2200034e+2
-0.366, 2.5560867e-8, -9.2667740e-9, 1.2233368e+2
-0.367, 2.5590506e-8, -9.1805825e-9, 1.2266702e+2
-0.368, 2.5597295e-8, -9.1509467e-9, 1.2300035e+2
-0.369, 2.5560229e-8, -9.2337835e-9, 1.2333369e+2
-0.370, 2.5661359e-8, -9.1757899e-9, 1.2366702e+2
-0.371, 2.5614790e-8, -9.0695469e-9, 1.2400036e+2
-0.372, 2.5625333e-8, -8.9950181e-9, 1.2433369e+2
-0.373, 2.5662080e-8, -9.0388728e-9, 1.2466703e+2
-0.374, 2.5671184e-8, -8.9787227e-9, 1.2500037e+2
-0.375, 2.5635478e-8, -8.9434149e-9, 1.2533370e+2
-0.376, 2.5692033e-8, -8.9360652e-9, 1.2566704e+2
-0.377, 2.5663436e-8, -8.9196099e-9, 1.2600037e+2
-0.378, 2.5779347e-8, -8.8879775e-9, 1.2633371e+2
-0.379, 2.5802430e-8, -8.9049115e-9, 1.2666705e+2
-0.380, 2.5829429e-8, -8.9021963e-9, 1.2700038e+2
-0.381, 2.5902841e-8, -8.8952472e-9, 1.2733372e+2
-0.382, 2.5952527e-8, -8.9004386e-9, 1.2766705e+2
-0.383, 2.6047028e-8, -8.9054710e-9, 1.2800038e+2
-0.384, 2.6028735e-8, -8.8783114e-9, 1.2833371e+2
-0.385, 2.6025697e-8, -8.8725605e-9, 1.2866704e+2
-0.386, 2.6137373e-8, -8.8674481e-9, 1.2900037e+2
-0.387, 2.6096952e-8, -8.8679268e-9, 1.2933369e+2
-0.388, 2.6154307e-8, -8.8847818e-9, 1.2966702e+2
-0.389, 2.6380050e-8, -8.8883763e-9, 1.3000035e+2
-0.390, 2.6248488e-8, -8.8900549e-9, 1.3033368e+2
-0.391, 2.6452344e-8, -8.9170538e-9, 1.3066701e+2
-0.392, 2.6532547e-8, -8.9338288e-9, 1.3100034e+2
-0.393, 2.6527593e-8, -8.9466106e-9, 1.3133366e+2
-0.394, 2.6529509e-8, -8.9078673e-9, 1.3166699e+2
-0.395, 2.6600283e-8, -8.8947667e-9, 1.3200032e+2
-0.396, 2.6691907e-8, -8.8867793e-9, 1.3233365e+2
-0.397, 2.6710280e-8, -8.9047525e-9, 1.3266698e+2
-0.398, 2.6762445e-8, -8.9357455e-9, 1.3300031e+2
-0.399, 2.6917014e-8, -8.9552374e-9, 1.3333363e+2
