Feb. 3, 2006   03:13:34
Cyclic Voltammetry
File: z:\users\scottsaunders\git\labwork\ida\01_23_19_psoralen_nonequil_3\data\control\3\75um_control_transfer_3_gc_7.txt
Data Source:  Experiment
Instrument Model:  CHI760E
Header: 
Note: 

Init E (V) = 0
High E (V) = 0
Low E (V) = -0.4
Init P/N = N
Scan Rate (V/s) = 0.003
Segment = 1
Sample Interval (V) = 0.001
Quiet Time (sec) = 2
Sensitivity (A/V) = 1e-7
2nd E (V) = 0
Sens 2 (A/V) = 1e-7

Potential/V, i1/A, i2/A, Time/s

0.000, -8.0957172e-8, -1.0345747e-7, 3.3333334e-1
-0.001, -6.3852120e-8, -8.9031147e-8, 6.6666669e-1
-0.002, -5.3448225e-8, -7.8284323e-8, 1.0000000e+0
-0.003, -4.6408854e-8, -7.0018928e-8, 1.3333334e+0
-0.004, -4.0777543e-8, -6.3354683e-8, 1.6666667e+0
-0.005, -3.6309309e-8, -5.8020213e-8, 2.0000000e+0
-0.006, -3.2668321e-8, -5.3518825e-8, 2.3333333e+0
-0.007, -2.9579553e-8, -4.9780063e-8, 2.6666665e+0
-0.008, -2.6973668e-8, -4.6564523e-8, 2.9999998e+0
-0.009, -2.4746258e-8, -4.3818368e-8, 3.3333330e+0
-0.010, -2.2845244e-8, -4.1379430e-8, 3.6666663e+0
-0.011, -2.1110703e-8, -3.9281751e-8, 3.9999995e+0
-0.012, -1.9664133e-8, -3.7402383e-8, 4.3333330e+0
-0.013, -1.8277794e-8, -3.5716013e-8, 4.6666665e+0
-0.014, -1.7067194e-8, -3.4199388e-8, 5.0000000e+0
-0.015, -1.5850523e-8, -3.2870243e-8, 5.3333335e+0
-0.016, -1.4836431e-8, -3.1617542e-8, 5.6666670e+0
-0.017, -1.3970918e-8, -3.0531719e-8, 6.0000005e+0
-0.018, -1.2938373e-8, -2.9460830e-8, 6.3333340e+0
-0.019, -1.2342140e-8, -2.8482685e-8, 6.6666675e+0
-0.020, -1.1557546e-8, -2.7461565e-8, 7.0000010e+0
-0.021, -1.0681569e-8, -2.6665628e-8, 7.3333344e+0
-0.022, -1.0182790e-8, -2.5936950e-8, 7.6666679e+0
-0.023, -9.5693027e-9, -2.5190538e-8, 8.0000010e+0
-0.024, -8.9447107e-9, -2.4521055e-8, 8.3333340e+0
-0.025, -8.4301961e-9, -2.3943754e-8, 8.6666670e+0
-0.026, -7.8445863e-9, -2.3315728e-8, 9.0000000e+0
-0.027, -7.4358337e-9, -2.2764228e-8, 9.3333330e+0
-0.028, -6.8845734e-9, -2.2204100e-8, 9.6666660e+0
-0.029, -6.5895720e-9, -2.1688628e-8, 9.9999990e+0
-0.030, -6.1180332e-9, -2.1228031e-8, 1.0333332e+1
-0.031, -5.7733454e-9, -2.0782773e-8, 1.0666665e+1
-0.032, -5.3734599e-9, -2.0417875e-8, 1.0999998e+1
-0.033, -5.2170526e-9, -1.9978049e-8, 1.1333331e+1
-0.034, -4.6972657e-9, -1.9562428e-8, 1.1666664e+1
-0.035, -4.3591282e-9, -1.9186986e-8, 1.1999997e+1
-0.036, -4.0353694e-9, -1.8847969e-8, 1.2333330e+1
-0.037, -3.7477972e-9, -1.8570063e-8, 1.2666663e+1
-0.038, -3.5050378e-9, -1.8181520e-8, 1.2999996e+1
-0.039, -3.2733023e-9, -1.7874935e-8, 1.3333329e+1
-0.040, -2.9146356e-9, -1.7628903e-8, 1.3666662e+1
-0.041, -2.7809943e-9, -1.7292042e-8, 1.3999995e+1
-0.042, -2.4275999e-9, -1.7127407e-8, 1.4333328e+1
-0.043, -2.2589703e-9, -1.6749969e-8, 1.4666661e+1
-0.044, -1.9721169e-9, -1.6597156e-8, 1.4999994e+1
-0.045, -1.7547600e-9, -1.6279708e-8, 1.5333327e+1
-0.046, -1.5873289e-9, -1.6078566e-8, 1.5666660e+1
-0.047, -1.2638899e-9, -1.5772942e-8, 1.5999993e+1
-0.048, -1.1079617e-9, -1.5638500e-8, 1.6333326e+1
-0.049, -9.0394497e-10, -1.5353725e-8, 1.6666660e+1
-0.050, -6.9465611e-10, -1.5197477e-8, 1.6999994e+1
-0.051, -5.1963633e-10, -1.5042668e-8, 1.7333328e+1
-0.052, -3.9342396e-10, -1.4766758e-8, 1.7666662e+1
-0.053, -1.5162346e-10, -1.4551397e-8, 1.7999996e+1
-0.054, -4.0828181e-11, -1.4328049e-8, 1.8333330e+1
-0.055, 1.2987804e-10, -1.4186180e-8, 1.8666664e+1
-0.056, 3.0018482e-10, -1.3976732e-8, 1.8999998e+1
-0.057, 4.3678178e-10, -1.3783099e-8, 1.9333332e+1
-0.058, 6.3688427e-10, -1.3621740e-8, 1.9666666e+1
-0.059, 7.0598155e-10, -1.3405022e-8, 2.0000000e+1
-0.060, 8.8906932e-10, -1.3250292e-8, 2.0333334e+1
-0.061, 1.0540241e-9, -1.3120244e-8, 2.0666668e+1
-0.062, 1.0864559e-9, -1.2908240e-8, 2.1000002e+1
-0.063, 1.2852803e-9, -1.2758942e-8, 2.1333336e+1
-0.064, 1.4825869e-9, -1.2564350e-8, 2.1666670e+1
-0.065, 1.5553587e-9, -1.2384699e-8, 2.2000004e+1
-0.066, 1.7129645e-9, -1.2258646e-8, 2.2333338e+1
-0.067, 1.8225614e-9, -1.2093611e-8, 2.2666672e+1
-0.068, 1.9649897e-9, -1.1915156e-8, 2.3000006e+1
-0.069, 2.0570929e-9, -1.1804681e-8, 2.3333340e+1
-0.070, 2.1371338e-9, -1.1674554e-8, 2.3666674e+1
-0.071, 2.2012785e-9, -1.1537718e-8, 2.4000008e+1
-0.072, 2.4467535e-9, -1.1362618e-8, 2.4333342e+1
-0.073, 2.4985165e-9, -1.1301828e-8, 2.4666676e+1
-0.074, 2.5553919e-9, -1.1202935e-8, 2.5000010e+1
-0.075, 2.6241698e-9, -1.1019847e-8, 2.5333344e+1
-0.076, 2.8007872e-9, -1.0872866e-8, 2.5666677e+1
-0.077, 2.9329106e-9, -1.0832846e-8, 2.6000011e+1
-0.078, 2.9544787e-9, -1.0763429e-8, 2.6333345e+1
-0.079, 3.0632767e-9, -1.0607021e-8, 2.6666679e+1
-0.080, 3.0509753e-9, -1.0471383e-8, 2.7000013e+1
-0.081, 3.1165577e-9, -1.0345330e-8, 2.7333347e+1
-0.082, 3.4129168e-9, -1.0314497e-8, 2.7666681e+1
-0.083, 3.3145033e-9, -1.0244041e-8, 2.8000015e+1
-0.084, 3.3822425e-9, -1.0182293e-8, 2.8333349e+1
-0.085, 3.5443217e-9, -1.0092586e-8, 2.8666683e+1
-0.086, 3.5324195e-9, -1.0010788e-8, 2.9000017e+1
-0.087, 3.5737981e-9, -9.9558299e-9, 2.9333351e+1
-0.088, 3.5987211e-9, -9.9134123e-9, 2.9666685e+1
-0.089, 3.6525607e-9, -9.8666817e-9, 3.0000019e+1
-0.090, 3.7056820e-9, -9.8511856e-9, 3.0333353e+1
-0.091, 3.6729306e-9, -9.8213091e-9, 3.0666687e+1
-0.092, 3.8647254e-9, -9.8080495e-9, 3.1000021e+1
-0.093, 3.9287902e-9, -9.7722630e-9, 3.1333355e+1
-0.094, 3.9691299e-9, -9.7221768e-9, 3.1666689e+1
-0.095, 4.0640291e-9, -9.6186517e-9, 3.2000023e+1
-0.096, 4.0410231e-9, -9.4979500e-9, 3.2333355e+1
-0.097, 4.1058867e-9, -9.4239008e-9, 3.2666687e+1
-0.098, 4.2458388e-9, -9.4322878e-9, 3.3000019e+1
-0.099, 4.2372115e-9, -9.3874748e-9, 3.3333351e+1
-0.100, 4.3303530e-9, -9.3278034e-9, 3.3666683e+1
-0.101, 4.4798112e-9, -9.2835490e-9, 3.4000015e+1
-0.102, 4.4925916e-9, -9.2433696e-9, 3.4333347e+1
-0.103, 4.5890882e-9, -9.1580556e-9, 3.4666679e+1
-0.104, 4.6223989e-9, -9.0333616e-9, 3.5000011e+1
-0.105, 4.6035469e-9, -8.9506038e-9, 3.5333344e+1
-0.106, 4.6877418e-9, -8.9039531e-9, 3.5666676e+1
-0.107, 4.7989364e-9, -8.8506731e-9, 3.6000008e+1
-0.108, 4.9328177e-9, -8.8055394e-9, 3.6333340e+1
-0.109, 4.9500719e-9, -8.7150340e-9, 3.6666672e+1
-0.110, 4.9828230e-9, -8.6033607e-9, 3.7000004e+1
-0.111, 5.0721303e-9, -8.5627008e-9, 3.7333336e+1
-0.112, 5.0442517e-9, -8.4398435e-9, 3.7666668e+1
-0.113, 5.0851510e-9, -8.4030178e-9, 3.8000000e+1
-0.114, 5.2896469e-9, -8.3602814e-9, 3.8333332e+1
-0.115, 5.2908451e-9, -8.2919032e-9, 3.8666664e+1
-0.116, 5.3463629e-9, -8.2330311e-9, 3.8999996e+1
-0.117, 5.4317555e-9, -8.1768743e-9, 3.9333328e+1
-0.118, 5.4573177e-9, -8.0887652e-9, 3.9666660e+1
-0.119, 5.5348024e-9, -7.9921092e-9, 3.9999992e+1
-0.120, 5.5657163e-9, -7.9644700e-9, 4.0333324e+1
-0.121, 5.5680331e-9, -7.9077545e-9, 4.0666656e+1
-0.122, 5.6305800e-9, -7.8785982e-9, 4.0999989e+1
-0.123, 5.6953637e-9, -7.8277136e-9, 4.1333321e+1
-0.124, 5.8999396e-9, -7.7741928e-9, 4.1666653e+1
-0.125, 5.7559935e-9, -7.7590956e-9, 4.1999985e+1
-0.126, 5.8896350e-9, -7.6230577e-9, 4.2333317e+1
-0.127, 6.0130514e-9, -7.5724129e-9, 4.2666649e+1
-0.128, 6.0339005e-9, -7.5337505e-9, 4.2999981e+1
-0.129, 6.0466014e-9, -7.4500353e-9, 4.3333313e+1
-0.130, 6.1696186e-9, -7.4315825e-9, 4.3666645e+1
-0.131, 6.1150596e-9, -7.3554554e-9, 4.3999977e+1
-0.132, 6.1985355e-9, -7.3629649e-9, 4.4333309e+1
-0.133, 6.3991177e-9, -7.3732691e-9, 4.4666641e+1
-0.134, 6.3346537e-9, -7.3176718e-9, 4.4999973e+1
-0.135, 6.4424932e-9, -7.2683051e-9, 4.5333305e+1
-0.136, 6.4975314e-9, -7.2067969e-9, 4.5666637e+1
-0.137, 6.4791585e-9, -7.1493620e-9, 4.5999969e+1
-0.138, 6.5528090e-9, -7.1307498e-9, 4.6333302e+1
-0.139, 6.5365131e-9, -7.0379280e-9, 4.6666634e+1
-0.140, 6.6088059e-9, -7.0385666e-9, 4.6999966e+1
-0.141, 6.7151280e-9, -6.9995845e-9, 4.7333298e+1
-0.142, 6.6824564e-9, -6.9753008e-9, 4.7666630e+1
-0.143, 6.9181860e-9, -6.9460646e-9, 4.7999962e+1
-0.144, 6.8974964e-9, -6.9356800e-9, 4.8333294e+1
-0.145, 6.9230586e-9, -6.9257746e-9, 4.8666626e+1
-0.146, 7.0078130e-9, -6.9300077e-9, 4.8999958e+1
-0.147, 7.0259452e-9, -6.9212214e-9, 4.9333290e+1
-0.148, 7.0050166e-9, -6.8789641e-9, 4.9666622e+1
-0.149, 7.1678943e-9, -6.8684201e-9, 4.9999954e+1
-0.150, 7.1131758e-9, -6.8974169e-9, 5.0333286e+1
-0.151, 7.1896218e-9, -6.8576358e-9, 5.0666618e+1
-0.152, 7.3124000e-9, -6.8198518e-9, 5.0999950e+1
-0.153, 7.3844522e-9, -6.8161770e-9, 5.1333282e+1
-0.154, 7.4214377e-9, -6.7378143e-9, 5.1666615e+1
-0.155, 7.4329405e-9, -6.6685564e-9, 5.1999947e+1
-0.156, 7.5092270e-9, -6.6726304e-9, 5.2333279e+1
-0.157, 7.5265607e-9, -6.6428347e-9, 5.2666611e+1
-0.158, 7.5331119e-9, -6.6342878e-9, 5.2999943e+1
-0.159, 7.6630782e-9, -6.6370838e-9, 5.3333275e+1
-0.160, 7.7246671e-9, -6.7449237e-9, 5.3666607e+1
-0.161, 7.7413622e-9, -6.5614358e-9, 5.3999939e+1
-0.162, 7.9507307e-9, -6.5703030e-9, 5.4333271e+1
-0.163, 7.9086337e-9, -6.5619954e-9, 5.4666603e+1
-0.164, 7.9556832e-9, -6.5108710e-9, 5.4999935e+1
-0.165, 8.0262188e-9, -6.5129484e-9, 5.5333267e+1
-0.166, 8.0331688e-9, -6.5249304e-9, 5.5666599e+1
-0.167, 8.0475466e-9, -6.4897030e-9, 5.5999931e+1
-0.168, 8.2221669e-9, -6.4305912e-9, 5.6333263e+1
-0.169, 8.2548386e-9, -6.4366619e-9, 5.6666595e+1
-0.170, 8.3675511e-9, -6.4141350e-9, 5.6999928e+1
-0.171, 8.3987848e-9, -6.4194077e-9, 5.7333260e+1
-0.172, 8.4740330e-9, -6.3999961e-9, 5.7666592e+1
-0.173, 8.5398550e-9, -6.3973600e-9, 5.7999924e+1
-0.174, 8.5418517e-9, -6.3193961e-9, 5.8333256e+1
-0.175, 8.7901224e-9, -6.3398460e-9, 5.8666588e+1
-0.176, 8.8138474e-9, -6.3238694e-9, 5.8999920e+1
-0.177, 8.8590602e-9, -6.2467840e-9, 5.9333252e+1
-0.178, 8.9825560e-9, -6.2489405e-9, 5.9666584e+1
-0.179, 8.9629859e-9, -6.2637189e-9, 5.9999916e+1
-0.180, 9.0174650e-9, -6.1538024e-9, 6.0333248e+1
-0.181, 9.2289900e-9, -6.1988552e-9, 6.0666580e+1
-0.182, 9.2431289e-9, -6.2178667e-9, 6.0999912e+1
-0.183, 9.3060759e-9, -5.9825367e-9, 6.1333244e+1
-0.184, 9.3826023e-9, -6.0522733e-9, 6.1666576e+1
-0.185, 9.4537755e-9, -6.0600214e-9, 6.1999908e+1
-0.186, 9.5104919e-9, -5.9719927e-9, 6.2333241e+1
-0.187, 9.5666488e-9, -5.9853327e-9, 6.2666573e+1
-0.188, 9.7802504e-9, -5.9468301e-9, 6.2999905e+1
-0.189, 9.8249835e-9, -6.0277494e-9, 6.3333237e+1
-0.190, 9.8442356e-9, -5.9396403e-9, 6.3666569e+1
-0.191, 9.9878621e-9, -5.9752678e-9, 6.3999901e+1
-0.192, 1.0015420e-8, -5.9513035e-9, 6.4333237e+1
-0.193, 1.0028202e-8, -5.9251821e-9, 6.4666573e+1
-0.194, 1.0374887e-8, -5.9122414e-9, 6.4999908e+1
-0.195, 1.0391342e-8, -5.9233445e-9, 6.5333244e+1
-0.196, 1.0456046e-8, -5.8997798e-9, 6.5666580e+1
-0.197, 1.0627072e-8, -5.8679070e-9, 6.5999916e+1
-0.198, 1.0694571e-8, -5.8514518e-9, 6.6333252e+1
-0.199, 1.0855612e-8, -5.8909926e-9, 6.6666588e+1
-0.200, 1.0922473e-8, -5.9056910e-9, 6.6999924e+1
-0.201, 1.0966406e-8, -5.8341971e-9, 6.7333260e+1
-0.202, 1.1095575e-8, -5.8142273e-9, 6.7666595e+1
-0.203, 1.1268119e-8, -5.8114313e-9, 6.7999931e+1
-0.204, 1.1376038e-8, -5.6893725e-9, 6.8333267e+1
-0.205, 1.1281220e-8, -5.8676677e-9, 6.8666603e+1
-0.206, 1.1508721e-8, -5.9457115e-9, 6.8999939e+1
-0.207, 1.1892870e-8, -5.8083161e-9, 6.9333275e+1
-0.208, 1.1919630e-8, -5.6730771e-9, 6.9666611e+1
-0.209, 1.2047281e-8, -5.7405765e-9, 6.9999947e+1
-0.210, 1.2410820e-8, -5.6520681e-9, 7.0333282e+1
-0.211, 1.2213833e-8, -5.7280349e-9, 7.0666618e+1
-0.212, 1.2559399e-8, -5.7413754e-9, 7.0999954e+1
-0.213, 1.2785383e-8, -5.7317098e-9, 7.1333290e+1
-0.214, 1.2823007e-8, -5.6484732e-9, 7.1666626e+1
-0.215, 1.3028622e-8, -5.5840892e-9, 7.1999962e+1
-0.216, 1.3311321e-8, -5.5578084e-9, 7.2333298e+1
-0.217, 1.3383533e-8, -5.5664353e-9, 7.2666634e+1
-0.218, 1.3515897e-8, -5.5417519e-9, 7.2999969e+1
-0.219, 1.3786615e-8, -5.5361604e-9, 7.3333305e+1
-0.220, 1.3931919e-8, -5.5570091e-9, 7.3666641e+1
-0.221, 1.4242976e-8, -5.6416836e-9, 7.3999977e+1
-0.222, 1.4365833e-8, -5.7156537e-9, 7.4333313e+1
-0.223, 1.4753577e-8, -5.7322689e-9, 7.4666649e+1
-0.224, 1.4891293e-8, -5.8063989e-9, 7.4999985e+1
-0.225, 1.5112962e-8, -5.8461795e-9, 7.5333321e+1
-0.226, 1.5436003e-8, -5.8946674e-9, 7.5666656e+1
-0.227, 1.5691862e-8, -5.9475491e-9, 7.5999992e+1
-0.228, 1.5921042e-8, -5.9523417e-9, 7.6333328e+1
-0.229, 1.6285380e-8, -6.0628174e-9, 7.6666664e+1
-0.230, 1.6497465e-8, -6.1581953e-9, 7.7000000e+1
-0.231, 1.6857648e-8, -6.2997452e-9, 7.7333336e+1
-0.232, 1.7213042e-8, -6.3563013e-9, 7.7666672e+1
-0.233, 1.7420572e-8, -6.4180492e-9, 7.8000008e+1
-0.234, 1.7784751e-8, -6.6876487e-9, 7.8333344e+1
-0.235, 1.8206284e-8, -6.9129134e-9, 7.8666679e+1
-0.236, 1.8574696e-8, -6.8849548e-9, 7.9000015e+1
-0.237, 1.8833111e-8, -6.9256947e-9, 7.9333351e+1
-0.238, 1.9293706e-8, -6.9820905e-9, 7.9666687e+1
-0.239, 1.9743039e-8, -7.0616522e-9, 8.0000023e+1
-0.240, 2.0046029e-8, -7.2658288e-9, 8.0333359e+1
-0.241, 2.0293262e-8, -7.3580915e-9, 8.0666695e+1
-0.242, 2.0875994e-8, -7.4553075e-9, 8.1000031e+1
-0.243, 2.1147510e-8, -7.6116349e-9, 8.1333366e+1
-0.244, 2.1564810e-8, -7.8340241e-9, 8.1666702e+1
-0.245, 2.2072296e-8, -7.9553635e-9, 8.2000038e+1
-0.246, 2.2438471e-8, -8.0305318e-9, 8.2333374e+1
-0.247, 2.2776449e-8, -8.3176248e-9, 8.2666710e+1
-0.248, 2.3088464e-8, -8.4471132e-9, 8.3000046e+1
-0.249, 2.3636609e-8, -8.5635801e-9, 8.3333382e+1
-0.250, 2.3916915e-8, -8.8073770e-9, 8.3666718e+1
-0.251, 2.4352826e-8, -8.8799883e-9, 8.4000053e+1
-0.252, 2.4729225e-8, -9.1074908e-9, 8.4333389e+1
-0.253, 2.5113136e-8, -9.2014316e-9, 8.4666725e+1
-0.254, 2.5546012e-8, -9.4112789e-9, 8.5000061e+1
-0.255, 2.5725905e-8, -9.5767927e-9, 8.5333397e+1
-0.256, 2.6136414e-8, -9.7316031e-9, 8.5666733e+1
-0.257, 2.6441478e-8, -9.8230668e-9, 8.6000069e+1
-0.258, 2.6793677e-8, -9.9169277e-9, 8.6333405e+1
-0.259, 2.7046978e-8, -1.0158169e-8, 8.6666740e+1
-0.260, 2.7192682e-8, -1.0323922e-8, 8.7000076e+1
-0.261, 2.7524431e-8, -1.0403884e-8, 8.7333412e+1
-0.262, 2.7683715e-8, -1.0463395e-8, 8.7666748e+1
-0.263, 2.8153336e-8, -1.0694492e-8, 8.8000084e+1
-0.264, 2.8344331e-8, -1.0849701e-8, 8.8333420e+1
-0.265, 2.8584216e-8, -1.0910810e-8, 8.8666756e+1
-0.266, 2.8954863e-8, -1.1077921e-8, 8.9000092e+1
-0.267, 2.9040018e-8, -1.1237124e-8, 8.9333427e+1
-0.268, 2.9341090e-8, -1.1273630e-8, 8.9666763e+1
-0.269, 2.9458594e-8, -1.1459354e-8, 9.0000099e+1
-0.270, 2.9595510e-8, -1.1579256e-8, 9.0333435e+1
-0.271, 2.9894188e-8, -1.1720406e-8, 9.0666771e+1
-0.272, 3.0012092e-8, -1.1791421e-8, 9.1000107e+1
-0.273, 3.0120969e-8, -1.1924263e-8, 9.1333443e+1
-0.274, 3.0407502e-8, -1.2044405e-8, 9.1666779e+1
-0.275, 3.0365484e-8, -1.2097845e-8, 9.2000114e+1
-0.276, 3.0507834e-8, -1.2269909e-8, 9.2333450e+1
-0.277, 3.0669757e-8, -1.2334853e-8, 9.2666786e+1
-0.278, 3.0695556e-8, -1.2372237e-8, 9.3000122e+1
-0.279, 3.0884713e-8, -1.2524411e-8, 9.3333458e+1
-0.280, 3.0976899e-8, -1.2629854e-8, 9.3666794e+1
-0.281, 3.0972107e-8, -1.2782188e-8, 9.4000130e+1
-0.282, 3.1097997e-8, -1.2822367e-8, 9.4333466e+1
-0.283, 3.1220136e-8, -1.2990758e-8, 9.4666801e+1
-0.284, 3.1296501e-8, -1.3015840e-8, 9.5000137e+1
-0.285, 3.1372949e-8, -1.3068882e-8, 9.5333473e+1
-0.286, 3.1413048e-8, -1.3180795e-8, 9.5666809e+1
-0.287, 3.1449634e-8, -1.3224410e-8, 9.6000145e+1
-0.288, 3.1488856e-8, -1.3262993e-8, 9.6333481e+1
-0.289, 3.1510826e-8, -1.3304132e-8, 9.6666817e+1
-0.290, 3.1676816e-8, -1.3380897e-8, 9.7000153e+1
-0.291, 3.1597732e-8, -1.3443684e-8, 9.7333488e+1
-0.292, 3.1599413e-8, -1.3534908e-8, 9.7666824e+1
-0.293, 3.1791764e-8, -1.3665994e-8, 9.8000160e+1
-0.294, 3.1829472e-8, -1.3646263e-8, 9.8333496e+1
-0.295, 3.1808380e-8, -1.3725665e-8, 9.8666832e+1
-0.296, 3.1894572e-8, -1.3748591e-8, 9.9000168e+1
-0.297, 3.1874283e-8, -1.3798277e-8, 9.9333504e+1
-0.298, 3.1914464e-8, -1.3822560e-8, 9.9666840e+1
-0.299, 3.1921573e-8, -1.3866655e-8, 1.0000018e+2
-0.300, 3.1967744e-8, -1.3919936e-8, 1.0033351e+2
-0.301, 3.2004170e-8, -1.3978410e-8, 1.0066685e+2
-0.302, 3.1983721e-8, -1.4071630e-8, 1.0100018e+2
-0.303, 3.2047947e-8, -1.4154148e-8, 1.0133352e+2
-0.304, 3.2037480e-8, -1.4156544e-8, 1.0166685e+2
-0.305, 3.2049144e-8, -1.4188656e-8, 1.0200019e+2
-0.306, 3.2170803e-8, -1.4275727e-8, 1.0233353e+2
-0.307, 3.2136931e-8, -1.4244014e-8, 1.0266686e+2
-0.308, 3.2339191e-8, -1.4268299e-8, 1.0300020e+2
-0.309, 3.2347977e-8, -1.4344504e-8, 1.0333353e+2
-0.310, 3.2347103e-8, -1.4388439e-8, 1.0366687e+2
-0.311, 3.2337674e-8, -1.4375019e-8, 1.0400021e+2
-0.312, 3.2447993e-8, -1.4391075e-8, 1.0433354e+2
-0.313, 3.2425064e-8, -1.4464646e-8, 1.0466688e+2
-0.314, 3.2484095e-8, -1.4646855e-8, 1.0500021e+2
-0.315, 3.2443758e-8, -1.4601642e-8, 1.0533355e+2
-0.316, 3.2531226e-8, -1.4725618e-8, 1.0566689e+2
-0.317, 3.2552315e-8, -1.4747267e-8, 1.0600022e+2
-0.318, 3.2555352e-8, -1.4740317e-8, 1.0633356e+2
-0.319, 3.2870723e-8, -1.4756692e-8, 1.0666689e+2
-0.320, 3.2724699e-8, -1.4764761e-8, 1.0700023e+2
-0.321, 3.2694025e-8, -1.4813487e-8, 1.0733356e+2
-0.322, 3.2894768e-8, -1.4914377e-8, 1.0766690e+2
-0.323, 3.2887097e-8, -1.4864693e-8, 1.0800024e+2
-0.324, 3.2914258e-8, -1.4836893e-8, 1.0833357e+2
-0.325, 3.2982317e-8, -1.4973409e-8, 1.0866691e+2
-0.326, 3.2975127e-8, -1.5094511e-8, 1.0900024e+2
-0.327, 3.2996454e-8, -1.5085005e-8, 1.0933358e+2
-0.328, 3.3028726e-8, -1.5098664e-8, 1.0966692e+2
-0.329, 3.3060118e-8, -1.5127341e-8, 1.1000025e+2
-0.330, 3.3066431e-8, -1.5200671e-8, 1.1033359e+2
-0.331, 3.3074418e-8, -1.5245245e-8, 1.1066692e+2
-0.332, 3.3174189e-8, -1.5250118e-8, 1.1100026e+2
-0.333, 3.3215091e-8, -1.5199074e-8, 1.1133360e+2
-0.334, 3.3303760e-8, -1.5224956e-8, 1.1166693e+2
-0.335, 3.3341699e-8, -1.5266174e-8, 1.1200027e+2
-0.336, 3.3271249e-8, -1.5287423e-8, 1.1233360e+2
-0.337, 3.3272602e-8, -1.5243808e-8, 1.1266694e+2
-0.338, 3.3401530e-8, -1.5266014e-8, 1.1300027e+2
-0.339, 3.3360713e-8, -1.5315061e-8, 1.1333361e+2
-0.340, 3.3389551e-8, -1.5258825e-8, 1.1366695e+2
-0.341, 3.3428371e-8, -1.5285986e-8, 1.1400028e+2
-0.342, 3.3411201e-8, -1.5334473e-8, 1.1433362e+2
-0.343, 3.3404568e-8, -1.5303797e-8, 1.1466695e+2
-0.344, 3.3420065e-8, -1.5307553e-8, 1.1500029e+2
-0.345, 3.3430769e-8, -1.5285027e-8, 1.1533363e+2
-0.346, 3.3382602e-8, -1.5277998e-8, 1.1566696e+2
-0.347, 3.3423099e-8, -1.5258745e-8, 1.1600030e+2
-0.348, 3.3448583e-8, -1.5289022e-8, 1.1633363e+2
-0.349, 3.3470950e-8, -1.5301561e-8, 1.1666697e+2
-0.350, 3.3464239e-8, -1.5262660e-8, 1.1700031e+2
-0.351, 3.3526387e-8, -1.5289819e-8, 1.1733364e+2
-0.352, 3.3536931e-8, -1.5323849e-8, 1.1766698e+2
-0.353, 3.3536374e-8, -1.5378008e-8, 1.1800031e+2
-0.354, 3.3722895e-8, -1.5429451e-8, 1.1833365e+2
-0.355, 3.3601953e-8, -1.5362911e-8, 1.1866698e+2
-0.356, 3.3683833e-8, -1.5331439e-8, 1.1900032e+2
-0.357, 3.3860129e-8, -1.5361792e-8, 1.1933366e+2
-0.358, 3.3771062e-8, -1.5493676e-8, 1.1966699e+2
-0.359, 3.3826581e-8, -1.5486009e-8, 1.2000033e+2
-0.360, 3.3899912e-8, -1.5546158e-8, 1.2033366e+2
-0.361, 3.3946002e-8, -1.5548395e-8, 1.2066700e+2
-0.362, 3.4014779e-8, -1.5512368e-8, 1.2100034e+2
-0.363, 3.4020932e-8, -1.5600797e-8, 1.2133367e+2
-0.364, 3.4129886e-8, -1.5622046e-8, 1.2166701e+2
-0.365, 3.4276390e-8, -1.5701527e-8, 1.2200034e+2
-0.366, 3.4339021e-8, -1.5763675e-8, 1.2233368e+2
-0.367, 3.4443985e-8, -1.5789556e-8, 1.2266702e+2
-0.368, 3.4459557e-8, -1.5789157e-8, 1.2300035e+2
-0.369, 3.4492231e-8, -1.5792910e-8, 1.2333369e+2
-0.370, 3.4749210e-8, -1.5831814e-8, 1.2366702e+2
-0.371, 3.4767421e-8, -1.5842039e-8, 1.2400036e+2
-0.372, 3.4822701e-8, -1.6006036e-8, 1.2433369e+2
-0.373, 3.4924629e-8, -1.6068661e-8, 1.2466703e+2
-0.374, 3.4961214e-8, -1.6082081e-8, 1.2500037e+2
-0.375, 3.5039815e-8, -1.6132008e-8, 1.2533370e+2
-0.376, 3.5140307e-8, -1.6127775e-8, 1.2566704e+2
-0.377, 3.5259568e-8, -1.6126656e-8, 1.2600037e+2
-0.378, 3.5333141e-8, -1.6123060e-8, 1.2633371e+2
-0.379, 3.5384826e-8, -1.6176502e-8, 1.2666705e+2
-0.380, 3.5455518e-8, -1.6207496e-8, 1.2700038e+2
-0.381, 3.5520621e-8, -1.6236413e-8, 1.2733372e+2
-0.382, 3.5525414e-8, -1.6284980e-8, 1.2766705e+2
-0.383, 3.5832159e-8, -1.6308304e-8, 1.2800038e+2
-0.384, 3.5876891e-8, -1.6345052e-8, 1.2833371e+2
-0.385, 3.5936004e-8, -1.6374047e-8, 1.2866704e+2
-0.386, 3.6025632e-8, -1.6465911e-8, 1.2900037e+2
-0.387, 3.6130515e-8, -1.6471743e-8, 1.2933369e+2
-0.388, 3.6229249e-8, -1.6580300e-8, 1.2966702e+2
-0.389, 3.6365606e-8, -1.6595479e-8, 1.3000035e+2
-0.390, 3.6368800e-8, -1.6625753e-8, 1.3033368e+2
-0.391, 3.6444927e-8, -1.6682868e-8, 1.3066701e+2
-0.392, 3.6537909e-8, -1.6670247e-8, 1.3100034e+2
-0.393, 3.6631288e-8, -1.6708350e-8, 1.3133366e+2
-0.394, 3.6781227e-8, -1.6726803e-8, 1.3166699e+2
-0.395, 3.6822126e-8, -1.6734072e-8, 1.3200032e+2
-0.396, 3.6932203e-8, -1.6735910e-8, 1.3233365e+2
-0.397, 3.6964476e-8, -1.6751885e-8, 1.3266698e+2
-0.398, 3.6942428e-8, -1.6823540e-8, 1.3300031e+2
-0.399, 3.7244778e-8, -1.6813795e-8, 1.3333363e+2
