Feb. 3, 2006   02:56:42
Cyclic Voltammetry
File: z:\users\scottsaunders\git\labwork\ida\01_23_19_psoralen_nonequil_3\data\control\3\75um_control_transfer_3_gc_1.txt
Data Source:  Experiment
Instrument Model:  CHI760E
Header: 
Note: 

Init E (V) = 0
High E (V) = 0
Low E (V) = -0.4
Init P/N = N
Scan Rate (V/s) = 0.003
Segment = 1
Sample Interval (V) = 0.001
Quiet Time (sec) = 2
Sensitivity (A/V) = 1e-7
2nd E (V) = 0
Sens 2 (A/V) = 1e-7

Potential/V, i1/A, i2/A, Time/s

0.000, -1.0065013e-7, -1.2389172e-7, 3.3333334e-1
-0.001, -8.3355445e-8, -1.0856587e-7, 6.6666669e-1
-0.002, -7.2480489e-8, -9.7012077e-8, 1.0000000e+0
-0.003, -6.4744548e-8, -8.7862801e-8, 1.3333334e+0
-0.004, -5.8677490e-8, -8.0582744e-8, 1.6666667e+0
-0.005, -5.3551911e-8, -7.4670098e-8, 2.0000000e+0
-0.006, -4.9435073e-8, -6.9668097e-8, 2.3333333e+0
-0.007, -4.5871491e-8, -6.5518023e-8, 2.6666665e+0
-0.008, -4.2721933e-8, -6.1898284e-8, 2.9999998e+0
-0.009, -4.0103828e-8, -5.8816468e-8, 3.3333330e+0
-0.010, -3.7694207e-8, -5.6061602e-8, 3.6666663e+0
-0.011, -3.5535656e-8, -5.3660852e-8, 3.9999995e+0
-0.012, -3.3593263e-8, -5.1479777e-8, 4.3333330e+0
-0.013, -3.1858725e-8, -4.9554320e-8, 4.6666665e+0
-0.014, -3.0272442e-8, -4.7756593e-8, 5.0000000e+0
-0.015, -2.8631444e-8, -4.6221352e-8, 5.3333335e+0
-0.016, -2.7440652e-8, -4.4703530e-8, 5.6666670e+0
-0.017, -2.6221343e-8, -4.3413525e-8, 6.0000005e+0
-0.018, -2.4939730e-8, -4.2138304e-8, 6.3333340e+0
-0.019, -2.4008953e-8, -4.1024997e-8, 6.6666675e+0
-0.020, -2.2956838e-8, -3.9930068e-8, 7.0000010e+0
-0.021, -2.1936994e-8, -3.8954955e-8, 7.3333344e+0
-0.022, -2.1197295e-8, -3.8054534e-8, 7.6666679e+0
-0.023, -2.0371722e-8, -3.7199804e-8, 8.0000010e+0
-0.024, -1.9407157e-8, -3.6332455e-8, 8.3333340e+0
-0.025, -1.8829613e-8, -3.5609052e-8, 8.6666670e+0
-0.026, -1.8002124e-8, -3.4894192e-8, 9.0000000e+0
-0.027, -1.7714394e-8, -3.4342296e-8, 9.3333330e+0
-0.028, -1.7012397e-8, -3.3614416e-8, 9.6666660e+0
-0.029, -1.6501396e-8, -3.3039271e-8, 9.9999990e+0
-0.030, -1.5824881e-8, -3.2440003e-8, 1.0333332e+1
-0.031, -1.5282808e-8, -3.1938029e-8, 1.0666665e+1
-0.032, -1.4829083e-8, -3.1410572e-8, 1.0999998e+1
-0.033, -1.4325272e-8, -3.0947660e-8, 1.1333331e+1
-0.034, -1.3793023e-8, -3.0455674e-8, 1.1666664e+1
-0.035, -1.3430122e-8, -3.0025593e-8, 1.1999997e+1
-0.036, -1.3036387e-8, -2.9533682e-8, 1.2333330e+1
-0.037, -1.2563651e-8, -2.9124370e-8, 1.2666663e+1
-0.038, -1.2182697e-8, -2.8784955e-8, 1.2999996e+1
-0.039, -1.1753175e-8, -2.8297121e-8, 1.3333329e+1
-0.040, -1.1340189e-8, -2.7916888e-8, 1.3666662e+1
-0.041, -1.1124031e-8, -2.7518759e-8, 1.3999995e+1
-0.042, -1.0770156e-8, -2.7152185e-8, 1.4333328e+1
-0.043, -1.0466049e-8, -2.6899677e-8, 1.4666661e+1
-0.044, -1.0127912e-8, -2.6540295e-8, 1.4999994e+1
-0.045, -9.7288249e-9, -2.6256394e-8, 1.5333327e+1
-0.046, -9.5711394e-9, -2.6001972e-8, 1.5666660e+1
-0.047, -9.1830765e-9, -2.5673502e-8, 1.5999993e+1
-0.048, -8.9347250e-9, -2.5456625e-8, 1.6333326e+1
-0.049, -8.6823011e-9, -2.5123919e-8, 1.6666660e+1
-0.050, -8.3213969e-9, -2.4894261e-8, 1.6999994e+1
-0.051, -8.1557241e-9, -2.4636243e-8, 1.7333328e+1
-0.052, -8.0986080e-9, -2.4420645e-8, 1.7666662e+1
-0.053, -7.7063111e-9, -2.4202089e-8, 1.7999996e+1
-0.054, -7.3880653e-9, -2.4055188e-8, 1.8333330e+1
-0.055, -7.3863076e-9, -2.3743812e-8, 1.8666664e+1
-0.056, -7.1027295e-9, -2.3581890e-8, 1.8999998e+1
-0.057, -6.8407187e-9, -2.3333062e-8, 1.9333332e+1
-0.058, -6.6409358e-9, -2.3124253e-8, 1.9666666e+1
-0.059, -6.4552919e-9, -2.2997160e-8, 2.0000000e+1
-0.060, -6.2163670e-9, -2.2703198e-8, 2.0333334e+1
-0.061, -5.9408567e-9, -2.2591605e-8, 2.0666668e+1
-0.062, -5.8400462e-9, -2.2325120e-8, 2.1000002e+1
-0.063, -5.6401834e-9, -2.2160485e-8, 2.1333336e+1
-0.064, -5.3483773e-9, -2.1988420e-8, 2.1666670e+1
-0.065, -5.2895848e-9, -2.1733440e-8, 2.2000004e+1
-0.066, -4.9195750e-9, -2.1595007e-8, 2.2333338e+1
-0.067, -4.8459246e-9, -2.1376211e-8, 2.2666672e+1
-0.068, -4.7261026e-9, -2.1194081e-8, 2.3000006e+1
-0.069, -4.4487547e-9, -2.1082089e-8, 2.3333340e+1
-0.070, -4.4259889e-9, -2.0845880e-8, 2.3666674e+1
-0.071, -4.1798747e-9, -2.0705048e-8, 2.4000008e+1
-0.072, -4.0124437e-9, -2.0582910e-8, 2.4333342e+1
-0.073, -3.8516426e-9, -2.0346782e-8, 2.4666676e+1
-0.074, -3.7086552e-9, -2.0206350e-8, 2.5000010e+1
-0.075, -3.5891530e-9, -2.0097552e-8, 2.5333344e+1
-0.076, -3.4332246e-9, -1.9890260e-8, 2.5666677e+1
-0.077, -3.3161187e-9, -1.9728022e-8, 2.6000011e+1
-0.078, -3.1606697e-9, -1.9625693e-8, 2.6333345e+1
-0.079, -2.8762925e-9, -1.9397952e-8, 2.6666679e+1
-0.080, -2.7905802e-9, -1.9267265e-8, 2.7000013e+1
-0.081, -2.7677340e-9, -1.9163021e-8, 2.7333347e+1
-0.082, -2.4187328e-9, -1.9026505e-8, 2.7666681e+1
-0.083, -2.3513131e-9, -1.8827681e-8, 2.8000015e+1
-0.084, -2.2636835e-9, -1.8719440e-8, 2.8333349e+1
-0.085, -1.9263451e-9, -1.8632450e-8, 2.8666683e+1
-0.086, -1.9041380e-9, -1.8435303e-8, 2.9000017e+1
-0.087, -1.8284105e-9, -1.8298147e-8, 2.9333351e+1
-0.088, -1.6852634e-9, -1.8208521e-8, 2.9666685e+1
-0.089, -1.5787818e-9, -1.8101479e-8, 3.0000019e+1
-0.090, -1.3965726e-9, -1.7921346e-8, 3.0333353e+1
-0.091, -1.3238807e-9, -1.7802723e-8, 3.0666687e+1
-0.092, -1.1581271e-9, -1.7725078e-8, 3.1000021e+1
-0.093, -1.1611626e-9, -1.7654383e-8, 3.1333355e+1
-0.094, -9.7615760e-10, -1.7492784e-8, 3.1666689e+1
-0.095, -7.9954016e-10, -1.7358264e-8, 3.2000023e+1
-0.096, -8.3085366e-10, -1.7275667e-8, 3.2333355e+1
-0.097, -7.3036305e-10, -1.7209286e-8, 3.2666687e+1
-0.098, -3.9582038e-10, -1.7135955e-8, 3.3000019e+1
-0.099, -4.0404816e-10, -1.7004949e-8, 3.3333351e+1
-0.100, -3.4573486e-10, -1.6892397e-8, 3.3666683e+1
-0.101, -2.5403121e-10, -1.6807004e-8, 3.4000015e+1
-0.102, -2.2343670e-10, -1.6753164e-8, 3.4333347e+1
-0.103, 2.3715863e-11, -1.6714262e-8, 3.4666679e+1
-0.104, 7.4041044e-11, -1.6625194e-8, 3.5000011e+1
-0.105, 1.0120067e-10, -1.6500579e-8, 3.5333344e+1
-0.106, 1.7668844e-10, -1.6393299e-8, 3.5666676e+1
-0.107, 2.5808741e-10, -1.6335624e-8, 3.6000008e+1
-0.108, 4.3374626e-10, -1.6268684e-8, 3.6333340e+1
-0.109, 5.7090233e-10, -1.6233777e-8, 3.6666672e+1
-0.110, 5.4701788e-10, -1.6175703e-8, 3.7000004e+1
-0.111, 6.9383954e-10, -1.6082161e-8, 3.7333336e+1
-0.112, 7.3521805e-10, -1.5953233e-8, 3.7666668e+1
-0.113, 7.6165874e-10, -1.5862728e-8, 3.8000000e+1
-0.114, 1.0387667e-9, -1.5799541e-8, 3.8333332e+1
-0.115, 1.0354917e-9, -1.5747700e-8, 3.8666664e+1
-0.116, 1.0199946e-9, -1.5731244e-8, 3.8999996e+1
-0.117, 1.1886240e-9, -1.5651121e-8, 3.9333328e+1
-0.118, 1.2646709e-9, -1.5518919e-8, 3.9666660e+1
-0.119, 1.5071904e-9, -1.5437280e-8, 3.9999992e+1
-0.120, 1.5557582e-9, -1.5375372e-8, 4.0333324e+1
-0.121, 1.5793230e-9, -1.5324169e-8, 4.0666656e+1
-0.122, 1.6790948e-9, -1.5279914e-8, 4.0999989e+1
-0.123, 1.7279022e-9, -1.5252196e-8, 4.1333321e+1
-0.124, 1.9737767e-9, -1.5223439e-8, 4.1666653e+1
-0.125, 1.9151438e-9, -1.5151784e-8, 4.1999985e+1
-0.126, 2.0590099e-9, -1.5077097e-8, 4.2333317e+1
-0.127, 2.1624562e-9, -1.4977164e-8, 4.2666649e+1
-0.128, 2.2071895e-9, -1.4885621e-8, 4.2999981e+1
-0.129, 2.3062423e-9, -1.4829784e-8, 4.3333313e+1
-0.130, 2.5478830e-9, -1.4787686e-8, 4.3666645e+1
-0.131, 2.5832705e-9, -1.4757330e-8, 4.3999977e+1
-0.132, 2.6415039e-9, -1.4712438e-8, 4.4333309e+1
-0.133, 2.8162841e-9, -1.4620654e-8, 4.4666641e+1
-0.134, 2.8032634e-9, -1.4483978e-8, 4.4999973e+1
-0.135, 3.0390728e-9, -1.4418315e-8, 4.5333305e+1
-0.136, 3.1096881e-9, -1.4379973e-8, 4.5666637e+1
-0.137, 3.1876519e-9, -1.4318064e-8, 4.5999969e+1
-0.138, 3.4249790e-9, -1.4295538e-8, 4.6333302e+1
-0.139, 3.4233816e-9, -1.4267419e-8, 4.6666634e+1
-0.140, 3.5127685e-9, -1.4230674e-8, 4.6999966e+1
-0.141, 3.5471175e-9, -1.4193929e-8, 4.7333298e+1
-0.142, 3.6101440e-9, -1.4112210e-8, 4.7666630e+1
-0.143, 3.7454626e-9, -1.4059570e-8, 4.7999962e+1
-0.144, 3.8649648e-9, -1.3980166e-8, 4.8333294e+1
-0.145, 3.9525148e-9, -1.3939347e-8, 4.8666626e+1
-0.146, 4.1009343e-9, -1.3880874e-8, 4.8999958e+1
-0.147, 4.1326471e-9, -1.3850759e-8, 4.9333290e+1
-0.148, 4.2721995e-9, -1.3798437e-8, 4.9666622e+1
-0.149, 4.5207100e-9, -1.3773275e-8, 4.9999954e+1
-0.150, 4.5716746e-9, -1.3743637e-8, 5.0333286e+1
-0.151, 4.6171267e-9, -1.3699544e-8, 5.0666618e+1
-0.152, 4.7925459e-9, -1.3615589e-8, 5.0999950e+1
-0.153, 4.9130069e-9, -1.3530995e-8, 5.1333282e+1
-0.154, 5.0294737e-9, -1.3469406e-8, 5.1666615e+1
-0.155, 5.1069584e-9, -1.3419959e-8, 5.1999947e+1
-0.156, 5.3024278e-9, -1.3384732e-8, 5.2333279e+1
-0.157, 5.4890306e-9, -1.3355894e-8, 5.2666611e+1
-0.158, 5.4914269e-9, -1.3326659e-8, 5.2999943e+1
-0.159, 5.6032605e-9, -1.3319709e-8, 5.3333275e+1
-0.160, 5.5927161e-9, -1.3287996e-8, 5.3666607e+1
-0.161, 5.9600902e-9, -1.3264669e-8, 5.3999939e+1
-0.162, 6.0679297e-9, -1.3255404e-8, 5.4333271e+1
-0.163, 6.0966072e-9, -1.3213067e-8, 5.4666603e+1
-0.164, 6.2864847e-9, -1.3207636e-8, 5.4999935e+1
-0.165, 6.5148651e-9, -1.3169691e-8, 5.5333267e+1
-0.166, 6.5374719e-9, -1.3129272e-8, 5.5666599e+1
-0.167, 6.6613675e-9, -1.3101712e-8, 5.5999931e+1
-0.168, 6.9071620e-9, -1.3089730e-8, 5.6333263e+1
-0.169, 6.9618808e-9, -1.3082461e-8, 5.6666595e+1
-0.170, 7.0593358e-9, -1.3094843e-8, 5.6999928e+1
-0.171, 7.2679858e-9, -1.3070639e-8, 5.7333260e+1
-0.172, 7.4180826e-9, -1.3105548e-8, 5.7666592e+1
-0.173, 7.5840756e-9, -1.3148443e-8, 5.7999924e+1
-0.174, 7.6355997e-9, -1.3143650e-8, 5.8333256e+1
-0.175, 7.9623135e-9, -1.3180157e-8, 5.8666588e+1
-0.176, 8.0380413e-9, -1.3197410e-8, 5.8999920e+1
-0.177, 8.0965137e-9, -1.3267626e-8, 5.9333252e+1
-0.178, 8.4081311e-9, -1.3273937e-8, 5.9666584e+1
-0.179, 8.5976888e-9, -1.3307168e-8, 5.9999916e+1
-0.180, 8.7187884e-9, -1.3342954e-8, 6.0333248e+1
-0.181, 8.9742489e-9, -1.3402386e-8, 6.0666580e+1
-0.182, 9.0223375e-9, -1.3439530e-8, 6.0999912e+1
-0.183, 9.4186285e-9, -1.3556636e-8, 6.1333244e+1
-0.184, 9.5556247e-9, -1.3627171e-8, 6.1666576e+1
-0.185, 9.8748298e-9, -1.3766805e-8, 6.1999908e+1
-0.186, 9.9666133e-9, -1.3804987e-8, 6.2333241e+1
-0.187, 1.0340618e-8, -1.3877119e-8, 6.2666573e+1
-0.188, 1.0501978e-8, -1.3984959e-8, 6.2999905e+1
-0.189, 1.0852177e-8, -1.4126189e-8, 6.3333237e+1
-0.190, 1.1106518e-8, -1.4265502e-8, 6.3666569e+1
-0.191, 1.1407591e-8, -1.4317106e-8, 6.3999901e+1
-0.192, 1.1893110e-8, -1.4399863e-8, 6.4333237e+1
-0.193, 1.2059022e-8, -1.4538617e-8, 6.4666573e+1
-0.194, 1.2629775e-8, -1.4732168e-8, 6.4999908e+1
-0.195, 1.2974940e-8, -1.4794876e-8, 6.5333244e+1
-0.196, 1.3408616e-8, -1.4879070e-8, 6.5666580e+1
-0.197, 1.4090961e-8, -1.5067990e-8, 6.5999916e+1
-0.198, 1.4354730e-8, -1.5253153e-8, 6.6333252e+1
-0.199, 1.4872280e-8, -1.5376571e-8, 6.6666588e+1
-0.200, 1.5389192e-8, -1.5588736e-8, 6.6999924e+1
-0.201, 1.5872473e-8, -1.5770466e-8, 6.7333260e+1
-0.202, 1.6412232e-8, -1.5950038e-8, 6.7666595e+1
-0.203, 1.7003273e-8, -1.6213008e-8, 6.7999931e+1
-0.204, 1.7760227e-8, -1.6378680e-8, 6.8333267e+1
-0.205, 1.8203327e-8, -1.6688940e-8, 6.8666603e+1
-0.206, 1.8997348e-8, -1.6882092e-8, 6.8999939e+1
-0.207, 1.9746233e-8, -1.7214717e-8, 6.9333275e+1
-0.208, 2.0670619e-8, -1.7494383e-8, 6.9666611e+1
-0.209, 2.1375094e-8, -1.7916713e-8, 6.9999947e+1
-0.210, 2.2176621e-8, -1.8198454e-8, 7.0333282e+1
-0.211, 2.3345683e-8, -1.8577811e-8, 7.0666618e+1
-0.212, 2.4255211e-8, -1.8940073e-8, 7.0999954e+1
-0.213, 2.5510625e-8, -1.9331969e-8, 7.1333290e+1
-0.214, 2.6338673e-8, -1.9784258e-8, 7.1666626e+1
-0.215, 2.7604470e-8, -2.0262187e-8, 7.1999962e+1
-0.216, 2.9065339e-8, -2.0792120e-8, 7.2333298e+1
-0.217, 3.0143099e-8, -2.1377968e-8, 7.2666634e+1
-0.218, 3.1486461e-8, -2.2010708e-8, 7.2999969e+1
-0.219, 3.2836454e-8, -2.2620840e-8, 7.3333305e+1
-0.220, 3.4455248e-8, -2.3286571e-8, 7.3666641e+1
-0.221, 3.6009734e-8, -2.4044564e-8, 7.3999977e+1
-0.222, 3.7554560e-8, -2.4833470e-8, 7.4333313e+1
-0.223, 3.9388951e-8, -2.5672382e-8, 7.4666649e+1
-0.224, 4.1093138e-8, -2.6590858e-8, 7.4999985e+1
-0.225, 4.2835985e-8, -2.7547197e-8, 7.5333321e+1
-0.226, 4.5017945e-8, -2.8737427e-8, 7.5666656e+1
-0.227, 4.6902898e-8, -2.9797929e-8, 7.5999992e+1
-0.228, 4.8979970e-8, -3.0936956e-8, 7.6333328e+1
-0.229, 5.1216965e-8, -3.2128305e-8, 7.6666664e+1
-0.230, 5.3584564e-8, -3.3361911e-8, 7.7000000e+1
-0.231, 5.6062799e-8, -3.4713661e-8, 7.7333336e+1
-0.232, 5.8545591e-8, -3.6114301e-8, 7.7666672e+1
-0.233, 6.0985641e-8, -3.7568299e-8, 7.8000008e+1
-0.234, 6.3574198e-8, -3.9062638e-8, 7.8333344e+1
-0.235, 6.6293595e-8, -4.0671765e-8, 7.8666679e+1
-0.236, 6.9111238e-8, -4.2335053e-8, 7.9000015e+1
-0.237, 7.2227891e-8, -4.4072305e-8, 7.9333351e+1
-0.238, 7.4874357e-8, -4.5861167e-8, 7.9666687e+1
-0.239, 7.8241911e-8, -4.7776084e-8, 8.0000023e+1
-0.240, 8.1140477e-8, -4.9668067e-8, 8.0333359e+1
-0.241, 8.4303934e-8, -5.1699125e-8, 8.0666695e+1
-0.242, 8.7824382e-8, -5.3770929e-8, 8.1000031e+1
-0.243, 9.0902525e-8, -5.5931480e-8, 8.1333366e+1
-0.244, 9.4446222e-8, -5.8117664e-8, 8.1666702e+1
-0.245, 9.7837173e-8, -6.0357138e-8, 8.2000038e+1
-0.246, 1.0130506e-7, -6.2667304e-8, 8.2333374e+1
-0.247, 1.0471319e-7, -6.5067972e-8, 8.2666710e+1
-0.248, 1.0845594e-7, -6.7480627e-8, 8.3000046e+1
-0.249, 1.1185617e-7, -7.0028122e-8, 8.3333382e+1
-0.250, 1.1533835e-7, -7.2514979e-8, 8.3666718e+1
-0.251, 1.1872596e-7, -7.5110087e-8, 8.4000053e+1
-0.252, 1.2240265e-7, -7.7656303e-8, 8.4333389e+1
-0.253, 1.2588811e-7, -8.0350453e-8, 8.4666725e+1
-0.254, 1.2938317e-7, -8.2942677e-8, 8.5000061e+1
-0.255, 1.3296855e-7, -8.5616939e-8, 8.5333397e+1
-0.256, 1.3635622e-7, -8.8279144e-8, 8.5666733e+1
-0.257, 1.3964909e-7, -9.1008047e-8, 8.6000069e+1
-0.258, 1.4307912e-7, -9.3752291e-8, 8.6333405e+1
-0.259, 1.4624409e-7, -9.6415370e-8, 8.6666740e+1
-0.260, 1.4938030e-7, -9.9013825e-8, 8.7000076e+1
-0.261, 1.5264848e-7, -1.0160270e-7, 8.7333412e+1
-0.262, 1.5574381e-7, -1.0415619e-7, 8.7666748e+1
-0.263, 1.5867353e-7, -1.0670759e-7, 8.8000084e+1
-0.264, 1.6145634e-7, -1.0913254e-7, 8.8333420e+1
-0.265, 1.6417464e-7, -1.1152123e-7, 8.8666756e+1
-0.266, 1.6675791e-7, -1.1388899e-7, 8.9000092e+1
-0.267, 1.6907981e-7, -1.1614468e-7, 8.9333427e+1
-0.268, 1.7159688e-7, -1.1834892e-7, 8.9666763e+1
-0.269, 1.7360853e-7, -1.2041951e-7, 9.0000099e+1
-0.270, 1.7569710e-7, -1.2254500e-7, 9.0333435e+1
-0.271, 1.7777361e-7, -1.2448180e-7, 9.0666771e+1
-0.272, 1.7958979e-7, -1.2636221e-7, 9.1000107e+1
-0.273, 1.8109922e-7, -1.2815291e-7, 9.1333443e+1
-0.274, 1.8302205e-7, -1.2985925e-7, 9.1666779e+1
-0.275, 1.8424072e-7, -1.3148659e-7, 9.2000114e+1
-0.276, 1.8544893e-7, -1.3299260e-7, 9.2333450e+1
-0.277, 1.8680106e-7, -1.3443372e-7, 9.2666786e+1
-0.278, 1.8776252e-7, -1.3581950e-7, 9.3000122e+1
-0.279, 1.8886368e-7, -1.3705048e-7, 9.3333458e+1
-0.280, 1.8975948e-7, -1.3830045e-7, 9.3666794e+1
-0.281, 1.9063242e-7, -1.3939891e-7, 9.4000130e+1
-0.282, 1.9125700e-7, -1.4047809e-7, 9.4333466e+1
-0.283, 1.9182113e-7, -1.4142245e-7, 9.4666801e+1
-0.284, 1.9251107e-7, -1.4235155e-7, 9.5000137e+1
-0.285, 1.9289001e-7, -1.4316595e-7, 9.5333473e+1
-0.286, 1.9329948e-7, -1.4399862e-7, 9.5666809e+1
-0.287, 1.9376488e-7, -1.4466995e-7, 9.6000145e+1
-0.288, 1.9407291e-7, -1.4538328e-7, 9.6333481e+1
-0.289, 1.9424240e-7, -1.4601059e-7, 9.6666817e+1
-0.290, 1.9458949e-7, -1.4654316e-7, 9.7000153e+1
-0.291, 1.9459189e-7, -1.4704786e-7, 9.7333488e+1
-0.292, 1.9474422e-7, -1.4753408e-7, 9.7666824e+1
-0.293, 1.9489576e-7, -1.4799301e-7, 9.8000160e+1
-0.294, 1.9494209e-7, -1.4843468e-7, 9.8333496e+1
-0.295, 1.9497348e-7, -1.4882177e-7, 9.8666832e+1
-0.296, 1.9504553e-7, -1.4912557e-7, 9.9000168e+1
-0.297, 1.9505671e-7, -1.4948711e-7, 9.9333504e+1
-0.298, 1.9514195e-7, -1.4985800e-7, 9.9666840e+1
-0.299, 1.9510632e-7, -1.5006528e-7, 1.0000018e+2
-0.300, 1.9513436e-7, -1.5041542e-7, 1.0033351e+2
-0.301, 1.9517582e-7, -1.5065577e-7, 1.0066685e+2
-0.302, 1.9515194e-7, -1.5094437e-7, 1.0100018e+2
-0.303, 1.9541147e-7, -1.5125536e-7, 1.0133352e+2
-0.304, 1.9543872e-7, -1.5145905e-7, 1.0166685e+2
-0.305, 1.9548695e-7, -1.5177578e-7, 1.0200019e+2
-0.306, 1.9563386e-7, -1.5195512e-7, 1.0233353e+2
-0.307, 1.9567428e-7, -1.5223750e-7, 1.0266686e+2
-0.308, 1.9579466e-7, -1.5244503e-7, 1.0300020e+2
-0.309, 1.9602328e-7, -1.5273811e-7, 1.0333353e+2
-0.310, 1.9605515e-7, -1.5293821e-7, 1.0366687e+2
-0.311, 1.9610179e-7, -1.5324903e-7, 1.0400021e+2
-0.312, 1.9626077e-7, -1.5346824e-7, 1.0433354e+2
-0.313, 1.9637787e-7, -1.5374837e-7, 1.0466688e+2
-0.314, 1.9655025e-7, -1.5397491e-7, 1.0500021e+2
-0.315, 1.9654122e-7, -1.5425130e-7, 1.0533355e+2
-0.316, 1.9664364e-7, -1.5439493e-7, 1.0566689e+2
-0.317, 1.9676682e-7, -1.5459479e-7, 1.0600022e+2
-0.318, 1.9686324e-7, -1.5480720e-7, 1.0633356e+2
-0.319, 1.9688063e-7, -1.5490313e-7, 1.0666689e+2
-0.320, 1.9690101e-7, -1.5511873e-7, 1.0700023e+2
-0.321, 1.9688080e-7, -1.5526723e-7, 1.0733356e+2
-0.322, 1.9703339e-7, -1.5537148e-7, 1.0766690e+2
-0.323, 1.9694686e-7, -1.5547788e-7, 1.0800024e+2
-0.324, 1.9699375e-7, -1.5566120e-7, 1.0833357e+2
-0.325, 1.9701923e-7, -1.5579006e-7, 1.0866691e+2
-0.326, 1.9696860e-7, -1.5583454e-7, 1.0900024e+2
-0.327, 1.9700742e-7, -1.5587329e-7, 1.0933358e+2
-0.328, 1.9700774e-7, -1.5594135e-7, 1.0966692e+2
-0.329, 1.9694839e-7, -1.5600135e-7, 1.1000025e+2
-0.330, 1.9696205e-7, -1.5604783e-7, 1.1033359e+2
-0.331, 1.9692435e-7, -1.5604471e-7, 1.1066692e+2
-0.332, 1.9677863e-7, -1.5604567e-7, 1.1100026e+2
-0.333, 1.9665019e-7, -1.5595437e-7, 1.1133360e+2
-0.334, 1.9656352e-7, -1.5590156e-7, 1.1166693e+2
-0.335, 1.9650409e-7, -1.5584062e-7, 1.1200027e+2
-0.336, 1.9615757e-7, -1.5580147e-7, 1.1233360e+2
-0.337, 1.9603127e-7, -1.5560433e-7, 1.1266694e+2
-0.338, 1.9590857e-7, -1.5541501e-7, 1.1300027e+2
-0.339, 1.9549159e-7, -1.5526459e-7, 1.1333361e+2
-0.340, 1.9513899e-7, -1.5497518e-7, 1.1366695e+2
-0.341, 1.9494719e-7, -1.5481368e-7, 1.1400028e+2
-0.342, 1.9456145e-7, -1.5450405e-7, 1.1433362e+2
-0.343, 1.9414335e-7, -1.5428310e-7, 1.1466695e+2
-0.344, 1.9385018e-7, -1.5394791e-7, 1.1500029e+2
-0.345, 1.9344400e-7, -1.5353829e-7, 1.1533363e+2
-0.346, 1.9305912e-7, -1.5325367e-7, 1.1566696e+2
-0.347, 1.9258040e-7, -1.5289012e-7, 1.1600030e+2
-0.348, 1.9217453e-7, -1.5252411e-7, 1.1633363e+2
-0.349, 1.9168301e-7, -1.5226281e-7, 1.1666697e+2
-0.350, 1.9120860e-7, -1.5191038e-7, 1.1700031e+2
-0.351, 1.9080615e-7, -1.5151450e-7, 1.1733364e+2
-0.352, 1.9025362e-7, -1.5121294e-7, 1.1766698e+2
-0.353, 1.8973806e-7, -1.5088710e-7, 1.1800031e+2
-0.354, 1.8932835e-7, -1.5048226e-7, 1.1833365e+2
-0.355, 1.8884155e-7, -1.5008958e-7, 1.1866698e+2
-0.356, 1.8843481e-7, -1.4980375e-7, 1.1900032e+2
-0.357, 1.8804059e-7, -1.4943087e-7, 1.1933366e+2
-0.358, 1.8754500e-7, -1.4904273e-7, 1.1966699e+2
-0.359, 1.8713826e-7, -1.4867551e-7, 1.2000033e+2
-0.360, 1.8673053e-7, -1.4839001e-7, 1.2033366e+2
-0.361, 1.8620730e-7, -1.4799916e-7, 1.2066700e+2
-0.362, 1.8581900e-7, -1.4763665e-7, 1.2100034e+2
-0.363, 1.8534787e-7, -1.4731609e-7, 1.2133367e+2
-0.364, 1.8506078e-7, -1.4701016e-7, 1.2166701e+2
-0.365, 1.8466640e-7, -1.4663686e-7, 1.2200034e+2
-0.366, 1.8426931e-7, -1.4636008e-7, 1.2233368e+2
-0.367, 1.8382381e-7, -1.4602091e-7, 1.2266702e+2
-0.368, 1.8340603e-7, -1.4567964e-7, 1.2300035e+2
-0.369, 1.8303083e-7, -1.4544959e-7, 1.2333369e+2
-0.370, 1.8287787e-7, -1.4510842e-7, 1.2366702e+2
-0.371, 1.8245834e-7, -1.4485175e-7, 1.2400036e+2
-0.372, 1.8226766e-7, -1.4459462e-7, 1.2433369e+2
-0.373, 1.8192273e-7, -1.4432997e-7, 1.2466703e+2
-0.374, 1.8173540e-7, -1.4410119e-7, 1.2500037e+2
-0.375, 1.8140589e-7, -1.4385947e-7, 1.2533370e+2
-0.376, 1.8135157e-7, -1.4362917e-7, 1.2566704e+2
-0.377, 1.8109276e-7, -1.4343642e-7, 1.2600037e+2
-0.378, 1.8086781e-7, -1.4315611e-7, 1.2633371e+2
-0.379, 1.8067369e-7, -1.4299388e-7, 1.2666705e+2
-0.380, 1.8042206e-7, -1.4270751e-7, 1.2700038e+2
-0.381, 1.8021470e-7, -1.4255254e-7, 1.2733372e+2
-0.382, 1.7996923e-7, -1.4226009e-7, 1.2766705e+2
-0.383, 1.7981529e-7, -1.4208763e-7, 1.2800038e+2
-0.384, 1.7947973e-7, -1.4180621e-7, 1.2833371e+2
-0.385, 1.7933738e-7, -1.4164046e-7, 1.2866704e+2
-0.386, 1.7922035e-7, -1.4144138e-7, 1.2900037e+2
-0.387, 1.7892502e-7, -1.4117906e-7, 1.2933369e+2
-0.388, 1.7882741e-7, -1.4106898e-7, 1.2966702e+2
-0.389, 1.7875679e-7, -1.4077894e-7, 1.3000035e+2
-0.390, 1.7848303e-7, -1.4065368e-7, 1.3033368e+2
-0.391, 1.7834245e-7, -1.4048017e-7, 1.3066701e+2
-0.392, 1.7827574e-7, -1.4026418e-7, 1.3100034e+2
-0.393, 1.7808755e-7, -1.4013533e-7, 1.3133366e+2
-0.394, 1.7797930e-7, -1.3991965e-7, 1.3166699e+2
-0.395, 1.7791164e-7, -1.3974031e-7, 1.3200032e+2
-0.396, 1.7773702e-7, -1.3963815e-7, 1.3233365e+2
-0.397, 1.7755721e-7, -1.3943045e-7, 1.3266698e+2
-0.398, 1.7749116e-7, -1.3923483e-7, 1.3300031e+2
-0.399, 1.7745209e-7, -1.3910831e-7, 1.3333363e+2
