Feb. 3, 2006   03:22:11
Square Wave Voltammetry
File: z:\users\scottsaunders\git\labwork\ida\01_23_19_psoralen_nonequil_3\data\control\3\75um_control_transfer_3_swv_11.txt
Data Source:  Experiment
Instrument Model:  CHI760E
Header: 
Note: 

Init E (V) = 0.1
Final E (V) = -0.5
Incr E (V) = 0.001
Amplitude (V) = 0.025
Frequency (Hz) = 300
Quiet Time (sec) = 2
Sensitivity (A/V) = 1e-6
Sens 2 (A/V) = 1e-6

Potential/V, i1/A, i2/A

0.099, 1.8347998e-6, 1.1930107e-6
0.098, 2.2686067e-6, 1.3845678e-6
0.097, 2.2934914e-6, 1.3901747e-6
0.096, 2.2697611e-6, 1.3088255e-6
0.095, 2.2786662e-6, 1.3482550e-6
0.094, 2.2665124e-6, 1.4037300e-6
0.093, 2.2534518e-6, 1.3454351e-6
0.092, 2.2335307e-6, 1.4261246e-6
0.091, 2.2515883e-6, 1.3444787e-6
0.090, 2.2696950e-6, 1.3486342e-6
0.089, 2.2279735e-6, 1.2598477e-6
0.088, 2.2444478e-6, 1.3114145e-6
0.087, 2.1990320e-6, 1.3225789e-6
0.086, 2.2305460e-6, 1.4539281e-6
0.085, 2.2012086e-6, 1.3461113e-6
0.084, 2.1873896e-6, 1.3021303e-6
0.083, 2.2075246e-6, 1.2831493e-6
0.082, 2.1674521e-6, 1.2859363e-6
0.081, 2.1946948e-6, 1.2943960e-6
0.080, 2.1544904e-6, 1.2839409e-6
0.079, 2.1681446e-6, 1.3697424e-6
0.078, 2.1949259e-6, 1.3337760e-6
0.077, 2.1461294e-6, 1.2407020e-6
0.076, 2.1584810e-6, 1.2113813e-6
0.075, 2.1388901e-6, 1.2631790e-6
0.074, 2.1464593e-6, 1.2914443e-6
0.073, 2.1389064e-6, 1.3446599e-6
0.072, 2.1054138e-6, 1.2373049e-6
0.071, 2.1438209e-6, 1.2765695e-6
0.070, 2.1235537e-6, 1.2152402e-6
0.069, 2.1287810e-6, 1.2012561e-6
0.068, 2.1078049e-6, 1.2111670e-6
0.067, 2.1078545e-6, 1.3348974e-6
0.066, 2.1081512e-6, 1.3080340e-6
0.065, 2.0807929e-6, 1.2335120e-6
0.064, 2.1139724e-6, 1.1803456e-6
0.063, 2.0909843e-6, 1.1889539e-6
0.062, 2.1322937e-6, 1.2126017e-6
0.061, 2.0804632e-6, 1.1891352e-6
0.060, 2.0689031e-6, 1.2618102e-6
0.059, 2.0921716e-6, 1.2342047e-6
0.058, 2.0599650e-6, 1.2302962e-6
0.057, 2.0824421e-6, 1.1061040e-6
0.056, 2.0616637e-6, 1.1422519e-6
0.055, 2.0616801e-6, 1.1997884e-6
0.054, 2.0705027e-6, 1.2892840e-6
0.053, 2.0386756e-6, 1.1567803e-6
0.052, 2.0495099e-6, 1.1737329e-6
0.051, 2.0477455e-6, 1.1455666e-6
0.050, 2.0681775e-6, 1.1352433e-6
0.049, 2.0583489e-6, 1.1470672e-6
0.048, 2.0043251e-6, 1.1535810e-6
0.047, 2.0633952e-6, 1.2726117e-6
0.046, 2.0240648e-6, 1.1646794e-6
0.045, 2.0665118e-6, 1.1006126e-6
0.044, 1.9984873e-6, 1.0543724e-6
0.043, 2.0446946e-6, 1.1703028e-6
0.042, 2.0303476e-6, 1.1509096e-6
0.041, 2.0123728e-6, 1.1865297e-6
0.040, 2.0063535e-6, 1.1507118e-6
0.039, 1.9970857e-6, 1.1559227e-6
0.038, 2.0574585e-6, 1.0892670e-6
0.037, 2.0085138e-6, 1.0752498e-6
0.036, 2.0060402e-6, 1.1114636e-6
0.035, 2.0314030e-6, 1.1767341e-6
0.034, 1.9956344e-6, 1.1758273e-6
0.033, 2.0138898e-6, 1.0995077e-6
0.032, 1.9948429e-6, 1.0592372e-6
0.031, 2.0079367e-6, 1.0903225e-6
0.030, 2.0300672e-6, 1.1118264e-6
0.029, 1.9641866e-6, 1.0666250e-6
0.028, 1.9956178e-6, 1.1968200e-6
0.027, 1.9850472e-6, 1.1264208e-6
0.026, 2.0041766e-6, 1.1063514e-6
0.025, 1.9966074e-6, 1.0259918e-6
0.024, 2.0002849e-6, 1.0500188e-6
0.023, 2.0129662e-6, 1.1007116e-6
0.022, 1.9811225e-6, 1.1381952e-6
0.021, 1.9866304e-6, 1.1111832e-6
0.020, 1.9482729e-6, 1.0753487e-6
0.019, 1.9842887e-6, 1.0801971e-6
0.018, 1.9628012e-6, 1.0499529e-6
0.017, 1.9611853e-6, 1.0505960e-6
0.016, 1.9480090e-6, 1.0773441e-6
0.015, 1.9569470e-6, 1.1571431e-6
0.014, 1.9814029e-6, 1.0673177e-6
0.013, 1.9633126e-6, 1.0285644e-6
0.012, 1.9563040e-6, 1.0129311e-6
0.011, 1.9983720e-6, 1.0449397e-6
0.010, 1.9535335e-6, 1.0395307e-6
0.009, 1.9629331e-6, 1.1047354e-6
0.008, 1.9306935e-6, 1.0642175e-6
0.007, 1.9528738e-6, 1.0860513e-6
0.006, 1.9417755e-6, 1.0189337e-6
0.005, 1.9335303e-6, 9.6838937e-7
0.004, 1.9540116e-6, 1.0702695e-6
0.003, 1.9228937e-6, 1.0335775e-6
0.002, 1.9549186e-6, 1.1204841e-6
0.001, 1.9202880e-6, 1.0152562e-6
-0.000, 1.9529068e-6, 1.0571099e-6
-0.001, 1.9461454e-6, 9.9330691e-7
-0.002, 1.9459312e-6, 9.8882151e-7
-0.003, 1.9282859e-6, 1.0176475e-6
-0.004, 1.9264885e-6, 1.1053290e-6
-0.005, 1.9489160e-6, 1.0436534e-6
-0.006, 1.9313038e-6, 1.0329179e-6
-0.007, 1.9310564e-6, 9.6492636e-7
-0.008, 1.9401264e-6, 1.0189337e-6
-0.009, 1.9299682e-6, 1.0048670e-6
-0.010, 1.9213762e-6, 1.0144647e-6
-0.011, 1.9011752e-6, 1.0838414e-6
-0.012, 1.9180452e-6, 1.0342702e-6
-0.013, 1.9333158e-6, 1.0065327e-6
-0.014, 1.9087609e-6, 9.1693812e-7
-0.015, 1.9200902e-6, 1.0047846e-6
-0.016, 1.8897636e-6, 1.0009093e-6
-0.017, 1.9532201e-6, 1.0722156e-6
-0.018, 1.9041270e-6, 9.9624231e-7
-0.019, 1.8803473e-6, 1.0120406e-6
-0.020, 1.9366139e-6, 1.0098803e-6
-0.021, 1.9140873e-6, 9.7937232e-7
-0.022, 1.9195129e-6, 9.8497912e-7
-0.023, 1.8526428e-6, 1.0120241e-6
-0.024, 1.8891203e-6, 1.1023442e-6
-0.025, 1.8969040e-6, 1.0178948e-6
-0.026, 1.8929793e-6, 9.3921716e-7
-0.027, 1.9033849e-6, 9.4733065e-7
-0.028, 1.8815676e-6, 1.0054937e-6
-0.029, 1.9076397e-6, 9.9744625e-7
-0.030, 1.8939686e-6, 1.0601277e-6
-0.031, 1.8737015e-6, 9.8844225e-7
-0.032, 1.8939027e-6, 1.0534160e-6
-0.033, 1.8754165e-6, 9.4352123e-7
-0.034, 1.9023790e-6, 9.5077723e-7
-0.035, 1.8676330e-6, 9.7981751e-7
-0.036, 1.8922372e-6, 1.0906687e-6
-0.037, 1.8629330e-6, 1.0197582e-6
-0.038, 1.8624548e-6, 9.7571137e-7
-0.039, 1.8691171e-6, 9.9309261e-7
-0.040, 1.8613168e-6, 9.6946133e-7
-0.041, 1.8993776e-6, 9.9843567e-7
-0.042, 1.8594370e-6, 9.5521330e-7
-0.043, 1.8819965e-6, 1.0710942e-6
-0.044, 1.8886915e-6, 1.0394318e-6
-0.045, 1.8737344e-6, 9.7142367e-7
-0.046, 1.8714256e-6, 9.0217884e-7
-0.047, 1.8577219e-6, 9.8364330e-7
-0.048, 1.8644831e-6, 1.0090722e-6
-0.049, 1.8705352e-6, 1.0607708e-6
-0.050, 1.8410332e-6, 9.5943494e-7
-0.051, 1.8574085e-6, 1.0125683e-6
-0.052, 1.8458979e-6, 9.7363352e-7
-0.053, 1.8857397e-6, 9.5306950e-7
-0.054, 1.8389389e-6, 9.3913468e-7
-0.055, 1.8541434e-6, 1.0135248e-6
-0.056, 1.8712113e-6, 1.0807577e-6
-0.057, 1.8559408e-6, 9.9055308e-7
-0.058, 1.8455517e-6, 9.4840254e-7
-0.059, 1.8319303e-6, 9.4973831e-7
-0.060, 1.8709970e-6, 1.0258927e-6
-0.061, 1.8380647e-6, 9.7811892e-7
-0.062, 1.8473327e-6, 1.0569779e-6
-0.063, 1.8384276e-6, 1.0141184e-6
-0.064, 1.8368773e-6, 1.0251013e-6
-0.065, 1.8555780e-6, 9.5537814e-7
-0.066, 1.8278240e-6, 9.5422376e-7
-0.067, 1.8478274e-6, 9.9639078e-7
-0.068, 1.8567655e-6, 1.1125849e-6
-0.069, 1.8196777e-6, 1.0353915e-6
-0.070, 1.8232561e-6, 1.0165095e-6
-0.071, 1.8172370e-6, 9.7881161e-7
-0.072, 1.8598325e-6, 9.7849829e-7
-0.073, 1.8415114e-6, 9.9884801e-7
-0.074, 1.8295887e-6, 1.0126837e-6
-0.075, 1.8375042e-6, 1.0746562e-6
-0.076, 1.8098821e-6, 1.0408005e-6
-0.077, 1.8392852e-6, 1.0403883e-6
-0.078, 1.8069467e-6, 9.6960969e-7
-0.079, 1.8246083e-6, 1.0441811e-6
-0.080, 1.8317323e-6, 1.0269647e-6
-0.081, 1.8113664e-6, 1.0823738e-6
-0.082, 1.8194962e-6, 1.0177628e-6
-0.083, 1.8193313e-6, 1.0378651e-6
-0.084, 1.8451558e-6, 9.8032876e-7
-0.085, 1.8195785e-6, 9.7595876e-7
-0.086, 1.8221348e-6, 1.0148769e-6
-0.087, 1.8331507e-6, 1.1481391e-6
-0.088, 1.8089916e-6, 1.0670044e-6
-0.089, 1.8265378e-6, 1.0413777e-6
-0.090, 1.8049514e-6, 9.9810586e-7
-0.091, 1.8250041e-6, 1.0361666e-6
-0.092, 1.8225470e-6, 1.0691812e-6
-0.093, 1.8015705e-6, 1.0174331e-6
-0.094, 1.8171381e-6, 1.1543397e-6
-0.095, 1.8064189e-6, 1.0823903e-6
-0.096, 1.8348492e-6, 1.0639042e-6
-0.097, 1.8085958e-6, 9.7838290e-7
-0.098, 1.8137245e-6, 1.0639206e-6
-0.099, 1.8192159e-6, 1.1044550e-6
-0.100, 1.8047865e-6, 1.1511240e-6
-0.101, 1.8270159e-6, 1.0571760e-6
-0.102, 1.7907362e-6, 1.0739141e-6
-0.103, 1.8166104e-6, 1.0663117e-6
-0.104, 1.8180119e-6, 1.0681258e-6
-0.105, 1.8051326e-6, 1.0627498e-6
-0.106, 1.8107726e-6, 1.1522453e-6
-0.107, 1.7918576e-6, 1.1950225e-6
-0.108, 1.8140213e-6, 1.1267011e-6
-0.109, 1.8013562e-6, 1.0569614e-6
-0.110, 1.8082494e-6, 1.0818626e-6
-0.111, 1.8366961e-6, 1.1531688e-6
-0.112, 1.7917916e-6, 1.0835611e-6
-0.113, 1.8087278e-6, 1.1819122e-6
-0.114, 1.7886914e-6, 1.1486668e-6
-0.115, 1.8198425e-6, 1.1877336e-6
-0.116, 1.8193477e-6, 1.1049827e-6
-0.117, 1.7974314e-6, 1.0952366e-6
-0.118, 1.8130154e-6, 1.1456985e-6
-0.119, 1.7855416e-6, 1.2518828e-6
-0.120, 1.8015377e-6, 1.1855074e-6
-0.121, 1.7780715e-6, 1.1502170e-6
-0.122, 1.8039124e-6, 1.1475290e-6
-0.123, 1.8214091e-6, 1.1671531e-6
-0.124, 1.8107232e-6, 1.1617606e-6
-0.125, 1.7959968e-6, 1.1771630e-6
-0.126, 1.7907362e-6, 1.2828359e-6
-0.127, 1.8122732e-6, 1.2297027e-6
-0.128, 1.7955020e-6, 1.1650257e-6
-0.129, 1.7906043e-6, 1.0972320e-6
-0.130, 1.8140213e-6, 1.2211110e-6
-0.131, 1.7989321e-6, 1.2295213e-6
-0.132, 1.8081009e-6, 1.3333308e-6
-0.133, 1.7801326e-6, 1.2140364e-6
-0.134, 1.8001194e-6, 1.2693465e-6
-0.135, 1.8191004e-6, 1.2414441e-6
-0.136, 1.8057758e-6, 1.1999697e-6
-0.137, 1.8121249e-6, 1.2453525e-6
-0.138, 1.7899117e-6, 1.2588255e-6
-0.139, 1.8148622e-6, 1.3640038e-6
-0.140, 1.7965081e-6, 1.2959956e-6
-0.141, 1.8075403e-6, 1.2353920e-6
-0.142, 1.8091895e-6, 1.2860187e-6
-0.143, 1.7953702e-6, 1.3189178e-6
-0.144, 1.8012245e-6, 1.3018994e-6
-0.145, 1.7884604e-6, 1.3927144e-6
-0.146, 1.7982727e-6, 1.3426152e-6
-0.147, 1.8084145e-6, 1.3772624e-6
-0.148, 1.8134441e-6, 1.2772622e-6
-0.149, 1.8182923e-6, 1.3066654e-6
-0.150, 1.7952877e-6, 1.3515532e-6
-0.151, 1.8367621e-6, 1.4724967e-6
-0.152, 1.7950239e-6, 1.4204187e-6
-0.153, 1.7886914e-6, 1.3842380e-6
-0.154, 1.8170391e-6, 1.4219689e-6
-0.155, 1.8056110e-6, 1.3577537e-6
-0.156, 1.8366632e-6, 1.3912795e-6
-0.157, 1.7784505e-6, 1.3908179e-6
-0.158, 1.8071116e-6, 1.5389546e-6
-0.159, 1.8340741e-6, 1.4662468e-6
-0.160, 1.8148787e-6, 1.4259927e-6
-0.161, 1.8243445e-6, 1.3895481e-6
-0.162, 1.8033681e-6, 1.4524769e-6
-0.163, 1.8219533e-6, 1.4809566e-6
-0.164, 1.8108550e-6, 1.5565009e-6
-0.165, 1.8042422e-6, 1.5006960e-6
-0.166, 1.8202877e-6, 1.5674177e-6
-0.167, 1.8109374e-6, 1.4614150e-6
-0.168, 1.8314354e-6, 1.4518669e-6
-0.169, 1.8057924e-6, 1.5134599e-6
-0.170, 1.8206506e-6, 1.5791758e-6
-0.171, 1.8156373e-6, 1.6254819e-6
-0.172, 1.8070621e-6, 1.5510589e-6
-0.173, 1.8330186e-6, 1.5570286e-6
-0.174, 1.8113167e-6, 1.5147298e-6
-0.175, 1.8419237e-6, 1.6072431e-6
-0.176, 1.7992784e-6, 1.5805280e-6
-0.177, 1.8209143e-6, 1.7106240e-6
-0.178, 1.8312048e-6, 1.6599641e-6
-0.179, 1.8282528e-6, 1.6352940e-6
-0.180, 1.8348657e-6, 1.5212436e-6
-0.181, 1.8066498e-6, 1.6175828e-6
-0.182, 1.8356902e-6, 1.6964088e-6
-0.183, 1.8178636e-6, 1.7482889e-6
-0.184, 1.8093214e-6, 1.6784999e-6
-0.185, 1.8281539e-6, 1.7171542e-6
-0.186, 1.8120588e-6, 1.7026094e-6
-0.187, 1.8444962e-6, 1.6791430e-6
-0.188, 1.8219039e-6, 1.6897960e-6
-0.189, 1.8271314e-6, 1.7996908e-6
-0.190, 1.8338267e-6, 1.8893018e-6
-0.191, 1.8175174e-6, 1.7683417e-6
-0.192, 1.8436223e-6, 1.7254491e-6
-0.193, 1.8139719e-6, 1.7399611e-6
-0.194, 1.8490477e-6, 1.8291433e-6
-0.195, 1.8211947e-6, 1.8180451e-6
-0.196, 1.8232066e-6, 1.9004331e-6
-0.197, 1.8284836e-6, 1.8441169e-6
-0.198, 1.8254659e-6, 1.8906045e-6
-0.199, 1.8443808e-6, 1.8111518e-6
-0.200, 1.8157693e-6, 1.8008451e-6
-0.201, 1.8308749e-6, 1.8948263e-6
-0.202, 1.8341236e-6, 2.0353937e-6
-0.203, 1.8249547e-6, 1.9043250e-6
-0.204, 1.8318808e-6, 1.9223164e-6
-0.205, 1.8176987e-6, 1.9089919e-6
-0.206, 1.8481078e-6, 1.9192162e-6
-0.207, 1.8342225e-6, 1.9618283e-6
-0.208, 1.8178637e-6, 1.9426166e-6
-0.209, 1.8365477e-6, 2.1153246e-6
-0.210, 1.8245755e-6, 2.0177158e-6
-0.211, 1.8450899e-6, 1.9742295e-6
-0.212, 1.8118774e-6, 1.9000207e-6
-0.213, 1.8506967e-6, 2.0479104e-6
-0.214, 1.8378669e-6, 2.0924685e-6
-0.215, 1.8258781e-6, 2.1556448e-6
-0.216, 1.8210958e-6, 2.0577718e-6
-0.217, 1.8206999e-6, 2.0977291e-6
-0.218, 1.8567490e-6, 2.0552982e-6
-0.219, 1.8342555e-6, 2.0489988e-6
-0.220, 1.8227120e-6, 2.1082337e-6
-0.221, 1.8419237e-6, 2.2354109e-6
-0.222, 1.8251526e-6, 2.2417598e-6
-0.223, 1.8400108e-6, 2.1612516e-6
-0.224, 1.8183418e-6, 2.1048695e-6
-0.225, 1.8396480e-6, 2.1613175e-6
-0.226, 1.8495095e-6, 2.2272477e-6
-0.227, 1.8163300e-6, 2.1611363e-6
-0.228, 1.8394995e-6, 2.3385937e-6
-0.229, 1.8202878e-6, 2.2707670e-6
-0.230, 1.8598492e-6, 2.2630988e-6
-0.231, 1.8281376e-6, 2.1656710e-6
-0.232, 1.8430121e-6, 2.2152919e-6
-0.233, 1.8498558e-6, 2.3154735e-6
-0.234, 1.8247073e-6, 2.4187061e-6
-0.235, 1.8442654e-6, 2.3221194e-6
-0.236, 1.8138564e-6, 2.3085145e-6
-0.237, 1.8438366e-6, 2.2956847e-6
-0.238, 1.8434409e-6, 2.2967236e-6
-0.239, 1.8391202e-6, 2.2995268e-6
-0.240, 1.8278899e-6, 2.4241974e-6
-0.241, 1.8248888e-6, 2.4724659e-6
-0.242, 1.8376197e-6, 2.3955859e-6
-0.243, 1.8283847e-6, 2.3631319e-6
-0.244, 1.8400767e-6, 2.3366313e-6
-0.245, 1.8610860e-6, 2.4511598e-6
-0.246, 1.8157034e-6, 2.4047713e-6
-0.247, 1.8456669e-6, 2.5065196e-6
-0.248, 1.8095523e-6, 2.4332014e-6
-0.249, 1.8454857e-6, 2.4963117e-6
-0.250, 1.8300998e-6, 2.3730925e-6
-0.251, 1.8237013e-6, 2.3697116e-6
-0.252, 1.8387244e-6, 2.4516382e-6
-0.253, 1.8122073e-6, 2.6340099e-6
-0.254, 1.8344040e-6, 2.5230597e-6
-0.255, 1.8105746e-6, 2.4742469e-6
-0.256, 1.8263069e-6, 2.4454375e-6
-0.257, 1.8326888e-6, 2.5099662e-6
-0.258, 1.8259606e-6, 2.5084819e-6
-0.259, 1.8131307e-6, 2.5017207e-6
-0.260, 1.8063530e-6, 2.6515561e-6
-0.261, 1.8207495e-6, 2.5832842e-6
-0.262, 1.8175173e-6, 2.5295406e-6
-0.263, 1.8021974e-6, 2.4589272e-6
-0.264, 1.8229263e-6, 2.5741319e-6
-0.265, 1.7874381e-6, 2.5903753e-6
-0.266, 1.8124216e-6, 2.6788152e-6
-0.267, 1.7828372e-6, 2.5481918e-6
-0.268, 1.8068313e-6, 2.6029907e-6
-0.269, 1.8117786e-6, 2.5927829e-6
-0.270, 1.7955185e-6, 2.5715262e-6
-0.271, 1.7905384e-6, 2.5831853e-6
-0.272, 1.7759111e-6, 2.7421238e-6
-0.273, 1.8044896e-6, 2.7027932e-6
-0.274, 1.7659671e-6, 2.6451742e-6
-0.275, 1.7810066e-6, 2.5360216e-6
-0.276, 1.7759934e-6, 2.6218891e-6
-0.277, 1.7715245e-6, 2.6550688e-6
-0.278, 1.7642520e-6, 2.6619782e-6
-0.279, 1.7414288e-6, 2.7457022e-6
-0.280, 1.7613991e-6, 2.6650951e-6
-0.281, 1.7657527e-6, 2.7318497e-6
-0.282, 1.7388727e-6, 2.5438383e-6
-0.283, 1.7587441e-6, 2.6457515e-6
-0.284, 1.7268344e-6, 2.6858240e-6
-0.285, 1.7528239e-6, 2.8301349e-6
-0.286, 1.7227776e-6, 2.6950424e-6
-0.287, 1.7175005e-6, 2.6534690e-6
-0.288, 1.7313034e-6, 2.6827238e-6
-0.289, 1.7097169e-6, 2.6645014e-6
-0.290, 1.7240804e-6, 2.6847026e-6
-0.291, 1.6834965e-6, 2.7953890e-6
-0.292, 1.6948587e-6, 2.7804317e-6
-0.293, 1.6990969e-6, 2.7659034e-6
-0.294, 1.6934240e-6, 2.6259131e-6
-0.295, 1.6972499e-6, 2.6646003e-6
-0.296, 1.6818805e-6, 2.7451742e-6
-0.297, 1.6819629e-6, 2.7488022e-6
-0.298, 1.6763890e-6, 2.8014083e-6
-0.299, 1.6677478e-6, 2.7206693e-6
-0.300, 1.6789451e-6, 2.7507319e-6
-0.301, 1.6469036e-6, 2.6622256e-6
-0.302, 1.6779392e-6, 2.7065530e-6
-0.303, 1.6287306e-6, 2.7089607e-6
-0.304, 1.6453864e-6, 2.9087300e-6
-0.305, 1.6457326e-6, 2.7581527e-6
-0.306, 1.6306930e-6, 2.7076908e-6
-0.307, 1.6365802e-6, 2.7178326e-6
-0.308, 1.6135755e-6, 2.7632154e-6
-0.309, 1.6294232e-6, 2.7670080e-6
-0.310, 1.6064845e-6, 2.8733079e-6
-0.311, 1.6197266e-6, 2.8041786e-6
-0.312, 1.6113493e-6, 2.8294587e-6
-0.313, 1.6082985e-6, 2.7078559e-6
-0.314, 1.6087272e-6, 2.6715925e-6
-0.315, 1.5914120e-6, 2.7594226e-6
-0.316, 1.5918737e-6, 2.8516060e-6
-0.317, 1.5855412e-6, 2.8827076e-6
-0.318, 1.5709962e-6, 2.7574106e-6
-0.319, 1.5832489e-6, 2.7907715e-6
-0.320, 1.5708314e-6, 2.7137098e-6
-0.321, 1.5857721e-6, 2.7956032e-6
-0.322, 1.5486019e-6, 2.7470048e-6
-0.323, 1.5631961e-6, 2.8952240e-6
-0.324, 1.5517352e-6, 2.8466093e-6
-0.325, 1.5543405e-6, 2.7755671e-6
-0.326, 1.5478432e-6, 2.6824434e-6
-0.327, 1.5350463e-6, 2.7505998e-6
-0.328, 1.5568637e-6, 2.8531890e-6
-0.329, 1.5318636e-6, 2.9109069e-6
-0.330, 1.5169064e-6, 2.8036013e-6
-0.331, 1.5290273e-6, 2.8711972e-6
-0.332, 1.5252343e-6, 2.7725491e-6
-0.333, 1.5320616e-6, 2.7618466e-6
-0.334, 1.5149441e-6, 2.7822623e-6
-0.335, 1.5130312e-6, 2.8157058e-6
-0.336, 1.5222660e-6, 2.9761775e-6
-0.337, 1.4982389e-6, 2.8145841e-6
-0.338, 1.5021143e-6, 2.7763419e-6
-0.339, 1.4945614e-6, 2.7852802e-6
-0.340, 1.5228596e-6, 2.8545578e-6
-0.341, 1.4925989e-6, 2.8117975e-6
-0.342, 1.5007950e-6, 2.8906068e-6
-0.343, 1.4971999e-6, 2.8606100e-6
-0.344, 1.4776089e-6, 2.8456529e-6
-0.345, 1.5158181e-6, 2.7517212e-6
-0.346, 1.4723978e-6, 2.7532549e-6
-0.347, 1.4823088e-6, 2.8435422e-6
-0.348, 1.4848648e-6, 2.9912007e-6
-0.349, 1.4736841e-6, 2.8524471e-6
-0.350, 1.4720515e-6, 2.8329714e-6
-0.351, 1.4606893e-6, 2.7985552e-6
-0.352, 1.4845020e-6, 2.7918929e-6
-0.353, 1.4741292e-6, 2.8223512e-6
-0.354, 1.4422857e-6, 2.8369293e-6
-0.355, 1.4697592e-6, 2.9698947e-6
-0.356, 1.4531201e-6, 2.8574602e-6
-0.357, 1.4757619e-6, 2.8142708e-6
-0.358, 1.4348318e-6, 2.7125391e-6
-0.359, 1.4548352e-6, 2.8578891e-6
-0.360, 1.4483707e-6, 2.8487862e-6
-0.361, 1.4439346e-6, 2.8905408e-6
-0.362, 1.4387400e-6, 2.8354120e-6
-0.363, 1.4390864e-6, 2.8570316e-6
-0.364, 1.4614478e-6, 2.7632318e-6
-0.365, 1.4343865e-6, 2.7279909e-6
-0.366, 1.4390369e-6, 2.7885287e-6
-0.367, 1.4420547e-6, 2.9365831e-6
-0.368, 1.4264710e-6, 2.8341096e-6
-0.369, 1.4459961e-6, 2.7839114e-6
-0.370, 1.4080838e-6, 2.7215597e-6
-0.371, 1.4292084e-6, 2.7182286e-6
-0.372, 1.4365469e-6, 2.8049701e-6
-0.373, 1.4158014e-6, 2.7306128e-6
-0.374, 1.4241457e-6, 2.9196142e-6
-0.375, 1.4122559e-6, 2.8104780e-6
-0.376, 1.4371406e-6, 2.7711144e-6
-0.377, 1.4094524e-6, 2.6432283e-6
-0.378, 1.4340237e-6, 2.7483243e-6
-0.379, 1.4107056e-6, 2.8165632e-6
-0.380, 1.3987828e-6, 2.8436245e-6
-0.381, 1.4187037e-6, 2.7030237e-6
-0.382, 1.3860354e-6, 2.7465596e-6
-0.383, 1.4188026e-6, 2.7120445e-6
-0.384, 1.4068305e-6, 2.6953558e-6
-0.385, 1.3957815e-6, 2.6669090e-6
-0.386, 1.4058080e-6, 2.7988026e-6
-0.387, 1.3840565e-6, 2.7980273e-6
-0.388, 1.4005309e-6, 2.6923215e-6
-0.389, 1.3846667e-6, 2.5813383e-6
-0.390, 1.3830175e-6, 2.6228126e-6
-0.391, 1.4036477e-6, 2.7125391e-6
-0.392, 1.3817807e-6, 2.6507812e-6
-0.393, 1.3987335e-6, 2.7280901e-6
-0.394, 1.3720514e-6, 2.6453886e-6
-0.395, 1.4095184e-6, 2.6670739e-6
-0.396, 1.3772130e-6, 2.5508468e-6
-0.397, 1.3802472e-6, 2.5390232e-6
-0.398, 1.3884267e-6, 2.6273146e-6
-0.399, 1.3700887e-6, 2.7099006e-6
-0.400, 1.3867775e-6, 2.5772322e-6
-0.401, 1.3739146e-6, 2.5446957e-6
-0.402, 1.3789938e-6, 2.4832511e-6
-0.403, 1.3857220e-6, 2.5467898e-6
-0.404, 1.3877176e-6, 2.5021991e-6
-0.405, 1.3811047e-6, 2.6002367e-6
-0.406, 1.3641192e-6, 2.5419415e-6
-0.407, 1.3897953e-6, 2.5213612e-6
-0.408, 1.3766521e-6, 2.4350320e-6
-0.409, 1.3727108e-6, 2.3631485e-6
-0.410, 1.3889048e-6, 2.4821793e-6
-0.411, 1.3616785e-6, 2.4388082e-6
-0.412, 1.3806924e-6, 2.5206853e-6
-0.413, 1.3543236e-6, 2.3929806e-6
-0.414, 1.3740466e-6, 2.3964271e-6
-0.415, 1.3718534e-6, 2.3051998e-6
-0.416, 1.3635749e-6, 2.3258790e-6
-0.417, 1.3603427e-6, 2.3302491e-6
-0.418, 1.3472657e-6, 2.4326903e-6
-0.419, 1.3807089e-6, 2.3288312e-6
-0.420, 1.3591225e-6, 2.2964598e-6
-0.421, 1.3552967e-6, 2.2150941e-6
-0.422, 1.3679121e-6, 2.2809254e-6
-0.423, 1.3530044e-6, 2.2660010e-6
-0.424, 1.3643171e-6, 2.3164794e-6
-0.425, 1.3320446e-6, 2.2381812e-6
-0.426, 1.3527900e-6, 2.2398467e-6
-0.427, 1.3657024e-6, 2.1612186e-6
-0.428, 1.3500855e-6, 2.0778082e-6
-0.429, 1.3649932e-6, 2.1482733e-6
-0.430, 1.3310881e-6, 2.2242464e-6
-0.431, 1.3705341e-6, 2.1736857e-6
-0.432, 1.3322259e-6, 2.0819639e-6
-0.433, 1.3487497e-6, 2.0276595e-6
-0.434, 1.3555109e-6, 2.0559744e-6
-0.435, 1.3463915e-6, 2.0370924e-6
-0.436, 1.3466389e-6, 1.9965248e-6
-0.437, 1.3261244e-6, 2.0808259e-6
-0.438, 1.3486343e-6, 2.0317000e-6
-0.439, 1.3439014e-6, 1.9638896e-6
-0.440, 1.3369093e-6, 1.8600306e-6
-0.441, 1.3439014e-6, 1.9558752e-6
-0.442, 1.3266025e-6, 1.9379991e-6
-0.443, 1.3496898e-6, 1.9963929e-6
-0.444, 1.3244423e-6, 1.8663630e-6
-0.445, 1.3444622e-6, 1.8658353e-6
-0.446, 1.3429944e-6, 1.8437212e-6
-0.447, 1.3312365e-6, 1.8301988e-6
-0.448, 1.3362003e-6, 1.7573917e-6
-0.449, 1.3169720e-6, 1.8892687e-6
-0.450, 1.3379483e-6, 1.8234869e-6
-0.451, 1.3278889e-6, 1.7873061e-6
-0.452, 1.3223315e-6, 1.6794563e-6
-0.453, 1.3340399e-6, 1.7256472e-6
-0.454, 1.3132285e-6, 1.7347335e-6
-0.455, 1.3487168e-6, 1.7921379e-6
-0.456, 1.3044720e-6, 1.7047367e-6
-0.457, 1.3254154e-6, 1.6652083e-6
-0.458, 1.3372227e-6, 1.6490143e-6
-0.459, 1.3162794e-6, 1.6045551e-6
-0.460, 1.3276085e-6, 1.6058085e-6
-0.461, 1.2958308e-6, 1.6503005e-6
-0.462, 1.3237498e-6, 1.6879492e-6
-0.463, 1.3078691e-6, 1.5992285e-6
-0.464, 1.3129813e-6, 1.5002178e-6
-0.465, 1.3165267e-6, 1.5257291e-6
-0.466, 1.2972489e-6, 1.5604751e-6
-0.467, 1.3176647e-6, 1.4909830e-6
-0.468, 1.2878327e-6, 1.5752839e-6
-0.469, 1.3111343e-6, 1.5256137e-6
-0.470, 1.3167906e-6, 1.4962435e-6
-0.471, 1.3013552e-6, 1.3927472e-6
-0.472, 1.3231561e-6, 1.4508443e-6
-0.473, 1.2913122e-6, 1.4497558e-6
-0.474, 1.3163783e-6, 1.5367449e-6
-0.475, 1.3004318e-6, 1.4378660e-6
-0.476, 1.3035320e-6, 1.4007287e-6
-0.477, 1.3061705e-6, 1.3558738e-6
-0.478, 1.2953360e-6, 1.4144161e-6
-0.479, 1.3065828e-6, 1.3748712e-6
-0.480, 1.2811374e-6, 1.4312038e-6
-0.481, 1.2998545e-6, 1.3789938e-6
-0.482, 1.3059231e-6, 1.3952373e-6
-0.483, 1.2909495e-6, 1.3047194e-6
-0.484, 1.2929119e-6, 1.2844026e-6
-0.485, 1.2816652e-6, 1.3365960e-6
-0.486, 1.3142676e-6, 1.4356068e-6
-0.487, 1.2845841e-6, 1.3469852e-6
-0.488, 1.2870412e-6, 1.3209958e-6
-0.489, 1.2930274e-6, 1.2996567e-6
-0.490, 1.2787793e-6, 1.2693135e-6
-0.491, 1.2991619e-6, 1.2814837e-6
-0.492, 1.2665926e-6, 1.2821434e-6
-0.493, 1.2986837e-6, 1.3738322e-6
-0.494, 1.2856725e-6, 1.3252175e-6
-0.495, 1.2897623e-6, 1.2560384e-6
-0.496, 1.2994423e-6, 1.2445444e-6
-0.497, 1.2766025e-6, 1.2998050e-6
-0.498, 1.2993268e-6, 1.2382778e-6
-0.499, 1.2737000e-6, 1.3212596e-6
-0.500, 1.2754317e-6, 1.2446599e-6
